A005408,add x_0_1 2,(x_0_1 add 2),"1, 3, 5, 7, 9, 11, 13, 15, 17, 19, 21, 23, 25, 27, 29, 31, 33, 35, 37, 39, 41, 43, 45, 47, 49, 51, 53, 55, 57, 59, 61, 63, 65, 67, 69, 71, 73, 75, 77, 79, 81, 83, 85, 87, 89, 91, 93, 95, 97, 99, 101, 103, 105, 107, 109, 111, 113, 115, 117, 119, 121, 123, 125, 127, 129, 131"
A307802,idiv x_0_6 n,(x_0_6 idiv n),"3, 0, 0, 0, 0, 0, 0, 0, 0, 0, 0, 0, 0, 0, 0, 0, 0, 0, 0, 0"
A072540,add add add INT+ 1 0 n idiv INT- 6 n n,(((10 add n) add (-6 idiv n)) add n),"6, 11, 14, 16, 18, 21"
A020739,add x_0_1 sub x_0_1 x_0_2,(x_0_1 add (x_0_1 sub x_0_2)),"6, 8, 10, 12, 14, 16, 18, 20, 22, 24, 26, 28, 30, 32, 34, 36, 38, 40, 42, 44, 46, 48, 50, 52, 54, 56, 58, 60, 62, 64, 66, 68, 70, 72, 74, 76, 78, 80, 82, 84, 86, 88, 90, 92, 94, 96, 98, 100, 102, 104, 106, 108, 110, 112, 114, 116, 118, 120, 122, 124, 126, 128, 130, 132, 134, 136, 138"
A003951,sub mul x_0_1 INT+ 8 INT- x_0_2,((x_0_1 mul 8) sub 0),"1, 9, 72, 576, 4608, 36864, 294912, 2359296, 18874368, 150994944, 1207959552, 9663676416, 77309411328, 618475290624, 4947802324992, 39582418599936, 316659348799488, 2533274790395904, 20266198323167232, 162129586585337856, 1297036692682702848"
A255344,idiv mul sqr sqr sqr sqr sqr n n n,(((((((n)**2)**2)**2)**2)**2 mul n) idiv n),"1, 4294967296"
A174927,abs x_0_6,abs(x_0_6),"1, 64, 1, 64, 1, 64, 1, 64, 1, 64, 1, 64, 1, 64, 1, 64, 1, 64, 1, 64, 1, 64, 1, 64, 1, 64, 1, 64, 1, 64, 1, 64, 1, 64, 1, 64, 1, 64, 1, 64, 1, 64, 1, 64, 1, 64, 1, 64, 1, 64, 1, 64, 1, 64, 1, 64, 1, 64, 1, 64, 1, 64, 1, 64, 1, 64, 1, 64, 1, 64, 1, 64, 1, 64, 1, 64, 1, 64, 1, 64, 1, 64, 1, 64"
A023455,add x_0_1 sign relu x_0_6,(x_0_1 add sign(relu(x_0_6))),"-13, -12, -11, -10, -9, -8, -7, -6, -5, -4, -3, -2, -1, 0, 1, 2, 3, 4, 5, 6, 7, 8, 9, 10, 11, 12, 13, 14, 15, 16, 17, 18, 19, 20, 21, 22, 23, 24, 25, 26, 27, 28, 29, 30, 31, 32, 33, 34, 35, 36, 37, 38, 39, 40, 41, 42, 43, 44, 45, 46, 47"
A023461,add INT- 1 0 add INT- 1 0 n,(-10 add (-10 add n)),"-19, -18, -17, -16, -15, -14, -13, -12, -11, -10, -9, -8, -7, -6, -5, -4, -3, -2, -1, 0, 1, 2, 3, 4, 5, 6, 7, 8, 9, 10, 11, 12, 13, 14, 15, 16, 17, 18, 19, 20, 21, 22, 23, 24, 25, 26, 27, 28, 29, 30, 31, 32, 33, 34, 35, 36, 37, 38, 39, 40, 41"
A144396,add x_0_1 2,(x_0_1 add 2),"3, 5, 7, 9, 11, 13, 15, 17, 19, 21, 23, 25, 27, 29, 31, 33, 35, 37, 39, 41, 43, 45, 47, 49, 51, 53, 55, 57, 59, 61, 63, 65, 67, 69, 71, 73, 75, 77, 79, 81, 83, 85, 87, 89, 91, 93, 95, 97, 99, 101, 103, 105, 107, 109, 111, 113, 115, 117, 119, 121, 123, 125, 127, 129, 131, 133"
A069129,sub sign n mul INT- 8 sub sqr n n,(sign(n) sub (-8 mul ((n)**2 sub n))),"1, 17, 49, 97, 161, 241, 337, 449, 577, 721, 881, 1057, 1249, 1457, 1681, 1921, 2177, 2449, 2737, 3041, 3361, 3697, 4049, 4417, 4801, 5201, 5617, 6049, 6497, 6961, 7441, 7937, 8449, 8977, 9521, 10081, 10657, 11249, 11857, 12481, 13121, 13777, 14449"
A018492,mul x_0_2 sub INT+ 9 INT- 4,(x_0_2 mul (9 sub -4)),"1, 3, 13, 39, 169, 507"
A017293,add x_0_1 INT+ 1 0,(x_0_1 add 10),"2, 12, 22, 32, 42, 52, 62, 72, 82, 92, 102, 112, 122, 132, 142, 152, 162, 172, 182, 192, 202, 212, 222, 232, 242, 252, 262, 272, 282, 292, 302, 312, 322, 332, 342, 352, 362, 372, 382, 392, 402, 412, 422, 432, 442, 452, 462, 472, 482, 492, 502, 512, 522, 532"
A009056,add n 2,(n add 2),"3, 4, 5, 6, 7, 8, 9, 10, 11, 12, 13, 14, 15, 16, 17, 18, 19, 20, 21, 22, 23, 24, 25, 26, 27, 28, 29, 30, 31, 32, 33, 34, 35, 36, 37, 38, 39, 40, 41, 42, 43, 44, 45, 46, 47, 48, 49, 50, 51, 52, 53, 54, 55, 56, 57, 58, 59, 60, 61, 62, 63, 64, 65, 66, 67, 68, 69, 70, 71, 72, 73, 74, 75, 76, 77"
A144129,sub mul n sqr sub add n n INT+ 3 sign n,((n mul (((n add n) sub 3))**2) sub sign(n)),"0, 1, 26, 99, 244, 485, 846, 1351, 2024, 2889, 3970, 5291, 6876, 8749, 10934, 13455, 16336, 19601, 23274, 27379, 31940, 36981, 42526, 48599, 55224, 62425, 70226, 78651, 87724, 97469, 107910, 119071, 130976, 143649, 157114, 171395, 186516"
A172044,add x_0_1 sub x_0_1 add INT- 1 0 x_0_2,(x_0_1 add (x_0_1 sub (-10 add x_0_2))),"1, 17, 43, 79, 125, 181, 247, 323, 409, 505, 611, 727, 853, 989, 1135, 1291, 1457, 1633, 1819, 2015, 2221, 2437, 2663, 2899, 3145, 3401, 3667, 3943, 4229, 4525, 4831, 5147, 5473, 5809, 6155, 6511, 6877, 7253, 7639, 8035, 8441, 8857, 9283, 9719, 10165"
A003950,mul x_0_1 sub INT+ 8 sign x_0_2,(x_0_1 mul (8 sub sign(x_0_2))),"1, 8, 56, 392, 2744, 19208, 134456, 941192, 6588344, 46118408, 322828856, 2259801992, 15818613944, 110730297608, 775112083256, 5425784582792, 37980492079544, 265863444556808, 1861044111897656, 13027308783283592, 91191161482985144, 638338130380896008"
A255843,add x_0_1 sub x_0_1 sub x_0_2 INT+ 4,(x_0_1 add (x_0_1 sub (x_0_2 sub 4))),"4, 6, 12, 22, 36, 54, 76, 102, 132, 166, 204, 246, 292, 342, 396, 454, 516, 582, 652, 726, 804, 886, 972, 1062, 1156, 1254, 1356, 1462, 1572, 1686, 1804, 1926, 2052, 2182, 2316, 2454, 2596, 2742, 2892, 3046, 3204, 3366, 3532, 3702, 3876, 4054, 4236, 4422"
A168437,sub x_0_2 INT- 1 0,(x_0_2 sub -10),"3, 13, 13, 23, 23, 33, 33, 43, 43, 53, 53, 63, 63, 73, 73, 83, 83, 93, 93, 103, 103, 113, 113, 123, 123, 133, 133, 143, 143, 153, 153, 163, 163, 173, 173, 183, 183, 193, 193, 203, 203, 213, 213, 223, 223, 233, 233, 243, 243, 253, 253, 263, 263, 273, 273, 283"
A153881,sign sub x_0_6 n,sign((x_0_6 sub n)),"1, -1, -1, -1, -1, -1, -1, -1, -1, -1, -1, -1, -1, -1, -1, -1, -1, -1, -1, -1, -1, -1, -1, -1, -1, -1, -1, -1, -1, -1, -1, -1, -1, -1, -1, -1, -1, -1, -1, -1, -1, -1, -1, -1, -1, -1, -1, -1, -1, -1, -1, -1, -1, -1, -1, -1, -1, -1, -1, -1, -1, -1, -1, -1, -1, -1, -1, -1, -1, -1"
A001840,add n sub x_0_3 sign x_0_6,(n add (x_0_3 sub sign(x_0_6))),"0, 1, 2, 3, 5, 7, 9, 12, 15, 18, 22, 26, 30, 35, 40, 45, 51, 57, 63, 70, 77, 84, 92, 100, 108, 117, 126, 135, 145, 155, 165, 176, 187, 198, 210, 222, 234, 247, 260, 273, 287, 301, 315, 330, 345, 360, 376, 392, 408, 425, 442, 459, 477, 495, 513, 532, 551, 570, 590"
A033328,relu idiv INT+ 8 n,relu((8 idiv n)),"8, 4, 2, 2, 1, 1, 1, 1, 0, 0, 0, 0, 0, 0, 0, 0, 0, 0, 0, 0, 0, 0, 0, 0, 0, 0, 0, 0, 0, 0, 0, 0, 0, 0, 0, 0, 0, 0, 0, 0, 0, 0, 0, 0, 0, 0, 0, 0, 0, 0, 0, 0, 0, 0, 0, 0, 0, 0, 0, 0, 0, 0, 0, 0, 0, 0, 0, 0, 0, 0, 0, 0, 0, 0, 0, 0, 0, 0, 0, 0, 0, 0, 0, 0, 0, 0, 0, 0, 0, 0, 0, 0"
A033390,idiv mul INT- 1 0 INT- 7 n,((-10 mul -7) idiv n),"70, 35, 23, 17, 14, 11, 10, 8, 7, 7, 6, 5, 5, 5, 4, 4, 4, 3, 3, 3, 3, 3, 3, 2, 2, 2, 2, 2, 2, 2, 2, 2, 2, 2, 2, 1, 1, 1, 1, 1, 1, 1, 1, 1, 1, 1, 1, 1, 1, 1, 1, 1, 1, 1, 1, 1, 1, 1, 1, 1, 1, 1, 1, 1, 1, 1, 1, 1, 1, 1, 0, 0, 0, 0, 0, 0, 0, 0, 0, 0, 0, 0, 0, 0, 0, 0, 0, 0, 0, 0, 0, 0"
A044567,sub mul sqr INT+ 7 n sign n,(((7)**2 mul n) sub sign(n)),"48, 97, 146, 195, 244, 293, 342, 391, 440, 489, 538, 587, 636, 685, 734, 783, 832, 881, 930, 979, 1028, 1077, 1126, 1175, 1224, 1273, 1322, 1371, 1420, 1469, 1518, 1567, 1616, 1665, 1714, 1763, 1812, 1861, 1910, 1959, 2008, 2057, 2106, 2155, 2204, 2253, 2302"
A020705,add n INT+ 3,(n add 3),"4, 5, 6, 7, 8, 9, 10, 11, 12, 13, 14, 15, 16, 17, 18, 19, 20, 21, 22, 23, 24, 25, 26, 27, 28, 29, 30, 31, 32, 33, 34, 35, 36, 37, 38, 39, 40, 41, 42, 43, 44, 45, 46, 47, 48, 49, 50, 51, 52, 53, 54, 55, 56, 57, 58, 59, 60, 61, 62, 63, 64, 65, 66, 67, 68, 69, 70, 71, 72, 73, 74, 75, 76, 77, 78"
A228038,add x_0_1 add x_0_1 INT+ 2,(x_0_1 add (x_0_1 add 2)),"2, 6, 14, 30, 62"
A165754,sub x_0_6 INT- 6,(x_0_6 sub -6),"3, 0, 5, 2, 7, 4, 9, 6, 11, 8, 13, 10, 15, 12, 17, 14, 19, 16, 21, 18, 23, 20, 25, 22, 27, 24, 29, 26, 31, 28, 33, 30, 35, 32, 37, 34, 39, 36, 41, 38, 43, 40, 45, 42, 47, 44, 49, 46, 51, 48, 53, 50, 55, 52, 57, 54, 59, 56, 61, 58, 63, 60, 65, 62, 67, 64, 69, 66, 71, 68, 73, 70"
A031734,add n sqr mul n mul INT+ 7 INT+ 4,(n add ((n mul (7 mul 4)))**2),"785, 3138, 7059, 12548, 19605, 28230, 38423, 50184, 63513, 78410, 94875, 112908, 132509, 153678, 176415, 200720, 226593, 254034, 283043, 313620, 345765, 379478, 414759, 451608, 490025, 530010, 571563, 614684, 659373, 705630, 753455, 802848"
A017317,add x_0_1 INT+ 1 0,(x_0_1 add 10),"4, 14, 24, 34, 44, 54, 64, 74, 84, 94, 104, 114, 124, 134, 144, 154, 164, 174, 184, 194, 204, 214, 224, 234, 244, 254, 264, 274, 284, 294, 304, 314, 324, 334, 344, 354, 364, 374, 384, 394, 404, 414, 424, 434, 444, 454, 464, 474, 484, 494, 504, 514, 524, 534"
A045944,add x_0_1 sub x_0_1 add INT- 6 x_0_2,(x_0_1 add (x_0_1 sub (-6 add x_0_2))),"0, 5, 16, 33, 56, 85, 120, 161, 208, 261, 320, 385, 456, 533, 616, 705, 800, 901, 1008, 1121, 1240, 1365, 1496, 1633, 1776, 1925, 2080, 2241, 2408, 2581, 2760, 2945, 3136, 3333, 3536, 3745, 3960, 4181, 4408, 4641, 4880, 5125, 5376, 5633, 5896, 6165, 6440"
A317637,mul n sub add n sqr n INT+ 2,(n mul ((n add (n)**2) sub 2)),"0, 8, 30, 72, 140, 240, 378, 560, 792, 1080, 1430, 1848, 2340, 2912, 3570, 4320, 5168, 6120, 7182, 8360, 9660, 11088, 12650, 14352, 16200, 18200, 20358, 22680, 25172, 27840, 30690, 33728, 36960, 40392, 44030, 47880, 51948, 56240, 60762, 65520, 70520, 75768, 81270, 87032"
A081294,mul x_0_1 INT+ 4 sub x_0_2,(x_0_1 mul 4),"1, 2, 8, 32, 128, 512, 2048, 8192, 32768, 131072, 524288, 2097152, 8388608, 33554432, 134217728, 536870912, 2147483648, 8589934592, 34359738368, 137438953472, 549755813888, 2199023255552, 8796093022208, 35184372088832"
A020710,add n 4,(n add 4),"5, 6, 7, 8, 9, 10, 11, 12, 13, 14, 15, 16, 17, 18, 19, 20, 21, 22, 23, 24, 25, 26, 27, 28, 29, 30, 31, 32, 33, 34, 35, 36, 37, 38, 39, 40, 41, 42, 43, 44, 45, 46, 47, 48, 49, 50, 51, 52, 53, 54, 55, 56, 57, 58, 59, 60, 61, 62, 63, 64, 65, 66, 67, 68, 69, 70, 71, 72, 73, 74, 75, 76, 77, 78"
A066269,mul x_0_1 add INT+ 9 x_0_2,(x_0_1 mul (9 add x_0_2)),"2, 3, 33"
A033360,idiv mul INT- 1 0 INT- 4 n,((-10 mul -4) idiv n),"40, 20, 13, 10, 8, 6, 5, 5, 4, 4, 3, 3, 3, 2, 2, 2, 2, 2, 2, 2, 1, 1, 1, 1, 1, 1, 1, 1, 1, 1, 1, 1, 1, 1, 1, 1, 1, 1, 1, 1, 0, 0, 0, 0, 0, 0, 0, 0, 0, 0, 0, 0, 0, 0, 0, 0, 0, 0, 0, 0, 0, 0, 0, 0, 0, 0, 0, 0, 0, 0, 0, 0, 0, 0, 0, 0, 0, 0, 0, 0, 0, 0, 0, 0, 0, 0, 0, 0, 0, 0, 0, 0"
A063551,add INT+ 3 mod x_0_2 mul n x_0_6,(3 add (x_0_2 mod (n mul x_0_6))),"3, 7, 9, 10, 12, 13, 15"
A195315,add INT- 3 sqr sub mul n INT+ 4 INT+ 2,(-3 add (((n mul 4) sub 2))**2),"1, 33, 97, 193, 321, 481, 673, 897, 1153, 1441, 1761, 2113, 2497, 2913, 3361, 3841, 4353, 4897, 5473, 6081, 6721, 7393, 8097, 8833, 9601, 10401, 11233, 12097, 12993, 13921, 14881, 15873, 16897, 17953, 19041, 20161, 21313, 22497, 23713, 24961, 26241"
A022958,sub x_0_6 INT+ 6,(x_0_6 sub 6),"2, 1, 0, -1, -2, -3, -4, -5, -6, -7, -8, -9, -10, -11, -12, -13, -14, -15, -16, -17, -18, -19, -20, -21, -22, -23, -24, -25, -26, -27, -28, -29, -30, -31, -32, -33, -34, -35, -36, -37, -38, -39, -40, -41, -42, -43, -44, -45, -46, -47, -48, -49, -50, -51, -52, -53, -54, -55"
A062605,sub mul INT+ 7 x_0_2 INT+ 8,((7 mul x_0_2) sub 8),"3, 7, 13, 41"
A215137,add add x_0_1 INT+ 1 0 INT+ 7,((x_0_1 add 10) add 7),"1, 18, 35, 52, 69, 86, 103, 120, 137, 154, 171, 188, 205, 222, 239, 256, 273, 290, 307, 324, 341, 358, 375, 392, 409, 426, 443, 460, 477, 494, 511, 528, 545, 562, 579, 596, 613, 630, 647, 664, 681, 698, 715, 732, 749, 766, 783, 800, 817, 834, 851, 868, 885, 902, 919, 936, 953, 970"
A110823,idiv sqr sqr INT- 5 mul x_0_1 INT+ 1 0,(((-5)**2)**2 idiv (x_0_1 mul 10)),"1, 62, 1"
A033339,idiv sub INT+ 1 0 INT- 9 n,((10 sub -9) idiv n),"19, 9, 6, 4, 3, 3, 2, 2, 2, 1, 1, 1, 1, 1, 1, 1, 1, 1, 1, 0, 0, 0, 0, 0, 0, 0, 0, 0, 0, 0, 0, 0, 0, 0, 0, 0, 0, 0, 0, 0, 0, 0, 0, 0, 0, 0, 0, 0, 0, 0, 0, 0, 0, 0, 0, 0, 0, 0, 0, 0, 0, 0, 0, 0, 0, 0, 0, 0, 0, 0, 0, 0, 0, 0, 0, 0, 0, 0, 0, 0, 0, 0, 0, 0, 0, 0, 0, 0, 0, 0, 0, 0"
A023445,add INT- 4 n,(-4 add n),"-3, -2, -1, 0, 1, 2, 3, 4, 5, 6, 7, 8, 9, 10, 11, 12, 13, 14, 15, 16, 17, 18, 19, 20, 21, 22, 23, 24, 25, 26, 27, 28, 29, 30, 31, 32, 33, 34, 35, 36, 37, 38, 39, 40, 41, 42, 43, 44, 45, 46, 47, 48, 49, 50, 51, 52, 53, 54, 55"
A005843,add x_0_1 2,(x_0_1 add 2),"0, 2, 4, 6, 8, 10, 12, 14, 16, 18, 20, 22, 24, 26, 28, 30, 32, 34, 36, 38, 40, 42, 44, 46, 48, 50, 52, 54, 56, 58, 60, 62, 64, 66, 68, 70, 72, 74, 76, 78, 80, 82, 84, 86, 88, 90, 92, 94, 96, 98, 100, 102, 104, 106, 108, 110, 112, 114, 116, 118, 120"
A055272,mul x_0_1 sub INT+ 8 sign x_0_2,(x_0_1 mul (8 sub sign(x_0_2))),"1, 6, 42, 294, 2058, 14406, 100842, 705894, 4941258, 34588806, 242121642, 1694851494, 11863960458, 83047723206, 581334062442, 4069338437094, 28485369059658, 199397583417606, 1395783083923242, 9770481587462694"
A056865,idiv sqr sub n sign n INT+ 1 0,(((n sub sign(n)))**2 idiv 10),"0, 0, 0, 0, 1, 2, 3, 4, 6, 8, 10, 12, 14, 16, 19, 22, 25, 28, 32, 36, 40, 44, 48, 52, 57, 62, 67, 72, 78, 84, 90, 96, 102, 108, 115, 122, 129, 136, 144, 152, 160, 168, 176, 184, 193, 202, 211, 220, 230, 240, 250, 260, 270, 280, 291, 302, 313, 324"
A033392,idiv mul INT- 9 INT- 8 n,((-9 mul -8) idiv n),"72, 36, 24, 18, 14, 12, 10, 9, 8, 7, 6, 6, 5, 5, 4, 4, 4, 4, 3, 3, 3, 3, 3, 3, 2, 2, 2, 2, 2, 2, 2, 2, 2, 2, 2, 2, 1, 1, 1, 1, 1, 1, 1, 1, 1, 1, 1, 1, 1, 1, 1, 1, 1, 1, 1, 1, 1, 1, 1, 1, 1, 1, 1, 1, 1, 1, 1, 1, 1, 1, 1, 1, 0, 0, 0, 0, 0, 0, 0, 0, 0, 0, 0, 0, 0, 0, 0, 0, 0, 0, 0, 0"
A016789,add INT+ 6 x_0_2,(6 add x_0_2),"2, 5, 8, 11, 14, 17, 20, 23, 26, 29, 32, 35, 38, 41, 44, 47, 50, 53, 56, 59, 62, 65, 68, 71, 74, 77, 80, 83, 86, 89, 92, 95, 98, 101, 104, 107, 110, 113, 116, 119, 122, 125, 128, 131, 134, 137, 140, 143, 146, 149, 152, 155, 158, 161, 164, 167, 170, 173, 176, 179"
A130883,add x_0_1 sub x_0_1 sub x_0_2 INT+ 4,(x_0_1 add (x_0_1 sub (x_0_2 sub 4))),"1, 2, 7, 16, 29, 46, 67, 92, 121, 154, 191, 232, 277, 326, 379, 436, 497, 562, 631, 704, 781, 862, 947, 1036, 1129, 1226, 1327, 1432, 1541, 1654, 1771, 1892, 2017, 2146, 2279, 2416, 2557, 2702, 2851, 3004, 3161, 3322, 3487, 3656, 3829"
A022966,sub x_0_6 INT+ 6,(x_0_6 sub 6),"10, 9, 8, 7, 6, 5, 4, 3, 2, 1, 0, -1, -2, -3, -4, -5, -6, -7, -8, -9, -10, -11, -12, -13, -14, -15, -16, -17, -18, -19, -20, -21, -22, -23, -24, -25, -26, -27, -28, -29, -30, -31, -32, -33, -34, -35, -36, -37, -38, -39, -40, -41, -42, -43, -44, -45, -46, -47, -48, -49, -50"
A001107,add x_0_1 sub x_0_1 sub x_0_2 INT+ 8,(x_0_1 add (x_0_1 sub (x_0_2 sub 8))),"0, 1, 10, 27, 52, 85, 126, 175, 232, 297, 370, 451, 540, 637, 742, 855, 976, 1105, 1242, 1387, 1540, 1701, 1870, 2047, 2232, 2425, 2626, 2835, 3052, 3277, 3510, 3751, 4000, 4257, 4522, 4795, 5076, 5365, 5662, 5967, 6280, 6601, 6930, 7267, 7612, 7965, 8326"
A018353,mul x_0_2 INT+ 7,(x_0_2 mul 7),"1, 5, 7, 35, 49, 245"
A091882,mul x_0_1 sub sqr INT+ 4 sign x_0_2,(x_0_1 mul ((4)**2 sub sign(x_0_2))),"1, 5, 75, 1125, 16875, 253125, 3796875, 56953125, 854296875, 12814453125, 192216796875, 2883251953125, 43248779296875, 648731689453125, 9730975341796875, 145964630126953125, 2189469451904296875"
A087483,idiv add sqr n INT+ 4 INT+ 3,(((n)**2 add 4) idiv 3),"1, 2, 4, 6, 9, 13, 17, 22, 28, 34, 41, 49, 57, 66, 76, 86, 97, 109, 121, 134, 148, 162, 177, 193, 209, 226, 244, 262, 281, 301, 321, 342, 364, 386, 409, 433, 457, 482, 508, 534, 561, 589, 617, 646, 676, 706, 737, 769, 801, 834, 868, 902, 937, 973, 1009, 1046, 1084"
A269100,add x_0_1 add INT+ 1 0 INT+ 3,(x_0_1 add (10 add 3)),"11, 24, 37, 50, 63, 76, 89, 102, 115, 128, 141, 154, 167, 180, 193, 206, 219, 232, 245, 258, 271, 284, 297, 310, 323, 336, 349, 362, 375, 388, 401, 414, 427, 440, 453, 466, 479, 492, 505, 518, 531, 544, 557, 570, 583, 596, 609, 622, 635, 648, 661, 674, 687, 700, 713, 726, 739"
A350522,mod INT- 2 mul add n n INT+ 9,(-2 mod ((n add n) mul 9)),"16, 34, 52, 70, 88, 106, 124, 142, 160, 178, 196, 214, 232, 250, 268, 286, 304, 322, 340, 358, 376, 394, 412, 430, 448, 466, 484, 502, 520, 538, 556, 574, 592, 610, 628, 646, 664, 682, 700, 718, 736, 754, 772, 790, 808, 826, 844, 862, 880, 898, 916, 934, 952, 970"
A022972,sub sqr INT+ 4 sub n sign n,((4)**2 sub (n sub sign(n))),"16, 15, 14, 13, 12, 11, 10, 9, 8, 7, 6, 5, 4, 3, 2, 1, 0, -1, -2, -3, -4, -5, -6, -7, -8, -9, -10, -11, -12, -13, -14, -15, -16, -17, -18, -19, -20, -21, -22, -23, -24, -25, -26, -27, -28, -29, -30, -31, -32, -33, -34, -35, -36, -37, -38, -39, -40, -41, -42, -43, -44"
A022963,sub x_0_6 INT+ 6,(x_0_6 sub 6),"7, 6, 5, 4, 3, 2, 1, 0, -1, -2, -3, -4, -5, -6, -7, -8, -9, -10, -11, -12, -13, -14, -15, -16, -17, -18, -19, -20, -21, -22, -23, -24, -25, -26, -27, -28, -29, -30, -31, -32, -33, -34, -35, -36, -37, -38, -39, -40, -41, -42, -43, -44, -45, -46, -47, -48, -49, -50, -51, -52"
A154251,add x_0_1 sub x_0_1 INT- 7 x_0_2,(x_0_1 add (x_0_1 sub -7)),"1, 2, 11, 29, 65, 137, 281, 569, 1145, 2297, 4601, 9209, 18425, 36857, 73721, 147449, 294905, 589817, 1179641, 2359289, 4718585, 9437177, 18874361, 37748729, 75497465, 150994937, 301989881, 603979769, 1207959545, 2415919097"
A215409,add x_0_1 idiv sub x_0_1 n INT+ 8,(x_0_1 add ((x_0_1 sub n) idiv 8)),"3, 3, 3, 2, 1, 0"
A165442,sub mul x_0_1 INT+ 2 INT+ 2,((x_0_1 mul 2) sub 2),"20, 38, 74"
A018400,mul x_0_2 add INT+ 5 INT+ 8,(x_0_2 mul (5 add 8)),"1, 2, 13, 26, 169, 338"
A022977,sub sqr INT- 4 add n INT- 6,((-4)**2 sub (n add -6)),"21, 20, 19, 18, 17, 16, 15, 14, 13, 12, 11, 10, 9, 8, 7, 6, 5, 4, 3, 2, 1, 0, -1, -2, -3, -4, -5, -6, -7, -8, -9, -10, -11, -12, -13, -14, -15, -16, -17, -18, -19, -20, -21, -22, -23, -24, -25, -26, -27, -28, -29, -30, -31, -32, -33, -34, -35, -36, -37, -38, -39"
A168457,add INT+ 1 0 mul x_0_2 sign add n x_0_6,(10 add (x_0_2 mul sign((n add x_0_6)))),"2, 12, 12, 22, 22, 32, 32, 42, 42, 52, 52, 62, 62, 72, 72, 82, 82, 92, 92, 102, 102, 112, 112, 122, 122, 132, 132, 142, 142, 152, 152, 162, 162, 172, 172, 182, 182, 192, 192, 202, 202, 212, 212, 222, 222, 232, 232, 242, 242, 252, 252, 262, 262, 272, 272, 282"
A228818,add x_0_2 idiv INT+ 8 sqr x_0_3,(x_0_2 add (8 idiv (x_0_3)**2)),"8, 2, 6, 2"
A134297,add add x_0_1 sqr INT- 1 0 INT+ 7,((x_0_1 add (-10)**2) add 7),"0, 107, 214, 321, 428, 535, 642, 749, 856, 963, 1070, 1177, 1284, 1391, 1498, 1605, 1712, 1819, 1926, 2033, 2140, 2247, 2354, 2461, 2568, 2675, 2782, 2889, 2996, 3103, 3210, 3317, 3424, 3531, 3638, 3745, 3852, 3959, 4066, 4173, 4280, 4387, 4494, 4601, 4708"
A018529,mul x_0_2 add INT+ 9 INT+ 8,(x_0_2 mul (9 add 8)),"1, 2, 17, 34, 289, 578"
A018610,mul x_0_2 add INT+ 1 0 INT+ 9,(x_0_2 mul (10 add 9)),"1, 2, 19, 38, 361, 722"
A018351,mul x_0_2 add INT+ 9 INT+ 2,(x_0_2 mul (9 add 2)),"1, 2, 11, 22, 121, 242"
A270257,mul idiv sqr n INT+ 2 INT+ 6,(((n)**2 idiv 2) mul 6),"0, 12, 24, 48, 72, 108, 144, 192, 240, 300, 360, 432, 504, 588, 672, 768, 864, 972, 1080, 1200, 1320, 1452, 1584, 1728, 1872, 2028, 2184, 2352, 2520, 2700, 2880, 3072, 3264, 3468, 3672, 3888, 4104, 4332, 4560, 4800, 5040, 5292, 5544, 5808, 6072, 6348, 6624"
A031722,add n sqr mul n sub sqr INT- 4 INT- 6,(n add ((n mul ((-4)**2 sub -6)))**2),"485, 1938, 4359, 7748, 12105, 17430, 23723, 30984, 39213, 48410, 58575, 69708, 81809, 94878, 108915, 123920, 139893, 156834, 174743, 193620, 213465, 234278, 256059, 278808, 302525, 327210, 352863, 379484, 407073, 435630, 465155, 495648"
A244082,mul INT+ 8 sqr sub add n n INT+ 2,(8 mul (((n add n) sub 2))**2),"0, 32, 128, 288, 512, 800, 1152, 1568, 2048, 2592, 3200, 3872, 4608, 5408, 6272, 7200, 8192, 9248, 10368, 11552, 12800, 14112, 15488, 16928, 18432, 20000, 21632, 23328, 25088, 26912, 28800, 30752, 32768, 34848, 36992, 39200, 41472, 43808, 46208, 48672, 51200"
A172178,add sqr INT- 1 0 sub x_0_1 sign n,((-10)**2 add (x_0_1 sub sign(n))),"1, 100, 199, 298, 397, 496, 595, 694, 793, 892, 991, 1090, 1189, 1288, 1387, 1486, 1585, 1684, 1783, 1882, 1981, 2080, 2179, 2278, 2377, 2476, 2575, 2674, 2773, 2872, 2971, 3070, 3169, 3268, 3367, 3466, 3565, 3664, 3763, 3862, 3961, 4060, 4159, 4258"
A022991,sub sqr INT- 6 n,((-6)**2 sub n),"35, 34, 33, 32, 31, 30, 29, 28, 27, 26, 25, 24, 23, 22, 21, 20, 19, 18, 17, 16, 15, 14, 13, 12, 11, 10, 9, 8, 7, 6, 5, 4, 3, 2, 1, 0, -1, -2, -3, -4, -5, -6, -7, -8, -9, -10, -11, -12, -13, -14, -15, -16, -17, -18, -19, -20, -21, -22, -23, -24, -25"
A033587,mul add INT- 2 mul n INT+ 8 sub n sign n,((-2 add (n mul 8)) mul (n sub sign(n))),"0, 14, 44, 90, 152, 230, 324, 434, 560, 702, 860, 1034, 1224, 1430, 1652, 1890, 2144, 2414, 2700, 3002, 3320, 3654, 4004, 4370, 4752, 5150, 5564, 5994, 6440, 6902, 7380, 7874, 8384, 8910, 9452, 10010, 10584, 11174, 11780, 12402, 13040, 13694, 14364, 15050"
A215144,add x_0_1 sub x_0_1 x_0_2,(x_0_1 add (x_0_1 sub x_0_2)),"1, 20, 39, 58, 77, 96, 115, 134, 153, 172, 191, 210, 229, 248, 267, 286, 305, 324, 343, 362, 381, 400, 419, 438, 457, 476, 495, 514, 533, 552, 571, 590, 609, 628, 647, 666, 685, 704, 723, 742, 761, 780, 799, 818, 837, 856, 875, 894, 913, 932, 951, 970, 989"
A033357,idiv add sqr INT+ 8 INT+ 1 0 add n n,(((8)**2 add 10) idiv (n add n)),"37, 18, 12, 9, 7, 6, 5, 4, 4, 3, 3, 3, 2, 2, 2, 2, 2, 2, 1, 1, 1, 1, 1, 1, 1, 1, 1, 1, 1, 1, 1, 1, 1, 1, 1, 1, 1, 0, 0, 0, 0, 0, 0, 0, 0, 0, 0, 0, 0, 0, 0, 0, 0, 0, 0, 0, 0, 0, 0, 0, 0, 0, 0, 0, 0, 0, 0, 0, 0, 0, 0, 0, 0, 0, 0, 0, 0, 0, 0, 0, 0, 0, 0, 0, 0, 0, 0, 0, 0, 0, 0, 0"
A186355,add n idiv add sqr n n INT+ 6,(n add (((n)**2 add n) idiv 6)),"1, 3, 5, 7, 10, 13, 16, 20, 24, 28, 33, 38, 43, 49, 55, 61, 68, 75, 82, 90, 98, 106, 115, 124, 133, 143, 153, 163, 174, 185, 196, 208, 220, 232, 245, 258, 271, 285, 299, 313, 328, 343, 358, 374, 390, 406, 423, 440, 457, 475, 493, 511, 530, 549, 568, 588, 608, 628, 649, 670, 691, 713, 735, 757, 780, 803, 826, 850, 874, 898, 923, 948, 973, 999, 1025, 1051, 1078, 1105, 1132, 1160, 1188, 1216, 1245, 1274, 1303"
A178420,add x_0_1 add x_0_1 idiv n INT+ 2,(x_0_1 add (x_0_1 add (n idiv 2))),"0, 1, 3, 8, 18, 39, 81, 166, 336, 677, 1359, 2724, 5454, 10915, 21837, 43682, 87372, 174753, 349515, 699040, 1398090, 2796191, 5592393, 11184798, 22369608, 44739229, 89478471, 178956956, 357913926, 715827867, 1431655749, 2863311514"
A110287,mul x_0_1 INT+ 2,(x_0_1 mul 2),"17, 34, 68, 136, 272, 544, 1088, 2176, 4352, 8704, 17408, 34816, 69632, 139264, 278528, 557056, 1114112, 2228224, 4456448, 8912896, 17825792, 35651584, 71303168, 142606336, 285212672, 570425344, 1140850688, 2281701376, 4563402752, 9126805504, 18253611008"
A168410,add INT+ 1 0 add x_0_2 idiv INT- 2 n,(10 add (x_0_2 add (-2 idiv n))),"3, 12, 12, 21, 21, 30, 30, 39, 39, 48, 48, 57, 57, 66, 66, 75, 75, 84, 84, 93, 93, 102, 102, 111, 111, 120, 120, 129, 129, 138, 138, 147, 147, 156, 156, 165, 165, 174, 174, 183, 183, 192, 192, 201, 201, 210, 210, 219, 219, 228, 228, 237, 237, 246, 246, 255, 255"
A216517,mul x_0_1 INT+ 7,(x_0_1 mul 7),"6, 42, 294, 2058"
A175806,mul x_0_1 INT+ 2,(x_0_1 mul 2),"27, 54, 108, 216, 432, 864, 1728, 3456, 6912, 13824, 27648, 55296, 110592, 221184, 442368, 884736, 1769472, 3538944, 7077888, 14155776, 28311552, 56623104, 113246208, 226492416, 452984832, 905969664, 1811939328, 3623878656, 7247757312, 14495514624, 28991029248"
A061418,idiv mul x_0_1 INT+ 6 INT+ 4,((x_0_1 mul 6) idiv 4),"2, 3, 4, 6, 9, 13, 19, 28, 42, 63, 94, 141, 211, 316, 474, 711, 1066, 1599, 2398, 3597, 5395, 8092, 12138, 18207, 27310, 40965, 61447, 92170, 138255, 207382, 311073, 466609, 699913, 1049869, 1574803, 2362204, 3543306, 5314959, 7972438"
A285476,relu sub sign x_0_6 n,relu((sign(x_0_6) sub n)),"1, 10, 0, 0, 0, 0, 0, 0, 0, 0, 0, 0, 0, 0, 0, 0, 0, 0, 0, 0, 0, 0, 0, 0, 0, 0, 0, 0, 0, 0, 0, 0, 0, 0, 0, 0, 0, 0, 0, 0, 0, 0, 0, 0, 0, 0, 0, 0, 0, 0, 0, 0, 0, 0, 0, 0, 0, 0, 0, 0, 0, 0, 0, 0, 0, 0, 0, 0, 0, 0, 0, 0, 0, 0, 0, 0, 0, 0, 0, 0, 0, 0, 0, 0, 0, 0"
A000301,mul x_0_1 x_0_2 INT+ 8,(x_0_1 mul x_0_2),"1, 2, 2, 4, 8, 32, 256, 8192, 2097152, 17179869184, 36028797018963968, 618970019642690137449562112, 22300745198530623141535718272648361505980416, 13803492693581127574869511724554050904902217944340773110325048447598592"
A056109,add x_0_1 sub x_0_1 add INT- 6 x_0_2,(x_0_1 add (x_0_1 sub (-6 add x_0_2))),"1, 6, 17, 34, 57, 86, 121, 162, 209, 262, 321, 386, 457, 534, 617, 706, 801, 902, 1009, 1122, 1241, 1366, 1497, 1634, 1777, 1926, 2081, 2242, 2409, 2582, 2761, 2946, 3137, 3334, 3537, 3746, 3961, 4182, 4409, 4642, 4881, 5126, 5377, 5634, 5897, 6166, 6441"
A093328,sub add x_0_1 x_0_1 sub x_0_2 INT+ 4,((x_0_1 add x_0_1) sub (x_0_2 sub 4)),"3, 5, 11, 21, 35, 53, 75, 101, 131, 165, 203, 245, 291, 341, 395, 453, 515, 581, 651, 725, 803, 885, 971, 1061, 1155, 1253, 1355, 1461, 1571, 1685, 1803, 1925, 2051, 2181, 2315, 2453, 2595, 2741, 2891, 3045, 3203, 3365, 3531, 3701, 3875, 4053, 4235"
A192960,add x_0_1 sub x_0_1 sub x_0_3 INT+ 2,(x_0_1 add (x_0_1 sub (x_0_3 sub 2))),"1, 3, 7, 15, 29, 53, 93, 159, 267, 443, 729, 1193, 1945, 3163, 5135, 8327, 13493, 21853, 35381, 57271, 92691, 150003, 242737, 392785, 635569, 1028403, 1664023, 2692479, 4356557, 7049093, 11405709, 18454863, 29860635, 48315563, 78176265"
A081032,add sub n idiv x_0_1 INT- 6 n,((n sub (x_0_1 idiv -6)) add n),"2, 5, 7, 10, 12, 14, 17, 19, 22, 24, 26, 29, 31, 34, 36, 38, 41, 43, 46, 48, 50, 53, 55, 58, 60, 62, 65, 67, 70, 72, 74, 77, 79, 82, 84, 86"
A055847,add mul x_0_1 INT+ 8 idiv sign n x_0_2,((x_0_1 mul 8) add (sign(n) idiv x_0_2)),"1, 6, 49, 392, 3136, 25088, 200704, 1605632, 12845056, 102760448, 822083584, 6576668672, 52613349376, 420906795008, 3367254360064, 26938034880512, 215504279044096, 1724034232352768, 13792273858822144, 110338190870577152"
A259348,mul add INT+ 3 sqr n sub n INT+ 3,((3 add (n)**2) mul (n sub 3)),"-8, -7, 0, 19, 56, 117, 208, 335, 504, 721, 992, 1323, 1720, 2189, 2736, 3367, 4088, 4905, 5824, 6851, 7992, 9253, 10640, 12159, 13816, 15617, 17568, 19675, 21944, 24381, 26992, 29783, 32760, 35929, 39296, 42867, 46648, 50645, 54864, 59311, 63992"
A042963,add x_0_2 INT+ 4,(x_0_2 add 4),"1, 2, 5, 6, 9, 10, 13, 14, 17, 18, 21, 22, 25, 26, 29, 30, 33, 34, 37, 38, 41, 42, 45, 46, 49, 50, 53, 54, 57, 58, 61, 62, 65, 66, 69, 70, 73, 74, 77, 78, 81, 82, 85, 86, 89, 90, 93, 94, 97, 98, 101, 102, 105, 106, 109, 110, 113, 114, 117, 118, 121, 122, 125, 126, 129, 130, 133, 134, 137, 138"
A044179,add INT- 8 mul sqr INT+ 7 n,(-8 add ((7)**2 mul n)),"41, 90, 139, 188, 237, 286, 335, 384, 433, 482, 531, 580, 629, 678, 727, 776, 825, 874, 923, 972, 1021, 1070, 1119, 1168, 1217, 1266, 1315, 1364, 1413, 1462, 1511, 1560, 1609, 1658, 1707, 1756, 1805, 1854, 1903, 1952, 2001"
A144739,mul x_0_1 add INT+ 7 idiv x_0_1 x_0_2,(x_0_1 mul (7 add (x_0_1 idiv x_0_2))),"1, 3, 30, 510, 12240, 379440, 14418720, 648842400, 33739804800, 1990648483200, 131382799891200, 9590944392057600, 767275551364608000, 66752972968720896000, 6274779459059764224000, 633752725365036186624000, 68445294339423908155392000, 7871208849033749437870080000"
A282852,add add x_0_1 mul INT+ 7 INT+ 5 sub x_0_1 x_0_2,((x_0_1 add (7 mul 5)) add (x_0_1 sub x_0_2)),"0, 1, 37, 108, 214, 355, 531, 742, 988, 1269, 1585, 1936, 2322, 2743, 3199, 3690, 4216, 4777, 5373, 6004, 6670, 7371, 8107, 8878, 9684, 10525, 11401, 12312, 13258, 14239, 15255, 16306, 17392, 18513, 19669, 20860, 22086, 23347, 24643, 25974"
A238477,sub x_0_1 mul INT- 8 INT+ 4,(x_0_1 sub (-8 mul 4)),"5, 37, 69, 101, 133, 165, 197, 229, 261, 293, 325, 357, 389, 421, 453, 485, 517, 549, 581, 613, 645, 677, 709, 741, 773, 805, 837, 869, 901, 933, 965, 997, 1029, 1061, 1093, 1125, 1157, 1189, 1221, 1253, 1285, 1317, 1349, 1381, 1413, 1445"
A130823,add INT+ 2 x_0_3,(2 add x_0_3),"1, 1, 1, 3, 3, 3, 5, 5, 5, 7, 7, 7, 9, 9, 9, 11, 11, 11, 13, 13, 13, 15, 15, 15, 17, 17, 17, 19, 19, 19, 21, 21, 21, 23, 23, 23, 25, 25, 25, 27, 27, 27, 29, 29, 29, 31, 31, 31, 33, 33, 33, 35, 35, 35, 37, 37, 37, 39, 39, 39, 41, 41, 41, 43, 43, 43, 45, 45, 45, 47, 47, 47, 49, 49"
A356252,add x_0_1 idiv x_0_2 n,(x_0_1 add (x_0_2 idiv n)),"5, 8, 9, 11, 12, 13"
A008748,add idiv n INT+ 3 x_0_1,((n idiv 3) add x_0_1),"1, 1, 2, 3, 4, 6, 8, 10, 13, 16, 19, 23, 27, 31, 36, 41, 46, 52, 58, 64, 71, 78, 85, 93, 101, 109, 118, 127, 136, 146, 156, 166, 177, 188, 199, 211, 223, 235, 248, 261, 274, 288, 302, 316, 331, 346, 361, 377, 393, 409, 426, 443, 460, 478, 496, 514, 533, 552, 571"
A164703,mul x_0_2 INT+ 8,(x_0_2 mul 8),"1, 16, 8, 128, 64, 1024, 512, 8192, 4096, 65536, 32768, 524288, 262144, 4194304, 2097152, 33554432, 16777216, 268435456, 134217728, 2147483648, 1073741824, 17179869184, 8589934592, 137438953472, 68719476736, 1099511627776"
A022106,add x_0_1 x_0_2,(x_0_1 add x_0_2),"1, 16, 17, 33, 50, 83, 133, 216, 349, 565, 914, 1479, 2393, 3872, 6265, 10137, 16402, 26539, 42941, 69480, 112421, 181901, 294322, 476223, 770545, 1246768, 2017313, 3264081, 5281394, 8545475, 13826869"
A216528,add add x_0_1 sub x_0_1 INT- 8 x_0_2,((x_0_1 add (x_0_1 sub -8)) add x_0_2),"2, 14, 38, 98"
A033374,idiv mul INT- 6 INT- 9 n,((-6 mul -9) idiv n),"54, 27, 18, 13, 10, 9, 7, 6, 6, 5, 4, 4, 4, 3, 3, 3, 3, 3, 2, 2, 2, 2, 2, 2, 2, 2, 2, 1, 1, 1, 1, 1, 1, 1, 1, 1, 1, 1, 1, 1, 1, 1, 1, 1, 1, 1, 1, 1, 1, 1, 1, 1, 1, 1, 0, 0, 0, 0, 0, 0, 0, 0, 0, 0, 0, 0, 0, 0, 0, 0, 0, 0, 0, 0, 0, 0, 0, 0, 0, 0, 0, 0, 0, 0, 0, 0, 0, 0, 0, 0, 0, 0"
A122046,add x_0_1 idiv sqr sub n sign n INT+ 8,(x_0_1 add (((n sub sign(n)))**2 idiv 8)),"0, 0, 0, 1, 3, 6, 10, 16, 24, 34, 46, 61, 79, 100, 124, 152, 184, 220, 260, 305, 355, 410, 470, 536, 608, 686, 770, 861, 959, 1064, 1176, 1296, 1424, 1560, 1704, 1857, 2019, 2190, 2370, 2560, 2760, 2970, 3190, 3421, 3663, 3916, 4180, 4456, 4744, 5044, 5356, 5681, 6019, 6370"
A172131,add x_0_1 idiv sqr sub n sign n INT+ 9,(x_0_1 add (((n sub sign(n)))**2 idiv 9)),"0, 0, 0, 1, 2, 4, 8, 13, 20, 29, 40, 53, 69, 87, 108, 133, 161, 193, 229, 269, 313, 362, 415, 473, 537, 606, 681, 762, 849, 942, 1042, 1148, 1261, 1382, 1510, 1646, 1790, 1942, 2102, 2271, 2448, 2634, 2830, 3035, 3250, 3475, 3710, 3955, 4211, 4477, 4754"
A161211,add add n x_0_1 idiv n sub x_0_1 INT+ 8,((n add x_0_1) add (n idiv (x_0_1 sub 8))),"1, 2, 4, 7, 7, 7"
A014206,add x_0_1 mod INT- 2 add n n,(x_0_1 add (-2 mod (n add n))),"2, 4, 8, 14, 22, 32, 44, 58, 74, 92, 112, 134, 158, 184, 212, 242, 274, 308, 344, 382, 422, 464, 508, 554, 602, 652, 704, 758, 814, 872, 932, 994, 1058, 1124, 1192, 1262, 1334, 1408, 1484, 1562, 1642, 1724, 1808, 1894, 1982, 2072, 2164, 2258, 2354, 2452, 2552"
A131479,idiv sqr sqr sub n sign n INT+ 4,((((n sub sign(n)))**2)**2 idiv 4),"0, 0, 4, 20, 64, 156, 324, 600, 1024, 1640, 2500, 3660, 5184, 7140, 9604, 12656, 16384, 20880, 26244, 32580, 40000, 48620, 58564, 69960, 82944, 97656, 114244, 132860, 153664, 176820, 202500, 230880, 262144, 296480, 334084, 375156"
A316026,mul INT+ 3 add n idiv x_0_1 INT+ 8,(3 mul (n add (x_0_1 idiv 8))),"1, 6, 9, 15, 18, 24, 30, 33, 39, 42, 48, 54, 57, 63, 66, 72, 78, 81, 87, 90, 96, 102, 105, 111, 114, 120, 126, 129, 135, 138, 144, 150, 153, 159, 162, 168, 174, 177, 183, 186, 192, 198, 201, 207, 210, 216, 222, 225, 231, 234"
A097802,add x_0_1 mul sqr INT- 5 INT+ 3,(x_0_1 add ((-5)**2 mul 3)),"3, 78, 153, 228, 303, 378, 453, 528, 603, 678, 753, 828, 903, 978, 1053, 1128, 1203, 1278, 1353, 1428, 1503, 1578, 1653, 1728, 1803, 1878, 1953, 2028, 2103, 2178, 2253, 2328, 2403, 2478, 2553, 2628, 2703, 2778, 2853, 2928, 3003, 3078, 3153, 3228, 3303"
A166873,add x_0_1 mul add n n INT+ 6,(x_0_1 add ((n add n) mul 6)),"1, 25, 61, 109, 169, 241, 325, 421, 529, 649, 781, 925, 1081, 1249, 1429, 1621, 1825, 2041, 2269, 2509, 2761, 3025, 3301, 3589, 3889, 4201, 4525, 4861, 5209, 5569, 5941, 6325, 6721, 7129, 7549, 7981, 8425, 8881, 9349, 9829, 10321, 10825, 11341, 11869"
A022994,sub sqr INT- 6 add n INT- 3,((-6)**2 sub (n add -3)),"38, 37, 36, 35, 34, 33, 32, 31, 30, 29, 28, 27, 26, 25, 24, 23, 22, 21, 20, 19, 18, 17, 16, 15, 14, 13, 12, 11, 10, 9, 8, 7, 6, 5, 4, 3, 2, 1, 0, -1, -2, -3, -4, -5, -6, -7, -8, -9, -10, -11, -12, -13, -14, -15, -16, -17, -18, -19, -20, -21, -22"
A004776,add n idiv add INT- 6 n INT+ 7,(n add ((-6 add n) idiv 7)),"0, 1, 2, 3, 4, 6, 7, 8, 9, 10, 11, 12, 14, 15, 16, 17, 18, 19, 20, 22, 23, 24, 25, 26, 27, 28, 30, 31, 32, 33, 34, 35, 36, 38, 39, 40, 41, 42, 43, 44, 46, 47, 48, 49, 50, 51, 52, 54, 55, 56, 57, 58, 59, 60, 62, 63, 64, 65, 66, 67, 68, 70, 71, 72, 73, 74, 75, 76, 78"
A003949,sub INT- mul INT- 6 x_0_1 x_0_2,(0 sub (-6 mul x_0_1)),"1, 7, 42, 252, 1512, 9072, 54432, 326592, 1959552, 11757312, 70543872, 423263232, 2539579392, 15237476352, 91424858112, 548549148672, 3291294892032, 19747769352192, 118486616113152, 710919696678912, 4265518180073472, 25593109080440832, 153558654482644992"
A005054,mul x_0_1 sub INT+ 6 sign x_0_2,(x_0_1 mul (6 sub sign(x_0_2))),"1, 4, 20, 100, 500, 2500, 12500, 62500, 312500, 1562500, 7812500, 39062500, 195312500, 976562500, 4882812500, 24414062500, 122070312500, 610351562500, 3051757812500, 15258789062500, 76293945312500, 381469726562500, 1907348632812500, 9536743164062500"
A154612,add add x_0_1 INT+ 8 INT+ 9,((x_0_1 add 8) add 9),"7, 24, 41, 58, 75, 92, 109, 126, 143, 160, 177, 194, 211, 228, 245, 262, 279, 296, 313, 330, 347, 364, 381, 398, 415, 432, 449, 466, 483, 500, 517, 534, 551, 568, 585, 602, 619, 636, 653, 670, 687, 704, 721, 738, 755, 772, 789, 806, 823, 840, 857, 874, 891"
A013831,mul x_0_1 sqr mul INT+ 8 INT+ 4,(x_0_1 mul ((8 mul 4))**2),"16, 16384, 16777216, 17179869184, 17592186044416, 18014398509481984, 18446744073709551616, 18889465931478580854784, 19342813113834066795298816, 19807040628566084398385987584, 20282409603651670423947251286016"
A018678,mul x_0_2 add INT+ 5 INT+ 8,(x_0_2 mul (5 add 8)),"1, 5, 13, 65, 169, 845"
A002414,add x_0_1 mul n sub mul INT+ 3 n INT+ 2,(x_0_1 add (n mul ((3 mul n) sub 2))),"1, 9, 30, 70, 135, 231, 364, 540, 765, 1045, 1386, 1794, 2275, 2835, 3480, 4216, 5049, 5985, 7030, 8190, 9471, 10879, 12420, 14100, 15925, 17901, 20034, 22330, 24795, 27435, 30256, 33264, 36465, 39865, 43470, 47286, 51319, 55575, 60060, 64780"
A003509,add n sqr sub n sign x_0_1,(n add ((n sub sign(x_0_1)))**2),"2, 3, 7, 13, 21, 31"
A304387,add add x_0_1 INT+ 1 0 sub x_0_1 INT+ 5,((x_0_1 add 10) add (x_0_1 sub 5)),"22, 49, 103, 211, 427, 859, 1723, 3451, 6907, 13819, 27643, 55291, 110587, 221179, 442363, 884731, 1769467, 3538939, 7077883, 14155771, 28311547, 56623099, 113246203, 226492411, 452984827, 905969659, 1811939323, 3623878651, 7247757307, 14495514619, 28991029243, 57982058491"
A081654,mul x_0_1 INT+ 4 sub x_0_2,(x_0_1 mul 4),"1, 8, 32, 128, 512, 2048, 8192, 32768, 131072, 524288, 2097152, 8388608, 33554432, 134217728, 536870912, 2147483648, 8589934592, 34359738368, 137438953472, 549755813888, 2199023255552, 8796093022208, 35184372088832"
A005476,add x_0_1 sub x_0_1 sub x_0_2 INT+ 5,(x_0_1 add (x_0_1 sub (x_0_2 sub 5))),"0, 2, 9, 21, 38, 60, 87, 119, 156, 198, 245, 297, 354, 416, 483, 555, 632, 714, 801, 893, 990, 1092, 1199, 1311, 1428, 1550, 1677, 1809, 1946, 2088, 2235, 2387, 2544, 2706, 2873, 3045, 3222, 3404, 3591"
A000566,add x_0_1 sub x_0_1 sub x_0_2 INT+ 5,(x_0_1 add (x_0_1 sub (x_0_2 sub 5))),"0, 1, 7, 18, 34, 55, 81, 112, 148, 189, 235, 286, 342, 403, 469, 540, 616, 697, 783, 874, 970, 1071, 1177, 1288, 1404, 1525, 1651, 1782, 1918, 2059, 2205, 2356, 2512, 2673, 2839, 3010, 3186, 3367, 3553, 3744, 3940, 4141, 4347, 4558, 4774, 4995, 5221, 5452, 5688"
A304158,add mul INT- 1 0 INT- 6 x_0_1,((-10 mul -6) add x_0_1),"24, 84, 144, 204, 264, 324, 384, 444, 504, 564, 624, 684, 744, 804, 864, 924, 984, 1044, 1104, 1164, 1224, 1284, 1344, 1404, 1464, 1524, 1584, 1644, 1704, 1764, 1824, 1884, 1944, 2004, 2064, 2124, 2184, 2244, 2304, 2364, 2424, 2484, 2544, 2604, 2664, 2724, 2784, 2844, 2904, 2964"
A070353,abs x_0_6,abs(x_0_6),"1, 3, 9, 13, 11, 5, 1, 3, 9, 13, 11, 5, 1, 3, 9, 13, 11, 5, 1, 3, 9, 13, 11, 5, 1, 3, 9, 13, 11, 5, 1, 3, 9, 13, 11, 5, 1, 3, 9, 13, 11, 5, 1, 3, 9, 13, 11, 5, 1, 3, 9, 13, 11, 5, 1, 3, 9, 13, 11, 5, 1, 3, 9, 13, 11, 5, 1, 3, 9, 13, 11, 5, 1, 3, 9, 13, 11, 5, 1, 3, 9, 13, 11, 5, 1, 3, 9, 13, 11, 5"
A239123,add mul sqr INT- 8 INT+ 2 x_0_1,(((-8)**2 mul 2) add x_0_1),"21, 149, 277, 405, 533, 661, 789, 917, 1045, 1173, 1301, 1429, 1557, 1685, 1813, 1941, 2069, 2197, 2325, 2453, 2581, 2709, 2837, 2965, 3093, 3221, 3349, 3477, 3605, 3733, 3861, 3989, 4117, 4245, 4373, 4501, 4629, 4757, 4885, 5013, 5141"
A248572,add x_0_1 sub x_0_1 x_0_2,(x_0_1 add (x_0_1 sub x_0_2)),"1, 30, 59, 88, 117, 146, 175, 204, 233, 262, 291, 320, 349, 378, 407, 436, 465, 494, 523, 552, 581, 610, 639, 668, 697, 726, 755, 784, 813, 842, 871, 900, 929, 958, 987, 1016, 1045, 1074, 1103, 1132, 1161, 1190, 1219, 1248, 1277, 1306, 1335, 1364, 1393, 1422"
A153774,add mul INT+ 3 sub x_0_1 x_0_3 x_0_2,((3 mul (x_0_1 sub x_0_3)) add x_0_2),"1, 3, 8, 24, 71, 213, 638, 1914, 5741, 17223, 51668, 155004, 465011, 1395033, 4185098, 12555294, 37665881, 112997643, 338992928, 1016978784, 3050936351, 9152809053, 27458427158, 82375281474, 247125844421, 741377533263, 2224132599788, 6672397799364, 20017193398091"
A131895,add x_0_1 sub x_0_1 sub x_0_2 INT+ 5,(x_0_1 add (x_0_1 sub (x_0_2 sub 5))),"1, 9, 22, 40, 63, 91, 124, 162, 205, 253, 306, 364, 427, 495, 568, 646, 729, 817, 910, 1008, 1111, 1219, 1332, 1450, 1573, 1701, 1834, 1972, 2115, 2263, 2416, 2574, 2737, 2905, 3078, 3256, 3439, 3627, 3820, 4018, 4221, 4429, 4642, 4860, 5083, 5311, 5544"
A068941,add x_0_1 add sqr sub n sign n x_0_2,(x_0_1 add (((n sub sign(n)))**2 add x_0_2)),"1, 1, 6, 16, 38"
A218832,idiv sqr sub INT+ 2 sqr n INT+ 4,(((2 sub (n)**2))**2 idiv 4),"0, 1, 12, 49, 132, 289, 552, 961, 1560, 2401, 3540, 5041, 6972, 9409, 12432, 16129, 20592, 25921, 32220, 39601, 48180, 58081, 69432, 82369, 97032, 113569, 132132, 152881, 175980, 201601, 229920, 261121, 295392, 332929, 373932, 418609, 467172, 519841, 576840, 638401"
A018273,mul sub INT+ 1 0 INT- 9 x_0_3,((10 sub -9) mul x_0_3),"1, 2, 4, 19, 38, 76"
A006622,sub mul n INT+ 8 idiv INT- 4 n,((n mul 8) sub (-4 idiv n)),"12, 18, 26, 33, 41"
A020699,mul x_0_1 add INT+ 4 sign x_0_2,(x_0_1 mul (4 add sign(x_0_2))),"1, 2, 10, 50, 250, 1250, 6250, 31250, 156250, 781250, 3906250, 19531250, 97656250, 488281250, 2441406250, 12207031250, 61035156250, 305175781250, 1525878906250, 7629394531250, 38146972656250, 190734863281250, 953674316406250"
A168675,idiv mul sqr sqr sqr sub sign n n n INT+ 2,((((((sign(n) sub n))**2)**2)**2 mul n) idiv 2),"0, 1, 384, 13122, 163840, 1171875, 5878656, 23059204, 75497472, 215233605, 550000000, 1286153286, 2794881024, 5710115047, 11068417920, 20503125000, 36507222016, 62781816969, 104689625472, 169835630410, 268800000000, 416051452971, 631072545664"
A182466,mul add x_0_1 INT+ 8 INT+ 2,((x_0_1 add 8) mul 2),"32, 80, 176, 368, 752, 1520, 3056, 6128, 12272, 24560, 49136, 98288, 196592, 393200, 786416, 1572848, 3145712, 6291440, 12582896, 25165808, 50331632, 100663280, 201326576, 402653168, 805306352, 1610612720, 3221225456, 6442450928, 12884901872, 25769803760, 51539607536"
A056107,add x_0_1 sub x_0_1 add INT- 6 x_0_2,(x_0_1 add (x_0_1 sub (-6 add x_0_2))),"1, 4, 13, 28, 49, 76, 109, 148, 193, 244, 301, 364, 433, 508, 589, 676, 769, 868, 973, 1084, 1201, 1324, 1453, 1588, 1729, 1876, 2029, 2188, 2353, 2524, 2701, 2884, 3073, 3268, 3469, 3676, 3889, 4108, 4333, 4564, 4801, 5044, 5293, 5548, 5809, 6076, 6349"
A080855,add x_0_1 add sub x_0_1 x_0_2 INT+ 9,(x_0_1 add ((x_0_1 sub x_0_2) add 9)),"1, 4, 16, 37, 67, 106, 154, 211, 277, 352, 436, 529, 631, 742, 862, 991, 1129, 1276, 1432, 1597, 1771, 1954, 2146, 2347, 2557, 2776, 3004, 3241, 3487, 3742, 4006, 4279, 4561, 4852, 5152, 5461, 5779, 6106, 6442, 6787, 7141, 7504, 7876, 8257, 8647, 9046"
A164608,mul INT+ 8 sub x_0_1 x_0_2,(8 mul (x_0_1 sub x_0_2)),"1, 12, 88, 608, 4160, 28416, 194048, 1325056, 9048064, 61784064, 421888000, 2880831488, 19671547904, 134325731328, 917233467392, 6263261888512, 42768227368960, 292039723843584, 1994171971796992, 13617057983627264"
A033375,idiv add sqr INT+ 7 INT+ 6 n,(((7)**2 add 6) idiv n),"55, 27, 18, 13, 11, 9, 7, 6, 6, 5, 5, 4, 4, 3, 3, 3, 3, 3, 2, 2, 2, 2, 2, 2, 2, 2, 2, 1, 1, 1, 1, 1, 1, 1, 1, 1, 1, 1, 1, 1, 1, 1, 1, 1, 1, 1, 1, 1, 1, 1, 1, 1, 1, 1, 1, 0, 0, 0, 0, 0, 0, 0, 0, 0, 0, 0, 0, 0, 0, 0, 0, 0, 0, 0, 0, 0, 0, 0, 0, 0, 0, 0, 0, 0, 0, 0, 0, 0, 0, 0, 0, 0"
A022961,sub x_0_6 INT+ 6,(x_0_6 sub 6),"5, 4, 3, 2, 1, 0, -1, -2, -3, -4, -5, -6, -7, -8, -9, -10, -11, -12, -13, -14, -15, -16, -17, -18, -19, -20, -21, -22, -23, -24, -25, -26, -27, -28, -29, -30, -31, -32, -33, -34, -35, -36, -37, -38, -39, -40, -41, -42, -43, -44, -45, -46, -47, -48, -49, -50, -51, -52, -53"
A188475,add x_0_1 mul sqr sub n sign n INT+ 2,(x_0_1 add (((n sub sign(n)))**2 mul 2)),"1, 3, 11, 29, 61, 111, 183, 281, 409, 571, 771, 1013, 1301, 1639, 2031, 2481, 2993, 3571, 4219, 4941, 5741, 6623, 7591, 8649, 9801, 11051, 12403, 13861, 15429, 17111, 18911, 20833, 22881, 25059, 27371, 29821, 32413, 35151, 38039, 41081, 44281, 47643"
A081585,add mul INT+ 8 sqr sub n sign n sign n,((8 mul ((n sub sign(n)))**2) add sign(n)),"1, 9, 33, 73, 129, 201, 289, 393, 513, 649, 801, 969, 1153, 1353, 1569, 1801, 2049, 2313, 2593, 2889, 3201, 3529, 3873, 4233, 4609, 5001, 5409, 5833, 6273, 6729, 7201, 7689, 8193, 8713, 9249, 9801, 10369, 10953, 11553, 12169, 12801, 13449, 14113"
A100536,add add x_0_1 sub x_0_1 x_0_2 INT+ 6,((x_0_1 add (x_0_1 sub x_0_2)) add 6),"1, 10, 25, 46, 73, 106, 145, 190, 241, 298, 361, 430, 505, 586, 673, 766, 865, 970, 1081, 1198, 1321, 1450, 1585, 1726, 1873, 2026, 2185, 2350, 2521, 2698, 2881, 3070, 3265, 3466, 3673, 3886, 4105, 4330, 4561, 4798, 5041, 5290, 5545, 5806, 6073, 6346, 6625"
A134238,add x_0_1 sub x_0_1 add INT- 5 x_0_2,(x_0_1 add (x_0_1 sub (-5 add x_0_2))),"1, 5, 14, 28, 47, 71, 100, 134, 173, 217, 266, 320, 379, 443, 512, 586, 665, 749, 838, 932, 1031, 1135, 1244, 1358, 1477, 1601, 1730, 1864, 2003, 2147, 2296, 2450, 2609, 2773, 2942, 3116, 3295, 3479, 3668, 3862, 4061, 4265, 4474, 4688, 4907, 5131"
A060995,mul add x_0_1 sub x_0_1 x_0_2 INT+ 2,((x_0_1 add (x_0_1 sub x_0_2)) mul 2),"0, 2, 8, 28, 96, 328, 1120, 3824, 13056, 44576, 152192, 519616, 1774080, 6057088, 20680192, 70606592, 241065984, 823050752, 2810071040, 9594182656, 32756588544, 111837988864, 381838778368, 1303679135744"
A172046,add x_0_1 idiv sqr sub n sign n INT+ 7,(x_0_1 add (((n sub sign(n)))**2 idiv 7)),"0, 0, 0, 1, 3, 6, 11, 18, 27, 38, 52, 69, 89, 113, 141, 173, 209, 250, 296, 347, 404, 467, 536, 611, 693, 782, 878, 982, 1094, 1214, 1342, 1479, 1625, 1780, 1945, 2120, 2305, 2500, 2706, 2923, 3151, 3391, 3643, 3907, 4183, 4472, 4774, 5089, 5418, 5761, 6118"
A170769,mul x_0_1 add sqr INT+ 7 idiv x_0_2 x_0_1,(x_0_1 mul ((7)**2 add (x_0_2 idiv x_0_1))),"1, 50, 2450, 120050, 5882450, 288240050, 14123762450, 692064360050, 33911153642450, 1661646528480050, 81420679895522450, 3989613314880600050, 195491052429149402450, 9579061569028320720050, 469374016882387715282450, 22999326827236998048840050"
A158231,add mul sqr INT+ 8 INT+ 4 x_0_1,(((8)**2 mul 4) add x_0_1),"257, 513, 769, 1025, 1281, 1537, 1793, 2049, 2305, 2561, 2817, 3073, 3329, 3585, 3841, 4097, 4353, 4609, 4865, 5121, 5377, 5633, 5889, 6145, 6401, 6657, 6913, 7169, 7425, 7681, 7937, 8193, 8449, 8705, 8961, 9217, 9473, 9729, 9985, 10241, 10497"
A139277,mul add INT- 3 mul n INT+ 8 sub n sign n,((-3 add (n mul 8)) mul (n sub sign(n))),"0, 13, 42, 87, 148, 225, 318, 427, 552, 693, 850, 1023, 1212, 1417, 1638, 1875, 2128, 2397, 2682, 2983, 3300, 3633, 3982, 4347, 4728, 5125, 5538, 5967, 6412, 6873, 7350, 7843, 8352, 8877, 9418, 9975, 10548, 11137, 11742, 12363, 13000"
A070199,add mul x_0_2 INT+ 1 0 INT+ 9,((x_0_2 mul 10) add 9),"10, 19, 109, 199, 1099, 1999, 10999, 19999, 109999, 199999, 1099999, 1999999, 10999999, 19999999, 109999999, 199999999, 1099999999, 1999999999, 10999999999, 19999999999, 109999999999, 199999999999, 1099999999999, 1999999999999, 10999999999999, 19999999999999"
A022959,sub x_0_6 INT+ 6,(x_0_6 sub 6),"3, 2, 1, 0, -1, -2, -3, -4, -5, -6, -7, -8, -9, -10, -11, -12, -13, -14, -15, -16, -17, -18, -19, -20, -21, -22, -23, -24, -25, -26, -27, -28, -29, -30, -31, -32, -33, -34, -35, -36, -37, -38, -39, -40, -41, -42, -43, -44, -45, -46, -47, -48, -49, -50, -51, -52, -53, -54, -55"
A190873,mul sub x_0_1 x_0_2 sub INT+ 6 INT- 6,((x_0_1 sub x_0_2) mul (6 sub -6)),"0, 1, 12, 132, 1440, 15696, 171072, 1864512, 20321280, 221481216, 2413919232, 26309256192, 286744043520, 3125217447936, 34061680852992, 371237560860672, 4046110560092160, 44098475990777856, 480628385168228352, 5238358910129405952, 57092766299534131200"
A158609,add x_0_1 mul sqr INT- 9 x_0_2,(x_0_1 add ((-9)**2 mul x_0_2)),"1, 9, 90, 819, 8109, 74448, 731277, 6761565, 65995002, 613681767, 5959276929, 55667500056, 538368931305, 5047436435841, 48655319871546, 457497671174667, 4398578580769893, 41455889945917920, 397740754988279253"
A055275,add x_0_1 mul x_0_1 INT+ 8 x_0_2,(x_0_1 add (x_0_1 mul 8)),"1, 8, 72, 648, 5832, 52488, 472392, 4251528, 38263752, 344373768, 3099363912, 27894275208, 251048476872, 2259436291848, 20334926626632, 183014339639688, 1647129056757192, 14824161510814728, 133417453597332552, 1200757082375992968, 10806813741383936712, 97261323672455430408, 875351913052098873672"
A139578,add add x_0_1 mul INT+ 4 n INT+ 7,((x_0_1 add (4 mul n)) add 7),"0, 15, 34, 57, 84, 115, 150, 189, 232, 279, 330, 385, 444, 507, 574, 645, 720, 799, 882, 969, 1060, 1155, 1254, 1357, 1464, 1575, 1690, 1809, 1932, 2059, 2190, 2325, 2464, 2607, 2754, 2905, 3060, 3219, 3382, 3549, 3720, 3895, 4074"
A070514,mod sqr sqr sub n sign n INT+ 1 0,((((n sub sign(n)))**2)**2 mod 10),"0, 1, 6, 1, 6, 5, 6, 1, 6, 1, 0, 1, 6, 1, 6, 5, 6, 1, 6, 1, 0, 1, 6, 1, 6, 5, 6, 1, 6, 1, 0, 1, 6, 1, 6, 5, 6, 1, 6, 1, 0, 1, 6, 1, 6, 5, 6, 1, 6, 1, 0, 1, 6, 1, 6, 5, 6, 1, 6, 1, 0, 1, 6, 1, 6, 5, 6, 1, 6, 1, 0, 1, 6, 1, 6, 5, 6, 1, 6, 1, 0, 1, 6, 1, 6, 5, 6, 1, 6, 1, 0, 1, 6, 1, 6, 5, 6, 1, 6, 1, 0"
A133494,mul x_0_1 sub INT+ 4 sign x_0_2,(x_0_1 mul (4 sub sign(x_0_2))),"1, 1, 3, 9, 27, 81, 243, 729, 2187, 6561, 19683, 59049, 177147, 531441, 1594323, 4782969, 14348907, 43046721, 129140163, 387420489, 1162261467, 3486784401, 10460353203, 31381059609, 94143178827, 282429536481, 847288609443, 2541865828329, 7625597484987"
A093136,mul INT+ 1 0 mul x_0_1 sign x_0_2,(10 mul (x_0_1 mul sign(x_0_2))),"1, 2, 20, 200, 2000, 20000, 200000, 2000000, 20000000, 200000000, 2000000000, 20000000000, 200000000000, 2000000000000, 20000000000000, 200000000000000, 2000000000000000, 20000000000000000, 200000000000000000"
A131091,add x_0_1 mod add x_0_2 x_0_1 INT+ 1 0,(x_0_1 add ((x_0_2 add x_0_1) mod 10)),"1, 2, 5, 12, 19, 20, 29, 38, 45, 48, 51, 60, 61, 62, 65, 72, 79, 80, 89, 98, 105, 108, 111, 120, 121, 122, 125, 132, 139, 140, 149, 158, 165, 168, 171, 180, 181, 182, 185, 192, 199, 200, 209, 218, 225, 228, 231, 240, 241, 242, 245, 252, 259, 260, 269, 278, 285"
A083593,add x_0_1 add x_0_1 mod add n x_0_2 INT+ 2,(x_0_1 add (x_0_1 add ((n add x_0_2) mod 2))),"1, 2, 4, 8, 17, 34, 68, 136, 273, 546, 1092, 2184, 4369, 8738, 17476, 34952, 69905, 139810, 279620, 559240, 1118481, 2236962, 4473924, 8947848, 17895697, 35791394, 71582788, 143165576, 286331153, 572662306, 1145324612, 2290649224"
A018545,mul x_0_2 add INT+ 5 INT+ 6,(x_0_2 mul (5 add 6)),"1, 5, 11, 55, 121, 605"
A337118,add x_0_1 add sub x_0_1 sign n x_0_3,(x_0_1 add ((x_0_1 sub sign(n)) add x_0_3)),"1, 3, 8, 16, 34"
A018292,mul x_0_3 add INT+ 7 INT+ 6,(x_0_3 mul (7 add 6)),"1, 3, 9, 13, 39, 117"
A014739,add x_0_1 sub x_0_1 x_0_3,(x_0_1 add (x_0_1 sub x_0_3)),"1, 2, 5, 9, 16, 27, 45, 74, 121, 197, 320, 519, 841, 1362, 2205, 3569, 5776, 9347, 15125, 24474, 39601, 64077, 103680, 167759, 271441, 439202, 710645, 1149849, 1860496, 3010347, 4870845, 7881194, 12752041, 20633237, 33385280, 54018519, 87403801"
A158446,mod INT- 5 sqr mul n INT+ 5,(-5 mod ((n mul 5))**2),"20, 95, 220, 395, 620, 895, 1220, 1595, 2020, 2495, 3020, 3595, 4220, 4895, 5620, 6395, 7220, 8095, 9020, 9995, 11020, 12095, 13220, 14395, 15620, 16895, 18220, 19595, 21020, 22495, 24020, 25595, 27220, 28895, 30620, 32395, 34220, 36095, 38020, 39995, 42020, 44095"
A282850,add x_0_1 sub x_0_1 sub x_0_2 sqr INT- 6,(x_0_1 add (x_0_1 sub (x_0_2 sub (-6)**2))),"0, 1, 38, 111, 220, 365, 546, 763, 1016, 1305, 1630, 1991, 2388, 2821, 3290, 3795, 4336, 4913, 5526, 6175, 6860, 7581, 8338, 9131, 9960, 10825, 11726, 12663, 13636, 14645, 15690, 16771, 17888, 19041, 20230, 21455, 22716, 24013, 25346, 26715, 28120, 29561"
A067550,mul x_0_1 add n idiv x_0_1 x_0_2,(x_0_1 mul (n add (x_0_1 idiv x_0_2))),"1, 2, 10, 90, 1260, 25200, 680400, 23814000, 1047816000, 56582064000, 3677834160000, 283193230320000, 25487390728800000, 2650688635795200000, 315431947659628800000, 42583312934049888000000, 6472663565975582976000000, 1100352806215849105920000000"
A210240,add idiv x_0_1 INT+ 7 mul n INT+ 4,((x_0_1 idiv 7) add (n mul 4)),"5, 8, 13, 17, 22"
A173653,add x_0_1 idiv sqr sub n sign n INT+ 1 0,(x_0_1 add (((n sub sign(n)))**2 idiv 10)),"0, 0, 0, 0, 1, 3, 6, 10, 16, 24, 34, 46, 60, 76, 95, 117, 142, 170, 202, 238, 278, 322, 370, 422, 479, 541, 608, 680, 758, 842, 932, 1028, 1130, 1238, 1353, 1475, 1604, 1740, 1884, 2036, 2196, 2364, 2540, 2724, 2917, 3119, 3330, 3550, 3780"
A171965,add x_0_1 idiv sqr sub n sign n INT+ 6,(x_0_1 add (((n sub sign(n)))**2 idiv 6)),"0, 0, 0, 1, 3, 7, 13, 21, 31, 44, 60, 80, 104, 132, 164, 201, 243, 291, 345, 405, 471, 544, 624, 712, 808, 912, 1024, 1145, 1275, 1415, 1565, 1725, 1895, 2076, 2268, 2472, 2688, 2916, 3156, 3409, 3675, 3955, 4249, 4557, 4879, 5216, 5568, 5936, 6320, 6720, 7136"
A070513,mod sqr sqr add n INT- 1 0 INT+ 9,((((n add -10))**2)**2 mod 9),"0, 1, 7, 0, 4, 4, 0, 7, 1, 0, 1, 7, 0, 4, 4, 0, 7, 1, 0, 1, 7, 0, 4, 4, 0, 7, 1, 0, 1, 7, 0, 4, 4, 0, 7, 1, 0, 1, 7, 0, 4, 4, 0, 7, 1, 0, 1, 7, 0, 4, 4, 0, 7, 1, 0, 1, 7, 0, 4, 4, 0, 7, 1, 0, 1, 7, 0, 4, 4, 0, 7, 1, 0, 1, 7, 0, 4, 4, 0, 7, 1, 0, 1, 7, 0, 4, 4, 0, 7, 1, 0, 1, 7, 0, 4, 4, 0, 7, 1, 0, 1"
A003948,mul x_0_1 sub INT+ 6 sign x_0_2,(x_0_1 mul (6 sub sign(x_0_2))),"1, 6, 30, 150, 750, 3750, 18750, 93750, 468750, 2343750, 11718750, 58593750, 292968750, 1464843750, 7324218750, 36621093750, 183105468750, 915527343750, 4577636718750, 22888183593750, 114440917968750, 572204589843750, 2861022949218750, 14305114746093750"
A072262,add mul x_0_1 INT+ 4 sign n,((x_0_1 mul 4) add sign(n)),"11, 45, 181, 725, 2901, 11605, 46421, 185685, 742741, 2970965, 11883861, 47535445, 190141781, 760567125, 3042268501, 12169074005, 48676296021, 194705184085, 778820736341, 3115282945365, 12461131781461, 49844527125845"
A005029,mul x_0_1 INT+ 2,(x_0_1 mul 2),"13, 26, 52, 104, 208, 416, 832, 1664, 3328, 6656, 13312, 26624, 53248, 106496, 212992, 425984, 851968, 1703936, 3407872, 6815744, 13631488, 27262976, 54525952, 109051904, 218103808, 436207616, 872415232, 1744830464, 3489660928, 6979321856, 13958643712"
A157727,add x_0_1 sub x_0_1 x_0_3,(x_0_1 add (x_0_1 sub x_0_3)),"4, 5, 5, 6, 7, 9, 12, 17, 25, 38, 59, 93, 148, 237, 381, 614, 991, 1601, 2588, 4185, 6769, 10950, 17715, 28661, 46372, 75029, 121397, 196422, 317815, 514233, 832044, 1346273, 2178313, 3524582, 5702891, 9227469, 14930356, 24157821, 39088173, 63245990, 102334159"
A348553,add n idiv x_0_1 sqr INT- 5,(n add (x_0_1 idiv (-5)**2)),"1, 2, 3, 4, 5, 6, 7, 8, 9, 10, 11, 12, 13, 14, 15, 16, 17, 18, 19, 20, 21, 22, 23, 24, 25, 27, 28, 29, 30, 31, 32, 33, 34, 35, 36, 37, 38, 39, 40, 41, 42, 43, 44, 45, 46, 47, 48, 49, 50, 52, 53, 54, 55, 56, 57, 58, 59, 60, 61, 62, 63, 64, 65, 66, 67, 68, 69, 70, 71, 72, 73, 74, 75"
A213820,mul add n sqr n add n sub n sign n,((n add (n)**2) mul (n add (n sub sign(n)))),"2, 18, 60, 140, 270, 462, 728, 1080, 1530, 2090, 2772, 3588, 4550, 5670, 6960, 8432, 10098, 11970, 14060, 16380, 18942, 21758, 24840, 28200, 31850, 35802, 40068, 44660, 49590, 54870, 60512, 66528, 72930, 79730, 86940, 94572, 102638, 111150, 120120, 129560, 139482"
A000567,add add x_0_1 sub x_0_1 x_0_2 INT+ 6,((x_0_1 add (x_0_1 sub x_0_2)) add 6),"0, 1, 8, 21, 40, 65, 96, 133, 176, 225, 280, 341, 408, 481, 560, 645, 736, 833, 936, 1045, 1160, 1281, 1408, 1541, 1680, 1825, 1976, 2133, 2296, 2465, 2640, 2821, 3008, 3201, 3400, 3605, 3816, 4033, 4256, 4485, 4720, 4961, 5208, 5461"
A175805,mul x_0_1 INT+ 2,(x_0_1 mul 2),"21, 42, 84, 168, 336, 672, 1344, 2688, 5376, 10752, 21504, 43008, 86016, 172032, 344064, 688128, 1376256, 2752512, 5505024, 11010048, 22020096, 44040192, 88080384, 176160768, 352321536, 704643072, 1409286144, 2818572288, 5637144576, 11274289152, 22548578304, 45097156608"
A024166,add x_0_1 idiv sqr sub sqr n n INT+ 4,(x_0_1 add ((((n)**2 sub n))**2 idiv 4)),"0, 1, 10, 46, 146, 371, 812, 1596, 2892, 4917, 7942, 12298, 18382, 26663, 37688, 52088, 70584, 93993, 123234, 159334, 203434, 256795, 320804, 396980, 486980, 592605, 715806, 858690, 1023526, 1212751, 1428976, 1674992, 1953776, 2268497, 2622522, 3019422"
A105870,mod add x_0_1 x_0_2 INT+ 7,((x_0_1 add x_0_2) mod 7),"0, 1, 1, 2, 3, 5, 1, 6, 0, 6, 6, 5, 4, 2, 6, 1, 0, 1, 1, 2, 3, 5, 1, 6, 0, 6, 6, 5, 4, 2, 6, 1, 0, 1, 1, 2, 3, 5, 1, 6, 0, 6, 6, 5, 4, 2, 6, 1, 0, 1, 1, 2, 3, 5, 1, 6, 0, 6, 6, 5, 4, 2, 6, 1, 0, 1, 1, 2, 3, 5, 1, 6, 0, 6, 6, 5, 4, 2, 6, 1, 0, 1, 1, 2, 3, 5, 1, 6, 0, 6, 6, 5, 4, 2, 6, 1, 0, 1, 1, 2, 3"
A248339,add INT- 3 mul add n n add INT+ 1 0 sign n,(-3 add ((n add n) mul (10 add sign(n)))),"19, 41, 63, 85, 107, 129, 151, 173, 195, 217, 239, 261, 283, 305, 327, 349, 371, 393, 415, 437, 459, 481, 503, 525, 547, 569, 591, 613, 635, 657, 679, 701, 723, 745, 767, 789, 811, 833, 855, 877, 899, 921, 943, 965, 987, 1009"
A047592,sub n idiv sub INT+ 7 n INT+ 7,(n sub ((7 sub n) idiv 7)),"1, 2, 3, 4, 5, 6, 7, 9, 10, 11, 12, 13, 14, 15, 17, 18, 19, 20, 21, 22, 23, 25, 26, 27, 28, 29, 30, 31, 33, 34, 35, 36, 37, 38, 39, 41, 42, 43, 44, 45, 46, 47, 49, 50, 51, 52, 53, 54, 55, 57, 58, 59, 60, 61, 62, 63, 65, 66, 67, 68, 69, 70, 71, 73, 74, 75, 76, 77, 78, 79, 81"
A195322,mul INT+ 5 sqr sub add n n INT+ 2,(5 mul (((n add n) sub 2))**2),"0, 20, 80, 180, 320, 500, 720, 980, 1280, 1620, 2000, 2420, 2880, 3380, 3920, 4500, 5120, 5780, 6480, 7220, 8000, 8820, 9680, 10580, 11520, 12500, 13520, 14580, 15680, 16820, 18000, 19220, 20480, 21780, 23120, 24500, 25920, 27380, 28880, 30420, 32000"
A048496,add mul INT+ 4 sub x_0_1 x_0_2 INT+ 3,((4 mul (x_0_1 sub x_0_2)) add 3),"1, 2, 7, 23, 67, 179, 451, 1091, 2563, 5891, 13315, 29699, 65539, 143363, 311299, 671747, 1441795, 3080195, 6553603, 13893635, 29360131, 61865987, 130023427, 272629763, 570425347, 1191182339, 2483027971, 5167382531"
A001611,add x_0_1 sub x_0_1 x_0_3,(x_0_1 add (x_0_1 sub x_0_3)),"1, 2, 2, 3, 4, 6, 9, 14, 22, 35, 56, 90, 145, 234, 378, 611, 988, 1598, 2585, 4182, 6766, 10947, 17712, 28658, 46369, 75026, 121394, 196419, 317812, 514230, 832041, 1346270, 2178310, 3524579, 5702888, 9227466, 14930353, 24157818, 39088170, 63245987, 102334156"
A055274,sub mul x_0_1 INT+ 8 INT- x_0_2,((x_0_1 mul 8) sub 0),"1, 7, 56, 448, 3584, 28672, 229376, 1835008, 14680064, 117440512, 939524096, 7516192768, 60129542144, 481036337152, 3848290697216, 30786325577728, 246290604621824, 1970324836974592, 15762598695796736, 126100789566373888, 1008806316530991104"
A030503,add n add x_0_1 idiv add n n INT+ 6,(n add (x_0_1 add ((n add n) idiv 6))),"2, 4, 8, 13, 19, 27, 36, 46, 58, 71, 85, 101, 118, 136, 156, 177, 199, 223, 248, 274, 302, 331, 361, 393, 426, 460, 496, 533, 571, 611, 652, 694, 738, 783, 829, 877, 926, 976, 1028, 1081, 1135, 1191, 1248, 1306, 1366, 1427, 1489, 1553, 1618"
A186380,add n idiv add n sqr n INT+ 8,(n add ((n add (n)**2) idiv 8)),"1, 2, 4, 6, 8, 11, 14, 17, 20, 23, 27, 31, 35, 40, 45, 50, 55, 60, 66, 72, 78, 85, 92, 99, 106, 113, 121, 129, 137, 146, 155, 164, 173, 182, 192, 202, 212, 223, 234, 245, 256, 267, 279, 291, 303, 316, 329, 342, 355, 368, 382, 396, 410, 425, 440, 455, 470, 485, 501, 517, 533, 550, 567, 584, 601, 618, 636, 654, 672, 691, 710, 729, 748, 767, 787, 807, 827, 848, 869, 890, 911, 932, 954, 976, 998, 1021, 1044"
A141310,add x_0_2 mod add n n INT+ 4,(x_0_2 add ((n add n) mod 4)),"1, 2, 3, 2, 5, 2, 7, 2, 9, 2, 11, 2, 13, 2, 15, 2, 17, 2, 19, 2, 21, 2, 23, 2, 25, 2, 27, 2, 29, 2, 31, 2, 33, 2, 35, 2, 37, 2, 39, 2, 41, 2, 43, 2, 45, 2, 47, 2, 49, 2, 51, 2, 53, 2, 55, 2, 57, 2, 59, 2, 61, 2, 63, 2, 65, 2, 67, 2, 69, 2, 71, 2, 73, 2, 75, 2, 77, 2, 79, 2, 81, 2, 83, 2, 85, 2, 87, 2, 89, 2, 91, 2, 93, 2, 95, 2, 97"
A257401,mul INT+ 5 sqr sub n sign x_0_2,(5 mul ((n sub sign(x_0_2)))**2),"0, 11, 20"
A290124,add x_0_1 mul add x_0_2 x_0_2 INT+ 6,(x_0_1 add ((x_0_2 add x_0_2) mul 6)),"1, 2, 14, 38, 206, 662, 3134, 11078, 48686, 181622, 765854, 2945318, 12135566, 47479382, 193106174, 762858758, 3080132846, 12234437942, 49196032094, 196009287398, 786361672526, 3138473121302, 12574813191614, 50236490647238, 201134248946606, 803972136713462, 3217583124072734"
A027444,mul add INT- 1 n add sqr sub n sign n n,((-1 add n) mul (((n sub sign(n)))**2 add n)),"0, 3, 14, 39, 84, 155, 258, 399, 584, 819, 1110, 1463, 1884, 2379, 2954, 3615, 4368, 5219, 6174, 7239, 8420, 9723, 11154, 12719, 14424, 16275, 18278, 20439, 22764, 25259, 27930, 30783, 33824, 37059, 40494, 44135, 47988, 52059, 56354, 60879, 65640, 70643, 75894"
A066982,add x_0_2 mod INT- 2 add x_0_1 n,(x_0_2 add (-2 mod (x_0_1 add n))),"1, 1, 3, 6, 12, 22, 39, 67, 113, 188, 310, 508, 829, 1349, 2191, 3554, 5760, 9330, 15107, 24455, 39581, 64056, 103658, 167736, 271417, 439177, 710619, 1149822, 1860468, 3010318, 4870815, 7881163, 12752009, 20633204, 33385246, 54018484, 87403765, 141422285"
A060106,add add n idiv x_0_1 INT+ 6 n,((n add (x_0_1 idiv 6)) add n),"1, 4, 6, 9, 11, 13, 16, 18, 21, 23, 25, 28, 30, 33, 35, 37, 40, 42, 45, 47, 49, 52, 54, 57, 59, 61, 64, 66, 69, 71, 73, 76, 78, 81, 83, 85, 88, 90, 93, 95, 97, 100, 102, 105, 107, 109, 112, 114, 117, 119, 121, 124, 126, 129, 131, 133, 136, 138, 141, 143, 145, 148"
A287392,sqr idiv sub n sign n INT- 5,(((n sub sign(n)) idiv -5))**2,"0, 1, 1, 1, 1, 1, 4, 4, 4, 4, 4, 9, 9, 9, 9, 9, 16, 16, 16, 16, 16, 25, 25, 25, 25, 25, 36, 36, 36, 36, 36, 49, 49, 49, 49, 49, 64, 64, 64, 64, 64, 81, 81, 81, 81, 81, 100, 100, 100, 100, 100, 121, 121, 121, 121, 121, 144, 144, 144, 144, 144, 169, 169, 169"
A270471,mul INT+ 7 mul x_0_1 sign x_0_2,(7 mul (x_0_1 mul sign(x_0_2))),"1, 4, 28, 196, 1372, 9604, 67228, 470596, 3294172, 23059204, 161414428, 1129900996, 7909306972, 55365148804, 387556041628, 2712892291396, 18990246039772, 132931722278404, 930522055948828, 6513654391641796, 45595580741492572, 319169065190448004"
A037576,sub mul x_0_1 INT+ 4 mod x_0_1 INT- 4,((x_0_1 mul 4) sub (x_0_1 mod -4)),"1, 7, 29, 119, 477, 1911, 7645, 30583, 122333, 489335, 1957341, 7829367, 31317469, 125269879, 501079517, 2004318071, 8017272285, 32069089143, 128276356573, 513105426295, 2052421705181, 8209686820727, 32838747282909"
A102214,idiv sqr add add n n add n INT- 1 INT+ 4,((((n add n) add (n add -1)))**2 idiv 4),"1, 6, 16, 30, 49, 72, 100, 132, 169, 210, 256, 306, 361, 420, 484, 552, 625, 702, 784, 870, 961, 1056, 1156, 1260, 1369, 1482, 1600, 1722, 1849, 1980, 2116, 2256, 2401, 2550, 2704, 2862, 3025, 3192, 3364, 3540, 3721, 3906, 4096, 4290, 4489, 4692, 4900"
A356527,mod x_0_5 add n n,(x_0_5 mod (n add n)),"1, 3, 5, 9, 5, 1"
A110656,idiv add INT+ 6 n INT+ 8,((6 add n) idiv 8),"0, 1, 1, 1, 1, 1, 1, 1, 1, 2, 2, 2, 2, 2, 2, 2, 2, 3, 3, 3, 3, 3, 3, 3, 3, 4, 4, 4, 4, 4, 4, 4, 4, 5, 5, 5, 5, 5, 5, 5, 5, 6, 6, 6, 6, 6, 6, 6, 6, 7, 7, 7, 7, 7, 7, 7, 7, 8, 8, 8, 8, 8, 8, 8, 8, 9, 9, 9, 9, 9, 9, 9, 9, 10, 10, 10, 10, 10, 10, 10, 10, 11, 11, 11, 11, 11, 11, 11, 11, 12, 12, 12, 12, 12"
A056914,sub mul INT+ 7 x_0_1 x_0_2,((7 mul x_0_1) sub x_0_2),"1, 11, 76, 521, 3571, 24476, 167761, 1149851, 7881196, 54018521, 370248451, 2537720636, 17393796001, 119218851371, 817138163596, 5600748293801, 38388099893011, 263115950957276, 1803423556807921, 12360848946698171"
A047573,add n idiv add n INT- 4 INT+ 7,(n add ((n add -4) idiv 7)),"0, 1, 2, 4, 5, 6, 7, 8, 9, 10, 12, 13, 14, 15, 16, 17, 18, 20, 21, 22, 23, 24, 25, 26, 28, 29, 30, 31, 32, 33, 34, 36, 37, 38, 39, 40, 41, 42, 44, 45, 46, 47, 48, 49, 50, 52, 53, 54, 55, 56, 57, 58, 60, 61, 62, 63, 64, 65, 66, 68, 69, 70, 71, 72, 73, 74, 76, 77, 78, 79, 80, 81"
A128209,add x_0_1 add x_0_2 sub x_0_2 INT+ 2,(x_0_1 add (x_0_2 add (x_0_2 sub 2))),"1, 2, 2, 4, 6, 12, 22, 44, 86, 172, 342, 684, 1366, 2732, 5462, 10924, 21846, 43692, 87382, 174764, 349526, 699052, 1398102, 2796204, 5592406, 11184812, 22369622, 44739244, 89478486, 178956972, 357913942, 715827884, 1431655766, 2863311532, 5726623062"
A280089,mul sqr sub INT+ 3 add n n n,(((3 sub (n add n)))**2 mul n),"1, 2, 27, 100, 245, 486, 847, 1352, 2025, 2890, 3971, 5292, 6877, 8750, 10935, 13456, 16337, 19602, 23275, 27380, 31941, 36982, 42527, 48600, 55225, 62426, 70227, 78652, 87725, 97470, 107911, 119072, 130977, 143650, 157115, 171396, 186517, 202502, 219375"
A003952,mul x_0_1 INT+ 9 add x_0_2 x_0_2,(x_0_1 mul 9),"1, 10, 90, 810, 7290, 65610, 590490, 5314410, 47829690, 430467210, 3874204890, 34867844010, 313810596090, 2824295364810, 25418658283290, 228767924549610, 2058911320946490, 18530201888518410, 166771816996665690, 1500946352969991210, 13508517176729920890"
A168195,sub x_0_6 INT- 6,(x_0_6 sub -6),"5, 0, 7, 2, 9, 4, 11, 6, 13, 8, 15, 10, 17, 12, 19, 14, 21, 16, 23, 18, 25, 20, 27, 22, 29, 24, 31, 26, 33, 28, 35, 30, 37, 32, 39, 34, 41, 36, 43, 38, 45, 40, 47, 42, 49, 44, 51, 46, 53, 48, 55, 50, 57, 52, 59, 54, 61, 56, 63, 58, 65, 60, 67, 62, 69, 64, 71, 66, 73"
A132308,add mul x_0_1 INT+ 3 sub add n n INT+ 3,((x_0_1 mul 3) add ((n add n) sub 3)),"1, 4, 15, 50, 157, 480, 1451, 4366, 13113, 39356, 118087, 354282, 1062869, 3188632, 9565923, 28697798, 86093425, 258280308, 774840959, 2324522914, 6973568781, 20920706384, 62762119195, 188286357630, 564859072937, 1694577218860"
A003048,mul sub n INT+ 2 add x_0_1 x_0_2,((n sub 2) mul (x_0_1 add x_0_2)),"1, 2, 3, 10, 39, 196, 1175, 8226, 65807, 592264, 5922639, 65149030, 781788359, 10163248668, 142285481351, 2134282220266, 34148515524255, 580524763912336, 10449445750422047, 198539469258018894"
A005991,add x_0_1 add add n n idiv n INT+ 6,(x_0_1 add ((n add n) add (n idiv 6))),"2, 6, 12, 20, 30, 43"
A048575,sub mul INT+ 3 x_0_1 x_0_2,((3 mul x_0_1) sub x_0_2),"2, 5, 13, 34, 89, 233, 610, 1597, 4181, 10946, 28657, 75025, 196418, 514229, 1346269, 3524578, 9227465, 24157817, 63245986, 165580141, 433494437, 1134903170, 2971215073, 7778742049, 20365011074, 53316291173, 139583862445, 365435296162, 956722026041"
A038154,mul add x_0_1 sub n INT+ 2 sub n sign n,((x_0_1 add (n sub 2)) mul (n sub sign(n))),"0, 0, 2, 12, 60, 320, 1950, 13692, 109592, 986400, 9864090, 108505100, 1302061332, 16926797472, 236975164790, 3554627472060, 56874039553200, 966858672404672, 17403456103284402, 330665665962403980, 6613313319248079980, 138879579704209680000"
A140674,add add x_0_1 mul n INT+ 3 INT+ 4,((x_0_1 add (n mul 3)) add 4),"0, 10, 23, 39, 58, 80, 105, 133, 164, 198, 235, 275, 318, 364, 413, 465, 520, 578, 639, 703, 770, 840, 913, 989, 1068, 1150, 1235, 1323, 1414, 1508, 1605, 1705, 1808, 1914, 2023, 2135, 2250, 2368, 2489, 2613, 2740, 2870, 3003, 3139"
A140672,add add x_0_1 mul INT+ 3 n INT+ 2,((x_0_1 add (3 mul n)) add 2),"0, 8, 19, 33, 50, 70, 93, 119, 148, 180, 215, 253, 294, 338, 385, 435, 488, 544, 603, 665, 730, 798, 869, 943, 1020, 1100, 1183, 1269, 1358, 1450, 1545, 1643, 1744, 1848, 1955, 2065, 2178, 2294, 2413, 2535, 2660, 2788, 2919, 3053"
A055999,add add x_0_1 n INT+ 2,((x_0_1 add n) add 2),"0, 4, 9, 15, 22, 30, 39, 49, 60, 72, 85, 99, 114, 130, 147, 165, 184, 204, 225, 247, 270, 294, 319, 345, 372, 400, 429, 459, 490, 522, 555, 589, 624, 660, 697, 735, 774, 814, 855, 897, 940, 984, 1029, 1075, 1122, 1170, 1219, 1269, 1320, 1372, 1425, 1479"
A174677,mul add x_0_1 x_0_1 x_0_2 INT+ 7,((x_0_1 add x_0_1) mul x_0_2),"1, 1, 2, 4, 16, 128, 4096, 1048576, 8589934592, 18014398509481984, 309485009821345068724781056, 11150372599265311570767859136324180752990208"
A022143,add x_0_1 x_0_2,(x_0_1 add x_0_2),"5, 19, 24, 43, 67, 110, 177, 287, 464, 751, 1215, 1966, 3181, 5147, 8328, 13475, 21803, 35278, 57081, 92359, 149440, 241799, 391239, 633038, 1024277, 1657315, 2681592, 4338907, 7020499, 11359406"
A123166,sub INT- 3 mul INT- 4 x_0_1 x_0_2,(-3 sub (-4 mul x_0_1)),"1, 2, 5, 17, 65, 257, 1025, 4097, 16385, 65537, 262145, 1048577, 4194305, 16777217, 67108865, 268435457, 1073741825, 4294967297, 17179869185, 68719476737, 274877906945, 1099511627777, 4398046511105, 17592186044417, 70368744177665, 281474976710657, 1125899906842625, 4503599627370497, 18014398509481985"
A006138,add x_0_1 mul INT+ 3 x_0_2,(x_0_1 add (3 mul x_0_2)),"1, 2, 5, 11, 26, 59, 137, 314, 725, 1667, 3842, 8843, 20369, 46898, 108005, 248699, 572714, 1318811, 3036953, 6993386, 16104245, 37084403, 85397138, 196650347, 452841761, 1042792802, 2401318085, 5529696491, 12733650746, 29322740219, 67523692457, 155491913114"
A018691,mul x_0_2 add INT+ 9 INT+ 8,(x_0_2 mul (9 add 8)),"1, 3, 17, 51, 289, 867"
A081438,add x_0_1 mod INT- 2 mul n add add n n n,(x_0_1 add (-2 mod (n mul ((n add n) add n)))),"1, 11, 36, 82, 155, 261, 406, 596, 837, 1135, 1496, 1926, 2431, 3017, 3690, 4456, 5321, 6291, 7372, 8570, 9891, 11341, 12926, 14652, 16525, 18551, 20736, 23086, 25607, 28305, 31186, 34256, 37521, 40987, 44660, 48546, 52651, 56981, 61542, 66340"
A054127,add x_0_1 add sub x_0_1 idiv n x_0_1 n,(x_0_1 add ((x_0_1 sub (n idiv x_0_1)) add n)),"2, 5, 13, 30, 65, 136, 279, 566, 1141, 2292, 4595, 9202, 18417, 36848, 73711, 147438, 294893, 589804, 1179627, 2359274, 4718569, 9437160, 18874343, 37748710, 75497445, 150994916, 301989859, 603979746, 1207959521"
A215146,add x_0_1 sub x_0_1 x_0_2,(x_0_1 add (x_0_1 sub x_0_2)),"1, 22, 43, 64, 85, 106, 127, 148, 169, 190, 211, 232, 253, 274, 295, 316, 337, 358, 379, 400, 421, 442, 463, 484, 505, 526, 547, 568, 589, 610, 631, 652, 673, 694, 715, 736, 757, 778, 799, 820, 841, 862, 883, 904, 925, 946, 967, 988"
A011985,add n add n mod INT- 8 add n x_0_1,(n add (n add (-8 mod (n add x_0_1)))),"1, 5, 6, 10, 17"
A000510,add INT+ 2 add x_0_2 idiv mod n n x_0_6,(2 add (x_0_2 add ((n mod n) idiv x_0_6))),"7, 9, 9, 11, 15, 15, 17"
A132479,add x_0_1 mul x_0_1 sign x_0_3,(x_0_1 add (x_0_1 mul sign(x_0_3))),"1, 5, 16, 32, 64, 128, 256, 512, 1024, 2048, 4096, 8192, 16384, 32768, 65536, 131072, 262144, 524288, 1048576, 2097152, 4194304, 8388608, 16777216, 33554432, 67108864, 134217728, 268435456, 536870912, 1073741824, 2147483648, 4294967296, 8589934592"
A084058,add x_0_1 sub x_0_1 mul INT- 7 x_0_2,(x_0_1 add (x_0_1 sub (-7 mul x_0_2))),"1, 1, 9, 25, 113, 401, 1593, 5993, 23137, 88225, 338409, 1294393, 4957649, 18976049, 72655641, 278143625, 1064876737, 4076758849, 15607654857, 59752621657, 228758827313, 875786006225, 3352883803641, 12836269650857, 49142725927201"
A216491,mul x_0_1 INT+ 5,(x_0_1 mul 5),"12, 60, 300, 1500, 7500, 37500, 187500, 937500, 4687500, 23437500, 117187500, 585937500, 2929687500, 14648437500, 73242187500, 366210937500, 1831054687500, 9155273437500, 45776367187500, 228881835937500, 1144409179687500, 5722045898437500, 28610229492187500"
A211434,add x_0_1 mul idiv add n n INT+ 5 INT+ 4,(x_0_1 add (((n add n) idiv 5) mul 4)),"1, 1, 5, 9, 17, 25, 33, 45, 57, 73, 89, 105, 125, 145, 169, 193, 217, 245, 273, 305, 337, 369, 405, 441, 481, 521, 561, 605, 649, 697, 745, 793, 845, 897, 953, 1009, 1065, 1125, 1185, 1249, 1313, 1377, 1445, 1513, 1585, 1657, 1729, 1805, 1881"
A003683,add x_0_1 add x_0_1 mul INT+ 8 x_0_2,(x_0_1 add (x_0_1 add (8 mul x_0_2))),"0, 1, 2, 12, 40, 176, 672, 2752, 10880, 43776, 174592, 699392, 2795520, 11186176, 44736512, 178962432, 715816960, 2863333376, 11453202432, 45813071872, 183251763200, 733008101376, 2932030308352, 11728125427712"
A134816,add x_0_2 x_0_3,(x_0_2 add x_0_3),"1, 1, 1, 2, 2, 3, 4, 5, 7, 9, 12, 16, 21, 28, 37, 49, 65, 86, 114, 151, 200, 265, 351, 465, 616, 816, 1081, 1432, 1897, 2513, 3329, 4410, 5842, 7739, 10252, 13581, 17991, 23833, 31572, 41824, 55405, 73396, 97229, 128801, 170625, 226030, 299426, 396655"
A022128,add x_0_1 x_0_2,(x_0_1 add x_0_2),"3, 19, 22, 41, 63, 104, 167, 271, 438, 709, 1147, 1856, 3003, 4859, 7862, 12721, 20583, 33304, 53887, 87191, 141078, 228269, 369347, 597616, 966963, 1564579, 2531542, 4096121, 6627663, 10723784"
A057720,abs x_0_6,abs(x_0_6),"2, 0, 6, 7, 6, 8, 2"
A003893,mod add x_0_1 x_0_2 INT+ 1 0,((x_0_1 add x_0_2) mod 10),"0, 1, 1, 2, 3, 5, 8, 3, 1, 4, 5, 9, 4, 3, 7, 0, 7, 7, 4, 1, 5, 6, 1, 7, 8, 5, 3, 8, 1, 9, 0, 9, 9, 8, 7, 5, 2, 7, 9, 6, 5, 1, 6, 7, 3, 0, 3, 3, 6, 9, 5, 4, 9, 3, 2, 5, 7, 2, 9, 1, 0, 1, 1, 2, 3, 5, 8, 3, 1, 4, 5, 9, 4, 3, 7, 0, 7, 7, 4, 1, 5, 6, 1, 7, 8, 5, 3, 8, 1, 9, 0, 9, 9, 8, 7, 5, 2, 7, 9, 6, 5, 1, 6, 7, 3"
A007887,mod add x_0_1 x_0_2 INT+ 9,((x_0_1 add x_0_2) mod 9),"0, 1, 1, 2, 3, 5, 8, 4, 3, 7, 1, 8, 0, 8, 8, 7, 6, 4, 1, 5, 6, 2, 8, 1, 0, 1, 1, 2, 3, 5, 8, 4, 3, 7, 1, 8, 0, 8, 8, 7, 6, 4, 1, 5, 6, 2, 8, 1, 0, 1, 1, 2, 3, 5, 8, 4, 3, 7, 1, 8, 0, 8, 8, 7, 6, 4, 1, 5, 6, 2, 8, 1, 0, 1, 1, 2, 3, 5, 8, 4, 3"
A182136,add n idiv add x_0_2 n INT+ 2,(n add ((x_0_2 add n) idiv 2)),"1, 3, 5, 7, 10, 12, 15, 18, 21"
A105955,mod add x_0_1 x_0_2 add INT+ 1 0 sign n,((x_0_1 add x_0_2) mod (10 add sign(n))),"0, 1, 1, 2, 3, 5, 8, 2, 10, 1, 0, 1, 1, 2, 3, 5, 8, 2, 10, 1, 0, 1, 1, 2, 3, 5, 8, 2, 10, 1, 0, 1, 1, 2, 3, 5, 8, 2, 10, 1, 0, 1, 1, 2, 3, 5, 8, 2, 10, 1, 0, 1, 1, 2, 3, 5, 8, 2, 10, 1, 0, 1, 1, 2, 3, 5, 8, 2, 10, 1, 0, 1, 1, 2, 3, 5, 8, 2, 10, 1, 0, 1, 1, 2, 3, 5, 8, 2, 10, 1, 0, 1, 1, 2, 3, 5, 8, 2, 10, 1, 0"
A209876,add INT- 6 mul sqr INT- 6 n,(-6 add ((-6)**2 mul n)),"30, 66, 102, 138, 174, 210, 246, 282, 318, 354, 390, 426, 462, 498, 534, 570, 606, 642, 678, 714, 750, 786, 822, 858, 894, 930, 966, 1002, 1038, 1074, 1110, 1146, 1182, 1218, 1254, 1290, 1326, 1362, 1398, 1434, 1470, 1506, 1542, 1578, 1614, 1650, 1686, 1722, 1758, 1794, 1830, 1866, 1902, 1938, 1974"
A106675,add INT+ 4 mul x_0_2 sign x_0_6,(4 add (x_0_2 mul sign(x_0_6))),"0, 2, 7, 13, 21, 22, 25"
A070063,sub INT+ 9 mul x_0_3 sign x_0_6,(9 sub (x_0_3 mul sign(x_0_6))),"1, 3, 8, 0, 6, 4, 9"
A070433,mod sqr sub INT+ 1 0 n INT+ 9,(((10 sub n))**2 mod 9),"0, 1, 4, 0, 7, 7, 0, 4, 1, 0, 1, 4, 0, 7, 7, 0, 4, 1, 0, 1, 4, 0, 7, 7, 0, 4, 1, 0, 1, 4, 0, 7, 7, 0, 4, 1, 0, 1, 4, 0, 7, 7, 0, 4, 1, 0, 1, 4, 0, 7, 7, 0, 4, 1, 0, 1, 4, 0, 7, 7, 0, 4, 1, 0, 1, 4, 0, 7, 7, 0, 4, 1, 0, 1, 4, 0, 7, 7, 0, 4, 1, 0, 1, 4, 0, 7, 7, 0, 4, 1, 0, 1, 4, 0, 7, 7, 0, 4, 1, 0, 1"
A004275,add INT+ 2 mul x_0_1 sign x_0_3,(2 add (x_0_1 mul sign(x_0_3))),"0, 1, 2, 4, 6, 8, 10, 12, 14, 16, 18, 20, 22, 24, 26, 28, 30, 32, 34, 36, 38, 40, 42, 44, 46, 48, 50, 52, 54, 56, 58, 60, 62, 64, 66, 68, 70, 72, 74, 76, 78, 80, 82, 84, 86, 88, 90, 92, 94, 96, 98, 100, 102, 104"
A000969,add x_0_1 idiv mul INT+ 8 n INT+ 6,(x_0_1 add ((8 mul n) idiv 6)),"1, 3, 7, 12, 18, 26, 35, 45, 57, 70, 84, 100, 117, 135, 155, 176, 198, 222, 247, 273, 301, 330, 360, 392, 425, 459, 495, 532, 570, 610, 651, 693, 737, 782, 828, 876, 925, 975, 1027, 1080, 1134, 1190, 1247, 1305, 1365, 1426, 1488, 1552, 1617, 1683, 1751, 1820, 1890"
A098403,relu x_0_6,relu(x_0_6),"1, 5, 0, 6, 5, 9, 1"
A055270,add mul x_0_1 INT+ 7 idiv sign n x_0_2,((x_0_1 mul 7) add (sign(n) idiv x_0_2)),"1, 5, 36, 252, 1764, 12348, 86436, 605052, 4235364, 29647548, 207532836, 1452729852, 10169108964, 71183762748, 498286339236, 3488004374652, 24416030622564, 170912214357948, 1196385500505636, 8374698503539452, 58622889524776164, 410360226673433148, 2872521586714032036"
A097879,mod sqr sub sign x_0_6 n INT+ 7,(((sign(x_0_6) sub n))**2 mod 7),"2, 4, 7, 0, 7, 7, 1"
A145230,add x_0_1 mod idiv INT- 1 0 n add x_0_1 n,(x_0_1 add ((-10 idiv n) mod (x_0_1 add n))),"1, 2, 3, 7, 17, 38"
A125677,add x_0_2 mod x_0_1 add n INT- 1,(x_0_2 add (x_0_1 mod (n add -1))),"1, 1, 2, 3, 5, 3, 8, 4, 12, 7, 19, 15, 22, 24, 32, 26, 42, 34, 58, 35, 73, 45, 74, 50, 76, 51, 101, 71, 116, 71, 127, 74, 137, 79, 148, 87, 163, 102, 189, 135, 204, 175, 211, 214, 249, 238, 257, 260, 277, 292, 319, 305, 364, 351, 391, 357, 412, 370, 434, 391, 465, 429"
A164675,mul x_0_2 INT+ 8,(x_0_2 mul 8),"1, 12, 8, 96, 64, 768, 512, 6144, 4096, 49152, 32768, 393216, 262144, 3145728, 2097152, 25165824, 16777216, 201326592, 134217728, 1610612736, 1073741824, 12884901888, 8589934592, 103079215104, 68719476736, 824633720832"
A058331,add x_0_1 sub x_0_1 sub x_0_2 INT+ 4,(x_0_1 add (x_0_1 sub (x_0_2 sub 4))),"1, 3, 9, 19, 33, 51, 73, 99, 129, 163, 201, 243, 289, 339, 393, 451, 513, 579, 649, 723, 801, 883, 969, 1059, 1153, 1251, 1353, 1459, 1569, 1683, 1801, 1923, 2049, 2179, 2313, 2451, 2593, 2739, 2889, 3043, 3201, 3363, 3529, 3699, 3873, 4051"
A003829,mul INT+ 4 sub x_0_2 x_0_4,(4 mul (x_0_2 sub x_0_4)),"1, 4, 4, 8, 12, 16"
A131898,add x_0_1 add sub x_0_1 n sub INT+ 7 n,(x_0_1 add ((x_0_1 sub n) add (7 sub n))),"1, 5, 11, 21, 39, 73, 139, 269, 527, 1041, 2067, 4117, 8215, 16409, 32795, 65565, 131103, 262177, 524323, 1048613, 2097191, 4194345, 8388651, 16777261, 33554479, 67108913, 134217779, 268435509, 536870967, 1073741881, 2147483707, 4294967357, 8589934655, 17179869249"
A128037,add x_0_2 mod INT+ 2 add n x_0_6,(x_0_2 add (2 mod (n add x_0_6))),"4, 4, 6, 9, 12, 12, 14"
A113801,add add INT+ 1 0 x_0_2 INT+ 4,((10 add x_0_2) add 4),"1, 13, 15, 27, 29, 41, 43, 55, 57, 69, 71, 83, 85, 97, 99, 111, 113, 125, 127, 139, 141, 153, 155, 167, 169, 181, 183, 195, 197, 209, 211, 223, 225, 237, 239, 251, 253, 265, 267, 279, 281, 293, 295, 307, 309, 321, 323, 335, 337, 349, 351, 363, 365, 377, 379"
A151900,add INT+ 6 add x_0_2 idiv mod n n x_0_6,(6 add (x_0_2 add ((n mod n) idiv x_0_6))),"19, 24, 53, 59, 67, 68, 73"
A098603,add add add x_0_1 INT+ 7 n n,(((x_0_1 add 7) add n) add n),"0, 11, 24, 39, 56, 75, 96, 119, 144, 171, 200, 231, 264, 299, 336, 375, 416, 459, 504, 551, 600, 651, 704, 759, 816, 875, 936, 999, 1064, 1131, 1200, 1271, 1344, 1419, 1496, 1575, 1656, 1739, 1824, 1911, 2000, 2091, 2184, 2279, 2376, 2475, 2576, 2679, 2784"
A248375,add n idiv add n INT- 9 INT+ 8,(n add ((n add -9) idiv 8)),"0, 1, 2, 3, 4, 5, 6, 7, 9, 10, 11, 12, 13, 14, 15, 16, 18, 19, 20, 21, 22, 23, 24, 25, 27, 28, 29, 30, 31, 32, 33, 34, 36, 37, 38, 39, 40, 41, 42, 43, 45, 46, 47, 48, 49, 50, 51, 52, 54, 55, 56, 57, 58, 59, 60, 61, 63, 64, 65, 66, 67, 68, 69, 70, 72, 73, 74, 75, 76, 77, 78, 79, 81, 82, 83, 84, 85, 86, 87, 88, 90, 91, 92, 93, 94, 95"
A062383,mul x_0_1 sub INT+ 2 idiv x_0_1 n,(x_0_1 mul (2 sub (x_0_1 idiv n))),"1, 2, 4, 4, 8, 8, 8, 8, 16, 16, 16, 16, 16, 16, 16, 16, 32, 32, 32, 32, 32, 32, 32, 32, 32, 32, 32, 32, 32, 32, 32, 32, 64, 64, 64, 64, 64, 64, 64, 64, 64, 64, 64, 64, 64, 64, 64, 64, 64, 64, 64, 64, 64, 64, 64, 64, 64, 64, 64, 64, 64, 64, 64, 64, 128, 128, 128, 128, 128, 128"
A037698,add mul INT+ 7 x_0_1 mod n INT+ 4,((7 mul x_0_1) add (n mod 4)),"1, 9, 66, 462, 3235, 22647, 158532, 1109724, 7768069, 54376485, 380635398, 2664447786, 18651134503, 130557941523, 913905590664, 6397339134648, 44781373942537, 313469617597761, 2194287323184330"
A187679,sub INT+ 1 0 x_0_6,(10 sub x_0_6),"1, 1, 3, 3, 5, 6, 9"
A248650,mod sub INT+ 7 x_0_2 add x_0_6 n,((7 sub x_0_2) mod (x_0_6 add n)),"1, 6, 7, 3, 5, 3, 2"
A254272,mod sub INT+ 7 x_0_3 add x_0_6 n,((7 sub x_0_3) mod (x_0_6 add n)),"7, 8, 9, 1, 0, 3, 6"
A254293,mod sub INT+ 9 x_0_2 add x_0_6 n,((9 sub x_0_2) mod (x_0_6 add n)),"5, 0, 0, 7, 3, 5, 6"
A254154,mul x_0_2 sign x_0_6,(x_0_2 mul sign(x_0_6)),"5, 9, 7, 1, 9, 1, 9"
A254294,sub INT+ 7 mul x_0_3 sign x_0_6,(7 sub (x_0_3 mul sign(x_0_6))),"4, 5, 0, 0, 3, 8, 7"
A254279,abs x_0_6,abs(x_0_6),"3, 3, 4, 3, 5, 8, 3"
A254271,mod sub INT+ 7 x_0_3 add x_0_6 n,((7 sub x_0_3) mod (x_0_6 add n)),"2, 3, 5, 0, 5, 1, 7"
A254270,relu x_0_6,relu(x_0_6),"1, 8, 5, 4, 8, 0, 1"
A122041,add add x_0_1 sub x_0_1 INT+ 8 INT+ 7,((x_0_1 add (x_0_1 sub 8)) add 7),"23, 45, 89, 177, 353, 705, 1409, 2817, 5633, 11265, 22529, 45057, 90113, 180225, 360449, 720897, 1441793, 2883585, 5767169, 11534337, 23068673, 46137345, 92274689, 184549377, 369098753, 738197505, 1476395009, 2952790017"
A254291,abs x_0_6,abs(x_0_6),"1, 8, 8, 3, 5, 3, 1"
A254246,idiv x_0_2 sign x_0_6,(x_0_2 idiv sign(x_0_6)),"8, 4, 7, 8, 3, 5, 3"
A242890,add x_0_2 mul idiv INT+ 8 n x_0_6,(x_0_2 add ((8 idiv n) mul x_0_6)),"8, 16, 16, 16, 16, 16, 24"
A254273,abs x_0_6,abs(x_0_6),"1, 9, 9, 2, 8, 5, 1"
A280537,add x_0_2 mod INT+ 4 add n x_0_6,(x_0_2 add (4 mod (n add x_0_6))),"5, 8, 10, 13, 16, 18, 20"
A136169,add x_0_1 sub x_0_1 idiv add n n INT+ 6,(x_0_1 add (x_0_1 sub ((n add n) idiv 6))),"1, 2, 3, 5, 9, 16, 30, 58, 113, 223, 443, 882, 1760, 3516, 7027, 14049, 28093, 56180, 112354, 224702, 449397, 898787, 1797567, 3595126, 7190244, 14380480, 28760951, 57521893, 115043777, 230087544, 460175078, 920350146, 1840700281, 3681400551"
A158797,add x_0_1 mul sqr INT+ 6 x_0_2,(x_0_1 add ((6)**2 mul x_0_2)),"1, 6, 42, 258, 1770, 11058, 74778, 472866, 3164874, 20188050, 134123514, 860893314, 5689339818, 36681499122, 241497732570, 1562031700962, 10255950073482, 66489091308114, 435703293953466, 2829310581045570"
A168233,sub x_0_6 INT- 9,(x_0_6 sub -9),"1, 4, 4, 7, 7, 10, 10, 13, 13, 16, 16, 19, 19, 22, 22, 25, 25, 28, 28, 31, 31, 34, 34, 37, 37, 40, 40, 43, 43, 46, 46, 49, 49, 52, 52, 55, 55, 58, 58, 61, 61, 64, 64, 67, 67, 70, 70, 73, 73, 76, 76, 79, 79, 82, 82, 85, 85, 88, 88, 91, 91, 94, 94, 97, 97, 100, 100, 103, 103, 106"
A289487,mod sub INT+ 7 x_0_2 add x_0_6 n,((7 sub x_0_2) mod (x_0_6 add n)),"6, 0, 3, 6, 7, 6, 0"
A093134,sub mul INT+ 8 add x_0_2 x_0_1 x_0_1,((8 mul (x_0_2 add x_0_1)) sub x_0_1),"1, 0, 8, 56, 456, 3640, 29128, 233016, 1864136, 14913080, 119304648, 954437176, 7635497416, 61083979320, 488671834568, 3909374676536, 31274997412296, 250199979298360, 2001599834386888, 16012798675095096, 128102389400760776"
A110286,mul x_0_1 INT+ 2,(x_0_1 mul 2),"15, 30, 60, 120, 240, 480, 960, 1920, 3840, 7680, 15360, 30720, 61440, 122880, 245760, 491520, 983040, 1966080, 3932160, 7864320, 15728640, 31457280, 62914560, 125829120, 251658240, 503316480, 1006632960, 2013265920, 4026531840, 8053063680, 16106127360"
A133631,add x_0_1 mul INT- 4 x_0_2,(x_0_1 add (-4 mul x_0_2)),"1, 2, -2, -10, -2, 38, 46, -106, -290, 134, 1294, 758, -4418, -7450, 10222, 40022, -866, -160954, -157490, 486326, 1116286, -829018, -5294162, -1978090, 19198558, 27110918, -49683314, -158126986, 40606270, 673114214, 510689134, -2181767722, -4224524258"
A022985,add x_0_1 idiv INT- 1 0 add x_0_1 n,(x_0_1 add (-10 idiv (x_0_1 add n))),"29, 28, 27, 26, 25, 24, 23, 22, 21, 20, 19, 18, 17, 16, 15, 14, 13, 12, 11, 10, 9, 8, 7, 6, 5, 4, 3, 2, 1, 0, -1, -2, -3, -4, -5, -6, -7, -8, -9, -10, -11, -12, -13, -14, -15, -16, -17, -18, -19, -20, -21, -22, -23, -24, -25, -26, -27, -28, -29, -30, -31"
A331057,abs x_0_6,abs(x_0_6),"1, 10, 10, 20, 10, 10, 1"
A047594,add n idiv x_0_1 INT+ 8,(n add (x_0_1 idiv 8)),"0, 2, 3, 4, 5, 6, 7, 8, 10, 11, 12, 13, 14, 15, 16, 18, 19, 20, 21, 22, 23, 24, 26, 27, 28, 29, 30, 31, 32, 34, 35, 36, 37, 38, 39, 40, 42, 43, 44, 45, 46, 47, 48, 50, 51, 52, 53, 54, 55, 56, 58, 59, 60, 61, 62, 63, 64, 66, 67, 68, 69, 70, 71, 72, 74, 75, 76"
A331064,abs x_0_6,abs(x_0_6),"1, 5, 5, 10, 5, 5, 1"
A331063,abs x_0_6,abs(x_0_6),"1, 3, 9, 6, 9, 3, 1"
A331067,abs x_0_6,abs(x_0_6),"1, 4, 8, 8, 8, 8, 1"
A331058,abs x_0_6,abs(x_0_6),"1, 3, 6, 6, 6, 3, 1"
A192979,add add x_0_1 sub x_0_1 x_0_3 INT+ 2,((x_0_1 add (x_0_1 sub x_0_3)) add 2),"1, 1, 4, 9, 19, 36, 65, 113, 192, 321, 531, 872, 1425, 2321, 3772, 6121, 9923, 16076, 26033, 42145, 68216, 110401, 178659, 289104, 467809, 756961, 1224820, 1981833, 3206707, 5188596, 8395361, 13584017, 21979440, 35563521, 57543027, 93106616"
A300576,add x_0_3 mul INT+ 6 sign x_0_6,(x_0_3 add (6 mul sign(x_0_6))),"1, 2, 2, 4, 6, 8, 10, 12, 14, 16, 18, 20, 22, 24, 26, 28, 30, 32, 34, 36, 38, 40, 42, 44, 46, 48, 50, 52, 54, 56, 58, 60, 62, 64, 66, 68, 70, 72, 74, 76, 78, 80, 82, 84, 86, 88, 90, 92, 94, 96, 98, 100, 102, 104, 106, 108, 110, 112, 114, 116, 118, 120, 122"
A298808,abs x_0_6,abs(x_0_6),"1, 3, 4, 6, 6, 3, 1"
A070512,mod sqr sqr sub sign n n INT+ 7,((((sign(n) sub n))**2)**2 mod 7),"0, 1, 2, 4, 4, 2, 1, 0, 1, 2, 4, 4, 2, 1, 0, 1, 2, 4, 4, 2, 1, 0, 1, 2, 4, 4, 2, 1, 0, 1, 2, 4, 4, 2, 1, 0, 1, 2, 4, 4, 2, 1, 0, 1, 2, 4, 4, 2, 1, 0, 1, 2, 4, 4, 2, 1, 0, 1, 2, 4, 4, 2, 1, 0, 1, 2, 4, 4, 2, 1, 0, 1, 2, 4, 4, 2, 1, 0, 1, 2, 4, 4, 2, 1, 0, 1, 2, 4, 4, 2, 1, 0, 1, 2, 4, 4, 2, 1, 0, 1, 2"
A305333,sqr mod sqr x_0_5 mul INT+ 6 n,(((x_0_5)**2 mod (6 mul n)))**2,"1, 2, 1, 4, 1, 1, 16"
A098934,add mod INT- 1 0 add add n x_0_1 n n,((-10 mod ((n add x_0_1) add n)) add n),"1, 2, 9, 11, 16"
A173196,add x_0_1 idiv sqr sub n sign n INT+ 4,(x_0_1 add (((n sub sign(n)))**2 idiv 4)),"0, 0, 1, 3, 7, 13, 22, 34, 50, 70, 95, 125, 161, 203, 252, 308, 372, 444, 525, 615, 715, 825, 946, 1078, 1222, 1378, 1547, 1729, 1925, 2135, 2360, 2600, 2856, 3128, 3417, 3723, 4047, 4389, 4750, 5130, 5530, 5950, 6391, 6853, 7337, 7843, 8372, 8924, 9500"
A170757,mul x_0_1 sub sqr INT+ 6 idiv INT- 3 n,(x_0_1 mul ((6)**2 sub (-3 idiv n))),"1, 38, 1406, 52022, 1924814, 71218118, 2635070366, 97497603542, 3607411331054, 133474219248998, 4938546112212926, 182726206151878262, 6760869627619495694, 250152176221921340678, 9255630520211089605086, 342458329247810315388182"
A004442,add INT+ 4 x_0_4,(4 add x_0_4),"1, 0, 3, 2, 5, 4, 7, 6, 9, 8, 11, 10, 13, 12, 15, 14, 17, 16, 19, 18, 21, 20, 23, 22, 25, 24, 27, 26, 29, 28, 31, 30, 33, 32, 35, 34, 37, 36, 39, 38, 41, 40, 43, 42, 45, 44, 47, 46, 49, 48, 51, 50, 53, 52, 55, 54, 57, 56, 59, 58, 61, 60, 63, 62, 65, 64, 67, 66, 69"
A357473,mul INT+ 2 sub n sign x_0_6,(2 mul (n sub sign(x_0_6))),"1, 0, 0, 10, 8, 12, 12"
A194069,add x_0_1 mul idiv add n n INT+ 3 INT+ 2,(x_0_1 add (((n add n) idiv 3) mul 2)),"1, 3, 7, 11, 17, 25, 33, 43, 55, 67, 81, 97, 113, 131, 151, 171, 193, 217, 241, 267, 295, 323, 353, 385, 417, 451, 487, 523, 561, 601, 641, 683, 727, 771, 817, 865, 913, 963, 1015, 1067, 1121, 1177, 1233, 1291, 1351, 1411"
A056000,add add x_0_1 sub x_0_1 x_0_2 sign n,((x_0_1 add (x_0_1 sub x_0_2)) add sign(n)),"0, 5, 11, 18, 26, 35, 45, 56, 68, 81, 95, 110, 126, 143, 161, 180, 200, 221, 243, 266, 290, 315, 341, 368, 396, 425, 455, 486, 518, 551, 585, 620, 656, 693, 731, 770, 810, 851, 893, 936, 980, 1025, 1071, 1118, 1166, 1215, 1265, 1316, 1368, 1421, 1475"
A350965,sub mul INT+ 1 0 x_0_1 x_0_2,((10 mul x_0_1) sub x_0_2),"2, 22, 218, 2158, 21362, 211462, 2093258, 20721118, 205117922, 2030458102, 20099463098, 198964172878, 1969542265682, 19496458483942, 192995042573738, 1910453967253438, 18911544629960642, 187204992332352982, 1853138378693569178"
A224384,add mul sqr INT- 4 sub x_0_1 sign n x_0_1,(((-4)**2 mul (x_0_1 sub sign(n))) add x_0_1),"2, 18, 290, 4914, 83522, 1419858, 24137570, 410338674, 6975757442, 118587876498, 2015993900450, 34271896307634, 582622237229762, 9904578032905938, 168377826559400930, 2862423051509815794, 48661191875666868482, 827240261886336764178, 14063084452067724991010"
A081250,add mul INT+ 3 sub x_0_1 x_0_3 x_0_2,((3 mul (x_0_1 sub x_0_3)) add x_0_2),"1, 3, 11, 33, 101, 303, 911, 2733, 8201, 24603, 73811, 221433, 664301, 1992903, 5978711, 17936133, 53808401, 161425203, 484275611, 1452826833, 4358480501, 13075441503, 39226324511, 117678973533, 353036920601, 1059110761803"
A180579,mul INT+ 3 mul n sub mul n INT+ 8 INT+ 3,(3 mul (n mul ((n mul 8) sub 3))),"15, 78, 189, 348, 555, 810, 1113, 1464, 1863, 2310, 2805, 3348, 3939, 4578, 5265, 6000, 6783, 7614, 8493, 9420, 10395, 11418, 12489, 13608, 14775, 15990, 17253, 18564, 19923, 21330, 22785, 24288, 25839, 27438, 29085, 30780, 32523, 34314"
A110384,mul x_0_1 add mod INT- 1 n x_0_1,(x_0_1 mul ((-1 mod n) add x_0_1)),"1, 2, 8, 88, 8096, 65585696, 4301483913318592, 18502763856538658405109886092608, 342352270330833327273885765082712290623512199361069533040982528"
A098296,sub mul x_0_1 INT+ 9 sub x_0_2 INT+ 2,((x_0_1 mul 9) sub (x_0_2 sub 2)),"0, 1, 11, 100, 891, 7921, 70400, 625681, 5560731, 49420900, 439227371, 3903625441, 34693401600, 308336988961, 2740339499051, 24354718502500, 216452127023451, 1923714424708561, 17096977695353600, 151949084833473841"
A049684,sub mul x_0_1 INT+ 7 sub x_0_2 INT+ 2,((x_0_1 mul 7) sub (x_0_2 sub 2)),"0, 1, 9, 64, 441, 3025, 20736, 142129, 974169, 6677056, 45765225, 313679521, 2149991424, 14736260449, 101003831721, 692290561600, 4745030099481, 32522920134769, 222915410843904, 1527884955772561, 10472279279564025"
A203175,add x_0_3 add x_0_3 x_0_1,(x_0_3 add (x_0_3 add x_0_1)),"1, 1, 2, 4, 6, 10, 18, 30, 50, 86, 146, 246, 418, 710, 1202, 2038, 3458, 5862, 9938, 16854, 28578, 48454, 82162, 139318, 236226, 400550, 679186, 1151638, 1952738, 3311110, 5614386, 9519862, 16142082, 27370854, 46410578, 78694742, 133436450, 226257606"
A018680,mul x_0_2 add INT+ 7 INT+ 4,(x_0_2 mul (7 add 4)),"1, 7, 11, 77, 121, 847"
A259054,add x_0_1 add INT- 8 mul n INT+ 8,(x_0_1 add (-8 add (n mul 8))),"19, 27, 43, 67, 99, 139, 187, 243, 307, 379, 459, 547, 643, 747, 859, 979, 1107, 1243, 1387, 1539, 1699, 1867, 2043, 2227, 2419, 2619, 2827, 3043, 3267, 3499, 3739, 3987, 4243, 4507, 4779, 5059, 5347, 5643, 5947, 6259, 6579, 6907, 7243, 7587, 7939, 8299, 8667, 9043, 9427, 9819"
A189274,sub x_0_1 mul INT- 4 x_0_1 x_0_2,(x_0_1 sub (-4 mul x_0_1)),"1, 9, 45, 225, 1125, 5625, 28125, 140625, 703125, 3515625, 17578125, 87890625, 439453125, 2197265625, 10986328125, 54931640625, 274658203125, 1373291015625, 6866455078125, 34332275390625, 171661376953125, 858306884765625, 4291534423828125, 21457672119140625"
A056105,add x_0_1 sub x_0_1 sub x_0_2 INT+ 6,(x_0_1 add (x_0_1 sub (x_0_2 sub 6))),"1, 2, 9, 22, 41, 66, 97, 134, 177, 226, 281, 342, 409, 482, 561, 646, 737, 834, 937, 1046, 1161, 1282, 1409, 1542, 1681, 1826, 1977, 2134, 2297, 2466, 2641, 2822, 3009, 3202, 3401, 3606, 3817, 4034, 4257, 4486, 4721, 4962, 5209, 5462, 5721, 5986, 6257"
A139701,add add sqr INT- 1 0 sub x_0_1 sign n x_0_1,(((-10)**2 add (x_0_1 sub sign(n))) add x_0_1),"1, 101, 301, 701, 1501, 3101, 6301, 12701, 25501, 51101, 102301, 204701, 409501, 819101, 1638301, 3276701, 6553501, 13107101, 26214301, 52428701, 104857501, 209715101, 419430301, 838860701, 1677721501, 3355443101, 6710886301, 13421772701, 26843545501"
A022962,sub x_0_6 INT+ 6,(x_0_6 sub 6),"6, 5, 4, 3, 2, 1, 0, -1, -2, -3, -4, -5, -6, -7, -8, -9, -10, -11, -12, -13, -14, -15, -16, -17, -18, -19, -20, -21, -22, -23, -24, -25, -26, -27, -28, -29, -30, -31, -32, -33, -34, -35, -36, -37, -38, -39, -40, -41, -42, -43, -44, -45, -46, -47, -48, -49, -50, -51, -52, -53"
A092811,mul INT+ 8 mul x_0_1 sign x_0_2,(8 mul (x_0_1 mul sign(x_0_2))),"1, 4, 32, 256, 2048, 16384, 131072, 1048576, 8388608, 67108864, 536870912, 4294967296, 34359738368, 274877906944, 2199023255552, 17592186044416, 140737488355328, 1125899906842624, 9007199254740992, 72057594037927936"
A081341,mul x_0_1 sub INT+ 7 sign x_0_2,(x_0_1 mul (7 sub sign(x_0_2))),"1, 3, 18, 108, 648, 3888, 23328, 139968, 839808, 5038848, 30233088, 181398528, 1088391168, 6530347008, 39182082048, 235092492288, 1410554953728, 8463329722368, 50779978334208, 304679870005248, 1828079220031488, 10968475320188928, 65810851921133568"
A301402,mul INT+ 7 add x_0_1 x_0_2,(7 mul (x_0_1 add x_0_2)),"4, 32, 252, 1988, 15680, 123676, 975492, 7694176, 60687676, 478672964, 3775524480, 29779382108, 234884346116, 1852646097568, 14612713105788, 115257514423492, 909091592704960, 7170443749899164, 56556747398228868, 446090338036896224"
A005993,add x_0_1 sqr idiv n INT- 2,(x_0_1 add ((n idiv -2))**2),"1, 2, 6, 10, 19, 28, 44, 60, 85, 110, 146, 182, 231, 280, 344, 408, 489, 570, 670, 770, 891, 1012, 1156, 1300, 1469, 1638, 1834, 2030, 2255, 2480, 2736, 2992, 3281, 3570, 3894, 4218, 4579, 4940, 5340, 5740, 6181, 6622, 7106, 7590, 8119, 8648, 9224, 9800"
A063727,mul INT+ 8 add x_0_2 x_0_3,(8 mul (x_0_2 add x_0_3)),"1, 2, 8, 24, 80, 256, 832, 2688, 8704, 28160, 91136, 294912, 954368, 3088384, 9994240, 32342016, 104660992, 338690048, 1096024064, 3546808320, 11477712896, 37142659072, 120196169728, 388962975744, 1258710630400"
A015240,mul sqr add n INT- 1 sub add n n INT+ 7,(((n add -1))**2 mul ((n add n) sub 7)),"0, -3, -4, 9, 48, 125, 252, 441, 704, 1053, 1500, 2057, 2736, 3549, 4508, 5625, 6912, 8381, 10044, 11913, 14000, 16317, 18876, 21689, 24768, 28125, 31772, 35721, 39984, 44573, 49500, 54777, 60416, 66429"
A356643,relu sub sqr sqr mod INT- 7 n add INT+ 8 mod x_0_1 sign x_0_6,relu(((((-7 mod n))**2)**2 sub (8 add (x_0_1 mod sign(x_0_6))))),"1, 0, 0, 0, 612, 22411, 0"
A131269,add add add n x_0_1 x_0_2 INT- 3,(((n add x_0_1) add x_0_2) add -3),"1, 2, 3, 6, 11, 20, 35, 60, 101, 168, 277, 454, 741, 1206, 1959, 3178, 5151, 8344, 13511, 21872, 35401, 57292, 92713, 150026, 242761, 392810, 635595, 1028430, 1664051, 2692508, 4356587, 7049124, 11405741, 18454896, 29860669, 48315598, 78176301, 126491934"
A003476,add x_0_3 add x_0_3 x_0_1,(x_0_3 add (x_0_3 add x_0_1)),"1, 2, 3, 5, 9, 15, 25, 43, 73, 123, 209, 355, 601, 1019, 1729, 2931, 4969, 8427, 14289, 24227, 41081, 69659, 118113, 200275, 339593, 575819, 976369, 1655555"
A192136,add INT+ 5 add x_0_1 sub x_0_1 x_0_2,(5 add (x_0_1 add (x_0_1 sub x_0_2))),"1, 2, 8, 19, 35, 56, 82, 113, 149, 190, 236, 287, 343, 404, 470, 541, 617, 698, 784, 875, 971, 1072, 1178, 1289, 1405, 1526, 1652, 1783, 1919, 2060, 2206, 2357, 2513, 2674, 2840, 3011, 3187, 3368, 3554, 3745, 3941, 4142, 4348, 4559, 4775, 4996, 5222, 5453"
A047360,add INT+ 7 x_0_3,(7 add x_0_3),"1, 2, 3, 8, 9, 10, 15, 16, 17, 22, 23, 24, 29, 30, 31, 36, 37, 38, 43, 44, 45, 50, 51, 52, 57, 58, 59, 64, 65, 66, 71, 72, 73, 78, 79, 80, 85, 86, 87, 92, 93, 94, 99, 100, 101, 106, 107, 108, 113, 114, 115, 120, 121, 122, 127, 128, 129, 134, 135, 136, 141"
A029579,sub add x_0_2 x_0_2 x_0_4,((x_0_2 add x_0_2) sub x_0_4),"1, 1, 2, 3, 3, 5, 4, 7, 5, 9, 6, 11, 7, 13, 8, 15, 9, 17, 10, 19, 11, 21, 12, 23, 13, 25, 14, 27, 15, 29, 16, 31, 17, 33, 18, 35, 19, 37, 20, 39, 21, 41, 22, 43, 23, 45, 24, 47, 25, 49, 26, 51, 27, 53, 28, 55, 29, 57, 30, 59, 31, 61, 32, 63, 33, 65, 34, 67, 35, 69, 36, 71, 37"
A110325,add sub x_0_1 sub x_0_2 x_0_1 INT- 4,((x_0_1 sub (x_0_2 sub x_0_1)) add -4),"1, 0, -5, -14, -27, -44, -65, -90, -119, -152, -189, -230, -275, -324, -377, -434, -495, -560, -629, -702, -779, -860, -945, -1034, -1127, -1224, -1325, -1430, -1539, -1652, -1769, -1890, -2015, -2144, -2277, -2414, -2555, -2700, -2849, -3002, -3159, -3320, -3485, -3654, -3827, -4004, -4185, -4370"
A048499,add mul INT+ 4 sub x_0_1 x_0_2 INT+ 6,((4 mul (x_0_1 sub x_0_2)) add 6),"1, 2, 10, 38, 118, 326, 838, 2054, 4870, 11270, 25606, 57350, 126982, 278534, 606214, 1310726, 2818054, 6029318, 12845062, 27262982, 57671686, 121634822, 255852550, 536870918, 1124073478, 2348810246, 4898947078, 10200547334, 21206401030, 44023414790"
A130861,add x_0_1 sub x_0_1 add INT- 4 x_0_2,(x_0_1 add (x_0_1 sub (-4 add x_0_2))),"0, 9, 22, 39, 60, 85, 114, 147, 184, 225, 270, 319, 372, 429, 490, 555, 624, 697, 774, 855, 940, 1029, 1122, 1219, 1320, 1425, 1534, 1647, 1764, 1885, 2010, 2139, 2272, 2409, 2550, 2695, 2844, 2997, 3154, 3315, 3480, 3649, 3822, 3999, 4180, 4365"
A072915,idiv sub INT+ 1 0 n idiv x_0_2 sign x_0_6,((10 sub n) idiv (x_0_2 idiv sign(x_0_6))),"9, 8, 0, 6, 6, 5, 0, 0"
A099035,add mul INT+ 4 sub x_0_1 x_0_2 INT- 1,((4 mul (x_0_1 sub x_0_2)) add -1),"1, 5, 15, 39, 95, 223, 511, 1151, 2559, 5631, 12287, 26623, 57343, 122879, 262143, 557055, 1179647, 2490367, 5242879, 11010047, 23068671, 48234495, 100663295, 209715199, 436207615, 905969663, 1879048191, 3892314111, 8053063679"
A011377,add add add x_0_1 x_0_2 x_0_2 n,(((x_0_1 add x_0_2) add x_0_2) add n),"1, 3, 8, 18, 39, 81, 166, 336, 677, 1359, 2724, 5454, 10915, 21837, 43682, 87372, 174753, 349515, 699040, 1398090, 2796191, 5592393, 11184798, 22369608, 44739229, 89478471, 178956956, 357913926"
A161617,add x_0_1 mod INT- 4 mul add n n INT+ 8,(x_0_1 add (-4 mod ((n add n) mul 8))),"1, 29, 73, 133, 209, 301, 409, 533, 673, 829, 1001, 1189, 1393, 1613, 1849, 2101, 2369, 2653, 2953, 3269, 3601, 3949, 4313, 4693, 5089, 5501, 5929, 6373, 6833, 7309, 7801, 8309, 8833, 9373, 9929, 10501, 11089, 11693, 12313, 12949, 13601"
A178459,add idiv n INT+ 5 add x_0_1 x_0_1,((n idiv 5) add (x_0_1 add x_0_1)),"0, 0, 0, 0, 1, 3, 7, 15, 31, 64, 130, 262, 526, 1054, 2111, 4225, 8453, 16909, 33821, 67646, 135296, 270596, 541196, 1082396, 2164797, 4329599, 8659203, 17318411, 34636827, 69273660, 138547326, 277094658, 554189322, 1108378650, 2216757307, 4433514621, 8867029249, 17734058505, 35468117017, 70936234042"
A276278,add add n idiv x_0_1 INT+ 7 INT+ 3,((n add (x_0_1 idiv 7)) add 3),"3, 5, 6, 7, 9, 10, 11, 12, 13, 14, 16, 17, 18, 19, 20, 21, 23, 24, 25, 26, 27, 28, 30, 31, 32, 33, 34, 35, 37, 38, 39, 40, 41, 42, 44, 45, 46, 47, 48, 49, 51, 52, 53, 54, 55, 56, 58, 59, 60, 61, 62, 63, 65, 66, 67, 68, 69, 70, 72, 73, 74, 75, 76, 77, 79"
A047354,add INT+ 7 x_0_3,(7 add x_0_3),"0, 1, 2, 7, 8, 9, 14, 15, 16, 21, 22, 23, 28, 29, 30, 35, 36, 37, 42, 43, 44, 49, 50, 51, 56, 57, 58, 63, 64, 65, 70, 71, 72, 77, 78, 79, 84, 85, 86, 91, 92, 93, 98, 99, 100, 105, 106, 107, 112, 113, 114, 119, 120, 121, 126, 127, 128, 133, 134, 135, 140, 141"
A047357,sub add x_0_1 x_0_3 x_0_4,((x_0_1 add x_0_3) sub x_0_4),"0, 1, 3, 7, 8, 10, 14, 15, 17, 21, 22, 24, 28, 29, 31, 35, 36, 38, 42, 43, 45, 49, 50, 52, 56, 57, 59, 63, 64, 66, 70, 71, 73, 77, 78, 80, 84, 85, 87, 91, 92, 94, 98, 99, 101, 105, 106, 108, 112, 113, 115, 119, 120, 122, 126, 127, 129, 133, 134, 136, 140"
A091030,add mul x_0_1 add INT+ 9 INT+ 4 sign n,((x_0_1 mul (9 add 4)) add sign(n)),"1, 14, 183, 2380, 30941, 402234, 5229043, 67977560, 883708281, 11488207654, 149346699503, 1941507093540, 25239592216021, 328114698808274, 4265491084507563, 55451384098598320, 720867993281778161"
A104720,sub mul x_0_1 INT+ 1 0 idiv n INT- 2,((x_0_1 mul 10) sub (n idiv -2)),"1, 11, 112, 1122, 11223, 112233, 1122334, 11223344, 112233445, 1122334455, 11223344556, 112233445566, 1122334455667, 11223344556677, 112233445566778, 1122334455667788, 11223344556677889, 112233445566778899, 1122334455667789000, 11223344556677890010, 112233445566778900111, 1122334455667789001121"
A091823,add x_0_1 sub x_0_1 sub x_0_2 INT+ 4,(x_0_1 add (x_0_1 sub (x_0_2 sub 4))),"4, 13, 26, 43, 64, 89, 118, 151, 188, 229, 274, 323, 376, 433, 494, 559, 628, 701, 778, 859, 944, 1033, 1126, 1223, 1324, 1429, 1538, 1651, 1768, 1889, 2014, 2143, 2276, 2413, 2554, 2699, 2848, 3001, 3158, 3319, 3484, 3653, 3826, 4003, 4184, 4369, 4558"
A087206,mul INT+ 8 add x_0_3 x_0_2,(8 mul (x_0_3 add x_0_2)),"1, 4, 12, 40, 128, 416, 1344, 4352, 14080, 45568, 147456, 477184, 1544192, 4997120, 16171008, 52330496, 169345024, 548012032, 1773404160, 5738856448, 18571329536, 60098084864, 194481487872, 629355315200, 2036636581888"
A023457,add n mul sqr INT- 4 idiv INT- 1 n,(n add ((-4)**2 mul (-1 idiv n))),"-15, -14, -13, -12, -11, -10, -9, -8, -7, -6, -5, -4, -3, -2, -1, 0, 1, 2, 3, 4, 5, 6, 7, 8, 9, 10, 11, 12, 13, 14, 15, 16, 17, 18, 19, 20, 21, 22, 23, 24, 25, 26, 27, 28, 29, 30, 31, 32, 33, 34, 35, 36, 37, 38, 39, 40, 41, 42, 43, 44, 45"
A164589,add mul x_0_2 INT+ 7 add x_0_1 x_0_1,((x_0_2 mul 7) add (x_0_1 add x_0_1)),"1, 4, 15, 58, 221, 848, 3243, 12422, 47545, 182044, 696903, 2668114, 10214549, 39105896, 149713635, 573168542, 2194332529, 8400844852, 32162017407, 123129948778, 471394019405, 1804697680256, 6909153496347, 26451190754486, 101266455983401, 387691247248204"
A213612,relu sub INT+ 7 mul n sign x_0_6,relu((7 sub (n mul sign(x_0_6)))),"3, 1, 5, 5, 7, 6, 0, 0"
A033991,add add x_0_1 sub x_0_1 x_0_2 INT+ 8,((x_0_1 add (x_0_1 sub x_0_2)) add 8),"0, 3, 14, 33, 60, 95, 138, 189, 248, 315, 390, 473, 564, 663, 770, 885, 1008, 1139, 1278, 1425, 1580, 1743, 1914, 2093, 2280, 2475, 2678, 2889, 3108, 3335, 3570, 3813, 4064, 4323, 4590, 4865, 5148, 5439, 5738, 6045, 6360, 6683, 7014, 7353, 7700, 8055, 8418"
A054320,sub mul INT+ 1 0 x_0_1 x_0_2,((10 mul x_0_1) sub x_0_2),"1, 11, 109, 1079, 10681, 105731, 1046629, 10360559, 102558961, 1015229051, 10049731549, 99482086439, 984771132841, 9748229241971, 96497521286869, 955226983626719, 9455772314980321, 93602496166176491, 926569189346784589"
A102039,add x_0_1 mod x_0_1 INT+ 1 0,(x_0_1 add (x_0_1 mod 10)),"1, 2, 4, 8, 16, 22, 24, 28, 36, 42, 44, 48, 56, 62, 64, 68, 76, 82, 84, 88, 96, 102, 104, 108, 116, 122, 124, 128, 136, 142, 144, 148, 156, 162, 164, 168, 176, 182, 184, 188, 196, 202, 204, 208, 216, 222, 224, 228, 236, 242, 244, 248, 256, 262, 264, 268, 276, 282"
A069127,add mul INT+ 7 sub sqr n n sign n,((7 mul ((n)**2 sub n)) add sign(n)),"1, 15, 43, 85, 141, 211, 295, 393, 505, 631, 771, 925, 1093, 1275, 1471, 1681, 1905, 2143, 2395, 2661, 2941, 3235, 3543, 3865, 4201, 4551, 4915, 5293, 5685, 6091, 6511, 6945, 7393, 7855, 8331, 8821, 9325, 9843, 10375, 10921, 11481, 12055, 12643, 13245"
A161532,add x_0_1 add sub x_0_1 x_0_2 INT+ 4,(x_0_1 add ((x_0_1 sub x_0_2) add 4)),"1, 11, 25, 43, 65, 91, 121, 155, 193, 235, 281, 331, 385, 443, 505, 571, 641, 715, 793, 875, 961, 1051, 1145, 1243, 1345, 1451, 1561, 1675, 1793, 1915, 2041, 2171, 2305, 2443, 2585, 2731, 2881, 3035, 3193, 3355, 3521, 3691, 3865, 4043, 4225, 4411, 4601"
A212656,add add x_0_1 sub x_0_1 x_0_2 INT+ 1 0,((x_0_1 add (x_0_1 sub x_0_2)) add 10),"1, 6, 21, 46, 81, 126, 181, 246, 321, 406, 501, 606, 721, 846, 981, 1126, 1281, 1446, 1621, 1806, 2001, 2206, 2421, 2646, 2881, 3126, 3381, 3646, 3921, 4206, 4501, 4806, 5121, 5446, 5781, 6126, 6481, 6846, 7221, 7606, 8001, 8406, 8821, 9246, 9681, 10126, 10581, 11046, 11521, 12006, 12501"
A133337,mul x_0_3 INT+ 5,(x_0_3 mul 5),"0, 1, 1, 0, 5, 5, 0, 25, 25, 0, 125, 125, 0, 625, 625, 0, 3125, 3125, 0, 15625, 15625, 0, 78125, 78125, 0, 390625, 390625, 0, 1953125, 1953125, 0, 9765625, 9765625, 0, 48828125, 48828125, 0, 244140625, 244140625, 0, 1220703125, 1220703125, 0"
A085959,add add x_0_1 mul INT+ 9 INT+ 4 sign n,((x_0_1 add (9 mul 4)) add sign(n)),"0, 37, 74, 111, 148, 185, 222, 259, 296, 333, 370, 407, 444, 481, 518, 555, 592, 629, 666, 703, 740, 777, 814, 851, 888, 925, 962, 999, 1036, 1073, 1110, 1147, 1184, 1221, 1258, 1295, 1332, 1369, 1406, 1443, 1480, 1517, 1554, 1591, 1628, 1665, 1702, 1739"
A096376,add add x_0_1 sub x_0_1 x_0_2 INT+ 4,((x_0_1 add (x_0_1 sub x_0_2)) add 4),"2, 5, 12, 23, 38, 57, 80, 107, 138, 173, 212, 255, 302, 353, 408, 467, 530, 597, 668, 743, 822, 905, 992, 1083, 1178, 1277, 1380, 1487, 1598, 1713, 1832, 1955, 2082, 2213, 2348, 2487, 2630, 2777, 2928, 3083, 3242, 3405, 3572, 3743, 3918, 4097, 4280, 4467, 4658"
A153080,add x_0_1 sub x_0_1 x_0_2,(x_0_1 add (x_0_1 sub x_0_2)),"2, 15, 28, 41, 54, 67, 80, 93, 106, 119, 132, 145, 158, 171, 184, 197, 210, 223, 236, 249, 262, 275, 288, 301, 314, 327, 340, 353, 366, 379, 392, 405, 418, 431, 444, 457, 470, 483, 496, 509, 522, 535, 548, 561, 574, 587, 600, 613, 626, 639, 652, 665, 678, 691"
A038762,sub mul INT+ 6 x_0_1 x_0_2,((6 mul x_0_1) sub x_0_2),"3, 13, 75, 437, 2547, 14845, 86523, 504293, 2939235, 17131117, 99847467, 581953685, 3391874643, 19769294173, 115223890395, 671574048197, 3914220398787, 22813748344525, 132968269668363, 774995869665653"
A092810,mul x_0_1 add 6 mod INT+ 3 x_0_1,(x_0_1 mul (6 add (3 mod x_0_1))),"1, 6, 54, 486, 4374, 39366, 354294, 3188646, 28697814, 258280326, 2324522934, 20920706406, 188286357654, 1694577218886, 15251194969974, 137260754729766, 1235346792567894, 11118121133111046, 100063090197999414, 900567811781994726, 8105110306037952534"
A274520,add mul x_0_2 INT+ 6 add x_0_1 x_0_1,((x_0_2 mul 6) add (x_0_1 add x_0_1)),"0, 2, 4, 20, 64, 248, 880, 3248, 11776, 43040, 156736, 571712, 2083840, 7597952, 27698944, 100985600, 368164864, 1342243328, 4893475840, 17840411648, 65041678336, 237125826560, 864501723136, 3151758405632, 11490527150080, 41891604733952, 152726372368384"
A252994,add x_0_1 sub x_0_1 x_0_2,(x_0_1 add (x_0_1 sub x_0_2)),"0, 26, 52, 78, 104, 130, 156, 182, 208, 234, 260, 286, 312, 338, 364, 390, 416, 442, 468, 494, 520, 546, 572, 598, 624, 650, 676, 702, 728, 754, 780, 806, 832, 858, 884, 910, 936, 962, 988, 1014, 1040, 1066, 1092, 1118, 1144, 1170, 1196, 1222, 1248, 1274, 1300, 1326, 1352, 1378"
A128468,add x_0_1 mul INT+ 6 INT+ 5,(x_0_1 add (6 mul 5)),"17, 47, 77, 107, 137, 167, 197, 227, 257, 287, 317, 347, 377, 407, 437, 467, 497, 527, 557, 587, 617, 647, 677, 707, 737, 767, 797, 827, 857, 887, 917, 947, 977, 1007, 1037, 1067, 1097, 1127, 1157, 1187, 1217, 1247, 1277, 1307, 1337, 1367, 1397, 1427, 1457"
A037697,add mul x_0_1 INT+ 6 mod n INT+ 4,((x_0_1 mul 6) add (n mod 4)),"1, 8, 51, 306, 1837, 11024, 66147, 396882, 2381293, 14287760, 85726563, 514359378, 3086156269, 18516937616, 111101625699, 666609754194, 3999658525165, 23997951150992, 143987706905955, 863926241435730, 5183557448614381"
A168459,add x_0_2 INT+ 1 0,(x_0_2 add 10),"1, 11, 11, 21, 21, 31, 31, 41, 41, 51, 51, 61, 61, 71, 71, 81, 81, 91, 91, 101, 101, 111, 111, 121, 121, 131, 131, 141, 141, 151, 151, 161, 161, 171, 171, 181, 181, 191, 191, 201, 201, 211, 211, 221, 221, 231, 231, 241, 241, 251, 251, 261, 261, 271, 271, 281"
A061279,mul INT+ 2 add x_0_3 x_0_2,(2 mul (x_0_3 add x_0_2)),"1, 2, 3, 6, 10, 18, 32, 56, 100, 176, 312, 552, 976, 1728, 3056, 5408, 9568, 16928, 29952, 52992, 93760, 165888, 293504, 519296, 918784, 1625600, 2876160, 5088768, 9003520, 15929856, 28184576, 49866752, 88228864, 156102656"
A082541,add mul x_0_1 INT+ 3 idiv x_0_2 x_0_1,((x_0_1 mul 3) add (x_0_2 idiv x_0_1)),"1, 7, 21, 63, 189, 567, 1701, 5103, 15309, 45927, 137781, 413343, 1240029, 3720087, 11160261, 33480783, 100442349, 301327047, 903981141, 2711943423, 8135830269, 24407490807, 73222472421, 219667417263, 659002251789, 1977006755367"
A022124,add x_0_1 add x_0_2 idiv n x_0_1,(x_0_1 add (x_0_2 add (n idiv x_0_1))),"3, 13, 16, 29, 45, 74, 119, 193, 312, 505, 817, 1322, 2139, 3461, 5600, 9061, 14661, 23722, 38383, 62105, 100488, 162593, 263081, 425674, 688755, 1114429, 1803184, 2917613, 4720797, 7638410, 12359207"
A055777,mul sqr add idiv n INT+ 1 0 x_0_1 x_0_1,((((n idiv 10) add x_0_1))**2 mul x_0_1),"3, 27, 19683, 7625597484987, 443426488243037769948249630619149892803"
A022965,sub x_0_6 INT+ 6,(x_0_6 sub 6),"9, 8, 7, 6, 5, 4, 3, 2, 1, 0, -1, -2, -3, -4, -5, -6, -7, -8, -9, -10, -11, -12, -13, -14, -15, -16, -17, -18, -19, -20, -21, -22, -23, -24, -25, -26, -27, -28, -29, -30, -31, -32, -33, -34, -35, -36, -37, -38, -39, -40, -41, -42, -43, -44, -45, -46, -47, -48, -49, -50, -51"
A353070,add INT+ 4 mul x_0_2 sign x_0_6,(4 add (x_0_2 mul sign(x_0_6))),"3, 5, 8, 10, 13, 15, 17, 19"
A168736,mul INT+ 1 0 mul x_0_1 sign x_0_2,(10 mul (x_0_1 mul sign(x_0_2))),"1, 11, 110, 1100, 11000, 110000, 1100000, 11000000, 110000000, 1100000000, 11000000000, 110000000000, 1100000000000, 11000000000000, 110000000000000, 1100000000000000, 11000000000000000, 110000000000000000"
A047860,sub mul INT+ 4 sub x_0_1 x_0_2 INT+ 2,((4 mul (x_0_1 sub x_0_2)) sub 2),"1, 5, 14, 34, 78, 174, 382, 830, 1790, 3838, 8190, 17406, 36862, 77822, 163838, 344062, 720894, 1507326, 3145726, 6553598, 13631486, 28311550, 58720254, 121634814, 251658238, 520093694, 1073741822, 2214592510, 4563402750"
A164907,add mul x_0_2 INT+ 3 add x_0_1 x_0_1,((x_0_2 mul 3) add (x_0_1 add x_0_1)),"1, 5, 13, 41, 121, 365, 1093, 3281, 9841, 29525, 88573, 265721, 797161, 2391485, 7174453, 21523361, 64570081, 193710245, 581130733, 1743392201, 5230176601, 15690529805, 47071589413, 141214768241, 423644304721, 1270932914165"
A001571,add mul x_0_1 INT+ 4 sub sign n x_0_2,((x_0_1 mul 4) add (sign(n) sub x_0_2)),"0, 2, 9, 35, 132, 494, 1845, 6887, 25704, 95930, 358017, 1336139, 4986540, 18610022, 69453549, 259204175, 967363152, 3610248434, 13473630585, 50284273907, 187663465044, 700369586270, 2613814880037, 9754889933879, 36405744855480, 135868089488042"
A152166,sub mul x_0_2 INT+ 3 x_0_2,((x_0_2 mul 3) sub x_0_2),"1, -2, 2, -4, 4, -8, 8, -16, 16, -32, 32, -64, 64, -128, 128, -256, 256, -512, 512, -1024, 1024, -2048, 2048, -4096, 4096, -8192, 8192, -16384, 16384, -32768, 32768, -65536, 65536, -131072, 131072, -262144, 262144, -524288, 524288, -1048576, 1048576"
A010099,mul x_0_1 x_0_2,(x_0_1 mul x_0_2),"1, 4, 4, 16, 64, 1024, 65536, 67108864, 4398046511104, 295147905179352825856, 1298074214633706907132624082305024, 383123885216472214589586756787577295904684780545900544"
A168200,sub x_0_6 INT- 9,(x_0_6 sub -9),"4, 3, 7, 6, 10, 9, 13, 12, 16, 15, 19, 18, 22, 21, 25, 24, 28, 27, 31, 30, 34, 33, 37, 36, 40, 39, 43, 42, 46, 45, 49, 48, 52, 51, 55, 54, 58, 57, 61, 60, 64, 63, 67, 66, 70, 69, 73, 72, 76, 75, 79, 78, 82, 81, 85, 84, 88, 87, 91, 90, 94, 93, 97, 96, 100, 99, 103, 102, 106, 105"
A139278,mul add INT- 1 n sub mul INT+ 8 n sign n,((-1 add n) mul ((8 mul n) sub sign(n))),"0, 15, 46, 93, 156, 235, 330, 441, 568, 711, 870, 1045, 1236, 1443, 1666, 1905, 2160, 2431, 2718, 3021, 3340, 3675, 4026, 4393, 4776, 5175, 5590, 6021, 6468, 6931, 7410, 7905, 8416, 8943, 9486, 10045, 10620, 11211, 11818, 12441, 13080"
A106853,add x_0_1 mul x_0_2 INT- 4,(x_0_1 add (x_0_2 mul -4)),"1, 1, -3, -7, 5, 33, 13, -119, -171, 305, 989, -231, -4187, -3263, 13485, 26537, -27403, -133551, -23939, 510265, 606021, -1435039, -3859123, 1881033, 17317525, 9793393, -59476707, -98650279, 139256549, 533857665, -23168531, -2158599191, -2065925067"
A182465,mul add x_0_1 INT+ 7 INT+ 2,((x_0_1 add 7) mul 2),"28, 70, 154, 322, 658, 1330, 2674, 5362, 10738, 21490, 42994, 86002, 172018, 344050, 688114, 1376242, 2752498, 5505010, 11010034, 22020082, 44040178, 88080370, 176160754, 352321522, 704643058, 1409286130, 2818572274, 5637144562, 11274289138, 22548578290"
A000213,add x_0_1 add x_0_3 x_0_2,(x_0_1 add (x_0_3 add x_0_2)),"1, 1, 1, 3, 5, 9, 17, 31, 57, 105, 193, 355, 653, 1201, 2209, 4063, 7473, 13745, 25281, 46499, 85525, 157305, 289329, 532159, 978793, 1800281, 3311233, 6090307, 11201821, 20603361, 37895489, 69700671, 128199521, 235795681, 433695873, 797691075, 1467182629"
A006498,add add x_0_1 x_0_3 x_0_4,((x_0_1 add x_0_3) add x_0_4),"1, 1, 1, 2, 4, 6, 9, 15, 25, 40, 64, 104, 169, 273, 441, 714, 1156, 1870, 3025, 4895, 7921, 12816, 20736, 33552, 54289, 87841, 142129, 229970, 372100, 602070, 974169, 1576239, 2550409, 4126648, 6677056, 10803704, 17480761, 28284465, 45765225"
A052952,add x_0_1 add mod n INT+ 2 x_0_2,(x_0_1 add ((n mod 2) add x_0_2)),"1, 1, 3, 4, 8, 12, 21, 33, 55, 88, 144, 232, 377, 609, 987, 1596, 2584, 4180, 6765, 10945, 17711, 28656, 46368, 75024, 121393, 196417, 317811, 514228, 832040, 1346268, 2178309, 3524577, 5702887, 9227464, 14930352, 24157816, 39088169, 63245985, 102334155"
A004777,add n idiv add n INT- 8 INT+ 7,(n add ((n add -8) idiv 7)),"0, 1, 2, 3, 4, 5, 6, 8, 9, 10, 11, 12, 13, 14, 16, 17, 18, 19, 20, 21, 22, 24, 25, 26, 27, 28, 29, 30, 32, 33, 34, 35, 36, 37, 38, 40, 41, 42, 43, 44, 45, 46, 48, 49, 50, 51, 52, 53, 54, 56, 57, 58, 59, 60, 61, 62, 64, 65, 66, 67, 68, 69, 70, 72, 73, 74, 75, 76, 77"
A146890,add INT+ 4 mul x_0_2 sign x_0_3,(4 add (x_0_2 mul sign(x_0_3))),"1, 4, 4, 8, 8, 12, 12, 16, 16"
A070178,mul x_0_6 INT- 1,(x_0_6 mul -1),"1, 1, 0, -1, -1, -1, -1, -1, 0, 1, 1"
A104934,add mul INT+ 3 x_0_1 add x_0_2 x_0_2,((3 mul x_0_1) add (x_0_2 add x_0_2)),"1, 2, 8, 28, 100, 356, 1268, 4516, 16084, 57284, 204020, 726628, 2587924, 9217028, 32826932, 116914852, 416398420, 1483024964, 5281871732, 18811665124, 66998738836, 238619546756, 849856117940, 3026807447332, 10780134577876, 38394018628292, 136742325040628, 487015012378468, 1734529687216660"
A104373,add x_0_1 mod INT+ 7 x_0_3,(x_0_1 add (7 mod x_0_3)),"3, 4, 5, 6, 9, 11"
A192390,add x_0_1 sub mul x_0_3 INT+ 8 n,(x_0_1 add ((x_0_3 mul 8) sub n)),"1, 2, 6, 10, 21"
A088578,add mul INT+ 4 sub x_0_1 x_0_2 INT+ 3,((4 mul (x_0_1 sub x_0_2)) add 3),"1, 3, 11, 35, 99, 259, 643, 1539, 3587, 8195, 18435, 40963, 90115, 196611, 425987, 917507, 1966083, 4194307, 8912899, 18874371, 39845891, 83886083, 176160771, 369098755, 771751939, 1610612739, 3355443203, 6979321859, 14495514627, 30064771075, 62277025795"
A060547,mul x_0_3 INT+ 2,(x_0_3 mul 2),"2, 1, 2, 4, 2, 4, 8, 4, 8, 16, 8, 16, 32, 16, 32, 64, 32, 64, 128, 64, 128, 256, 128, 256, 512, 256, 512, 1024, 512, 1024, 2048, 1024, 2048, 4096, 2048, 4096, 8192, 4096, 8192, 16384, 8192, 16384, 32768, 16384, 32768, 65536, 32768, 65536, 131072"
A095956,mul sqr sqr add n INT- 1 x_0_2,((((n add -1))**2)**2 mul x_0_2),"1, 4, 16, 324"
A016064,sub mul x_0_1 INT+ 4 sub x_0_2 INT+ 2,((x_0_1 mul 4) sub (x_0_2 sub 2)),"1, 3, 13, 51, 193, 723, 2701, 10083, 37633, 140451, 524173, 1956243, 7300801, 27246963, 101687053, 379501251, 1416317953, 5285770563, 19726764301, 73621286643, 274758382273, 1025412242451, 3826890587533, 14282150107683, 53301709843201, 198924689265123, 742397047217293"
A111731,abs x_0_6,abs(x_0_6),"4, 4, 4, 5, 4, 6, 4, 4, 4"
A033355,idiv add sqr INT+ 5 INT+ 1 0 n,(((5)**2 add 10) idiv n),"35, 17, 11, 8, 7, 5, 5, 4, 3, 3, 3, 2, 2, 2, 2, 2, 2, 1, 1, 1, 1, 1, 1, 1, 1, 1, 1, 1, 1, 1, 1, 1, 1, 1, 1, 0, 0, 0, 0, 0, 0, 0, 0, 0, 0, 0, 0, 0, 0, 0, 0, 0, 0, 0, 0, 0, 0, 0, 0, 0, 0, 0, 0, 0, 0, 0, 0, 0, 0, 0, 0, 0, 0, 0, 0, 0, 0, 0, 0, 0, 0, 0, 0, 0, 0, 0, 0, 0, 0, 0, 0, 0"
A242135,add sign n mul sub sqr sub n sign n n n,(sign(n) add ((((n sub sign(n)))**2 sub n) mul n)),"0, -1, 4, 21, 56, 115, 204, 329, 496, 711, 980, 1309, 1704, 2171, 2716, 3345, 4064, 4879, 5796, 6821, 7960, 9219, 10604, 12121, 13776, 15575, 17524, 19629, 21896, 24331, 26940, 29729, 32704, 35871, 39236, 42805, 46584, 50579, 54796, 59241, 63920, 68839, 74004, 79421, 85096, 91035"
A133310,sub x_0_6 INT- 4,(x_0_6 sub -4),"1, 2, 1, 3, 4, 3, 5, 6, 5, 7, 8, 7, 9, 10, 9, 11, 12, 11, 13, 14, 13, 15, 16, 15, 17, 18, 17, 19, 20, 19, 21, 22, 21, 23, 24, 23, 25, 26, 25, 27, 28, 27, 29, 30, 29, 31, 32, 31, 33, 34, 33, 35, 36, 35, 37, 38, 37, 39, 40, 39, 41, 42, 41, 43, 44, 43, 45, 46, 45, 47, 48, 47, 49, 50"
A015606,add mul INT+ 1 0 add x_0_2 x_0_1 x_0_1,((10 mul (x_0_2 add x_0_1)) add x_0_1),"0, 1, 11, 131, 1551, 18371, 217591, 2577211, 30525231, 361549651, 4282298471, 50720779691, 600751561311, 7115474971331, 84277740297751, 998209892988571, 11823086225851791, 140036047414255411, 1658627383815327431, 19645261696111155851"
A015592,add mul INT+ 1 0 add x_0_2 x_0_1 x_0_2,((10 mul (x_0_2 add x_0_1)) add x_0_2),"0, 1, 10, 111, 1220, 13421, 147630, 1623931, 17863240, 196495641, 2161452050, 23775972551, 261535698060, 2876892678661, 31645819465270, 348104014117971, 3829144155297680, 42120585708274481"
A007095,add n idiv sub INT+ 1 0 n INT- 9,(n add ((10 sub n) idiv -9)),"0, 1, 2, 3, 4, 5, 6, 7, 8, 10, 11, 12, 13, 14, 15, 16, 17, 18, 20, 21, 22, 23, 24, 25, 26, 27, 28, 30, 31, 32, 33, 34, 35, 36, 37, 38, 40, 41, 42, 43, 44, 45, 46, 47, 48, 50, 51, 52, 53, 54, 55, 56, 57, 58, 60, 61, 62, 63, 64, 65, 66, 67, 68, 70, 71, 72, 73, 74, 75, 76, 77, 78, 80, 81, 82, 83, 84"
A036750,mul x_0_1 sub INT+ 7 n,(x_0_1 mul (7 sub n)),"3, 15, 60, 180, 360, 360"
A242412,add x_0_1 mul INT+ 8 add n INT- 1,(x_0_1 add (8 mul (n add -1))),"15, 23, 39, 63, 95, 135, 183, 239, 303, 375, 455, 543, 639, 743, 855, 975, 1103, 1239, 1383, 1535, 1695, 1863, 2039, 2223, 2415, 2615, 2823, 3039, 3263, 3495, 3735, 3983, 4239, 4503, 4775, 5055, 5343, 5639, 5943, 6255, 6575, 6903, 7239, 7583, 7935, 8295, 8663, 9039, 9423, 9815"
A001924,add x_0_1 add x_0_2 add n INT- 1,(x_0_1 add (x_0_2 add (n add -1))),"0, 1, 3, 7, 14, 26, 46, 79, 133, 221, 364, 596, 972, 1581, 2567, 4163, 6746, 10926, 17690, 28635, 46345, 75001, 121368, 196392, 317784, 514201, 832011, 1346239, 2178278, 3524546, 5702854, 9227431, 14930317, 24157781, 39088132, 63245948, 102334116, 165580101"
A134593,add x_0_1 sub x_0_1 add INT- 1 0 x_0_2,(x_0_1 add (x_0_1 sub (-10 add x_0_2))),"1, 16, 41, 76, 121, 176, 241, 316, 401, 496, 601, 716, 841, 976, 1121, 1276, 1441, 1616, 1801, 1996, 2201, 2416, 2641, 2876, 3121, 3376, 3641, 3916, 4201, 4496, 4801, 5116, 5441, 5776, 6121, 6476, 6841, 7216, 7601, 7996, 8401, 8816, 9241, 9676, 10121"
A230844,idiv x_0_2 sign x_0_6,(x_0_2 idiv sign(x_0_6)),"5, 0, 1, 4, 3, 9, 3, 9, 3"
A008604,add x_0_1 relu sub x_0_1 x_0_2,(x_0_1 add relu((x_0_1 sub x_0_2))),"0, 22, 44, 66, 88, 110, 132, 154, 176, 198, 220, 242, 264, 286, 308, 330, 352, 374, 396, 418, 440, 462, 484, 506, 528, 550, 572, 594, 616, 638, 660, 682, 704, 726, 748, 770, 792, 814, 836, 858, 880, 902, 924, 946, 968, 990"
A001697,mul add x_0_1 idiv x_0_1 x_0_2 x_0_1,((x_0_1 add (x_0_1 idiv x_0_2)) mul x_0_1),"1, 1, 2, 8, 96, 10368, 108615168, 11798392572168192, 139202068568601556987554268864512, 19377215893777651167043206536157390321290709180447278572301746176"
A131300,add x_0_1 sub x_0_1 sub x_0_3 INT+ 2,(x_0_1 add (x_0_1 sub (x_0_3 sub 2))),"1, 2, 3, 7, 14, 27, 49, 86, 147, 247, 410, 675, 1105, 1802, 2931, 4759, 7718, 12507, 20257, 32798, 53091, 85927, 139058, 225027, 364129, 589202, 953379, 1542631, 2496062, 4038747, 6534865, 10573670, 17108595, 27682327, 44790986, 72473379, 117264433, 189737882"
A109966,mul idiv sqr x_0_1 x_0_2 INT+ 8,(((x_0_1)**2 idiv x_0_2) mul 8),"1, 1, 8, 512, 262144, 1073741824, 35184372088832, 9223372036854775808, 19342813113834066795298816, 324518553658426726783156020576256, 43556142965880123323311949751266331066368, 46768052394588893382517914646921056628989841375232, 401734511064747568885490523085290650630550748445698208825344"
A272003,mod sub INT+ 9 x_0_3 add x_0_6 n,((9 sub x_0_3) mod (x_0_6 add n)),"2, 9, 1, 0, 0, 6, 0, 9, 3"
A005053,mul x_0_1 sub INT+ 6 sign x_0_2,(x_0_1 mul (6 sub sign(x_0_2))),"1, 3, 15, 75, 375, 1875, 9375, 46875, 234375, 1171875, 5859375, 29296875, 146484375, 732421875, 3662109375, 18310546875, 91552734375, 457763671875, 2288818359375, 11444091796875, 57220458984375"
A301869,mul x_0_2 sign x_0_6,(x_0_2 mul sign(x_0_6)),"6, 9, 5, 7, 0, 0, 0, 0, 0"
A161549,add sub x_0_1 sub x_0_2 x_0_1 INT+ 4,((x_0_1 sub (x_0_2 sub x_0_1)) add 4),"1, 17, 37, 61, 89, 121, 157, 197, 241, 289, 341, 397, 457, 521, 589, 661, 737, 817, 901, 989, 1081, 1177, 1277, 1381, 1489, 1601, 1717, 1837, 1961, 2089, 2221, 2357, 2497, 2641, 2789, 2941, 3097, 3257, 3421, 3589, 3761, 3937, 4117, 4301, 4489, 4681"
A066983,add x_0_2 add x_0_3 x_0_2,(x_0_2 add (x_0_3 add x_0_2)),"1, 1, 1, 3, 3, 7, 9, 17, 25, 43, 67, 111, 177, 289, 465, 755, 1219, 1975, 3193, 5169, 8361, 13531, 21891, 35423, 57313, 92737, 150049, 242787, 392835, 635623, 1028457, 1664081, 2692537, 4356619, 7049155, 11405775, 18454929, 29860705, 48315633, 78176339"
A092277,mul add n INT- 1 sub mul n INT+ 7 INT+ 6,((n add -1) mul ((n mul 7) sub 6)),"0, 8, 30, 66, 116, 180, 258, 350, 456, 576, 710, 858, 1020, 1196, 1386, 1590, 1808, 2040, 2286, 2546, 2820, 3108, 3410, 3726, 4056, 4400, 4758, 5130, 5516, 5916, 6330, 6758, 7200, 7656, 8126, 8610, 9108, 9620, 10146, 10686, 11240, 11808, 12390, 12986, 13596"
A157725,add x_0_1 sub x_0_1 x_0_3,(x_0_1 add (x_0_1 sub x_0_3)),"2, 3, 3, 4, 5, 7, 10, 15, 23, 36, 57, 91, 146, 235, 379, 612, 989, 1599, 2586, 4183, 6767, 10948, 17713, 28659, 46370, 75027, 121395, 196420, 317813, 514231, 832042, 1346271, 2178311, 3524580, 5702889, 9227467, 14930354, 24157819, 39088171, 63245988, 102334157"
A017156,sqr sqr sqr add INT- 1 mul n INT+ 8,((((-1 add (n mul 8)))**2)**2)**2,"5764801, 2562890625, 78310985281, 852891037441, 5352009260481, 23811286661761, 83733937890625, 248155780267521, 645753531245761, 1517108809906561, 3282116715437121, 6634204312890625, 12667700813876161"
A123849,add x_0_1 mul INT+ 1 0 x_0_5,(x_0_1 add (10 mul x_0_5)),"1, 1, 1, 11, 21, 31, 41"
A084386,add x_0_1 mul x_0_3 INT+ 3,(x_0_1 add (x_0_3 mul 3)),"1, 1, 1, 4, 7, 10, 22, 43, 73, 139, 268, 487, 904, 1708, 3169, 5881, 11005, 20512, 38155, 71170, 132706, 247171, 460681, 858799, 1600312, 2982355, 5558752, 10359688, 19306753, 35983009, 67062073, 124982332, 232931359, 434117578, 809064574"
A105344,sub mul x_0_1 INT+ 4 idiv x_0_1 x_0_2,((x_0_1 mul 4) sub (x_0_1 idiv x_0_2)),"1, 4, 12, 45"
A120328,add x_0_1 sub x_0_1 sub x_0_2 INT+ 6,(x_0_1 add (x_0_1 sub (x_0_2 sub 6))),"2, 5, 14, 29, 50, 77, 110, 149, 194, 245, 302, 365, 434, 509, 590, 677, 770, 869, 974, 1085, 1202, 1325, 1454, 1589, 1730, 1877, 2030, 2189, 2354, 2525, 2702, 2885, 3074, 3269, 3470, 3677, 3890, 4109, 4334, 4565, 4802, 5045, 5294, 5549, 5810, 6077, 6350"
A014106,add x_0_1 sub x_0_1 sub x_0_2 INT+ 4,(x_0_1 add (x_0_1 sub (x_0_2 sub 4))),"0, 5, 14, 27, 44, 65, 90, 119, 152, 189, 230, 275, 324, 377, 434, 495, 560, 629, 702, 779, 860, 945, 1034, 1127, 1224, 1325, 1430, 1539, 1652, 1769, 1890, 2015, 2144, 2277, 2414, 2555, 2700, 2849, 3002, 3159, 3320, 3485, 3654, 3827, 4004, 4185, 4370"
A103435,mul INT+ 8 add x_0_3 x_0_2,(8 mul (x_0_3 add x_0_2)),"0, 2, 4, 16, 48, 160, 512, 1664, 5376, 17408, 56320, 182272, 589824, 1908736, 6176768, 19988480, 64684032, 209321984, 677380096, 2192048128, 7093616640, 22955425792, 74285318144, 240392339456, 777925951488, 2517421260800"
A022141,add x_0_1 x_0_2,(x_0_1 add x_0_2),"5, 17, 22, 39, 61, 100, 161, 261, 422, 683, 1105, 1788, 2893, 4681, 7574, 12255, 19829, 32084, 51913, 83997, 135910, 219907, 355817, 575724, 931541, 1507265, 2438806, 3946071, 6384877, 10330948"
A090019,mul x_0_1 add INT+ 9 sign x_0_2,(x_0_1 mul (9 add sign(x_0_2))),"1, 6, 60, 600, 6000, 60000, 600000, 6000000, 60000000, 600000000, 6000000000, 60000000000, 600000000000, 6000000000000, 60000000000000, 600000000000000, 6000000000000000, 60000000000000000, 600000000000000000"
A022960,sub x_0_6 INT+ 6,(x_0_6 sub 6),"4, 3, 2, 1, 0, -1, -2, -3, -4, -5, -6, -7, -8, -9, -10, -11, -12, -13, -14, -15, -16, -17, -18, -19, -20, -21, -22, -23, -24, -25, -26, -27, -28, -29, -30, -31, -32, -33, -34, -35, -36, -37, -38, -39, -40, -41, -42, -43, -44, -45, -46, -47, -48, -49, -50, -51, -52, -53, -54"
A135292,mul sub INT+ 1 0 INT- 6 mul x_0_1 idiv x_0_1 x_0_2,((10 sub -6) mul (x_0_1 mul (x_0_1 idiv x_0_2))),"1, 20, 6400, 32768000, 2684354560000, 3518437208883200000, 73786976294838206464000000, 24758800785707605497982484480000000, 132922799578491587290380706028034457600000000"
A139267,add x_0_1 sub x_0_1 sub x_0_2 mul INT+ 6 INT+ 2,(x_0_1 add (x_0_1 sub (x_0_2 sub (6 mul 2)))),"0, 2, 16, 42, 80, 130, 192, 266, 352, 450, 560, 682, 816, 962, 1120, 1290, 1472, 1666, 1872, 2090, 2320, 2562, 2816, 3082, 3360, 3650, 3952, 4266, 4592, 4930, 5280, 5642, 6016, 6402, 6800, 7210, 7632, 8066, 8512, 8970, 9440, 9922"
A006277,mul add x_0_1 sign n x_0_2,((x_0_1 add sign(n)) mul x_0_2),"1, 1, 2, 3, 8, 27, 224, 6075, 1361024, 8268226875, 11253255215681024, 93044467205527772332546875, 1047053135870867396062743192203958743681024, 97422501162981936223682742789520433197690551802305989766350860546875"
A045754,mul x_0_1 add idiv x_0_1 x_0_2 INT+ 7,(x_0_1 mul ((x_0_1 idiv x_0_2) add 7)),"1, 1, 8, 120, 2640, 76560, 2756160, 118514880, 5925744000, 337767408000, 21617114112000, 1534815101952000, 119715577952256000, 10175824125941760000, 936175819586641920000, 92681406139077550080000, 9824229050742220308480000, 1110137882733870894858240000"
A015564,add x_0_1 mul INT+ 6 add x_0_2 x_0_1,(x_0_1 add (6 mul (x_0_2 add x_0_1))),"0, 1, 7, 55, 427, 3319, 25795, 200479, 1558123, 12109735, 94116883, 731476591, 5685037435, 44184121591, 343399075747, 2668898259775, 20742682272907, 161212165468999, 1252941251920435, 9737861756257039, 75682679805321883"
A067412,mul x_0_1 sub sign x_0_2 INT- 7,(x_0_1 mul (sign(x_0_2) sub -7)),"1, 5, 40, 320, 2560, 20480, 163840, 1310720, 10485760, 83886080, 671088640, 5368709120, 42949672960, 343597383680, 2748779069440, 21990232555520, 175921860444160, 1407374883553280, 11258999068426240"
A122571,sub mul INT+ 7 add x_0_1 x_0_1 x_0_2,((7 mul (x_0_1 add x_0_1)) sub x_0_2),"1, 1, 13, 181, 2521, 35113, 489061, 6811741, 94875313, 1321442641, 18405321661, 256353060613, 3570537526921, 49731172316281, 692665874901013, 9647591076297901, 134373609193269601, 1871582937629476513"
A222657,sub x_0_6 INT- 8,(x_0_6 sub -8),"1, 3, 3, 5, 7, 7, 9, 11, 11, 13, 15, 15, 17, 19, 19, 21, 23, 23, 25, 27, 27, 29, 31, 31, 33, 35, 35, 37, 39, 39, 41, 43, 43, 45, 47, 47, 49, 51, 51, 53, 55, 55, 57, 59, 59, 61, 63, 63, 65, 67, 67, 69, 71, 71, 73, 75, 75, 77, 79, 79, 81, 83, 83, 85, 87, 87, 89"
A084947,mul x_0_1 add idiv x_0_1 x_0_2 INT+ 7,(x_0_1 mul ((x_0_1 idiv x_0_2) add 7)),"1, 2, 18, 288, 6624, 198720, 7352640, 323516160, 16499324160, 956960801280, 62202452083200, 4478576549990400, 353807547449241600, 30427449080634777600, 2829752764499034316800, 282975276449903431680000, 30278354580139667189760000, 3451732422135922059632640000"
A211014,mul mod INT- 1 n sub mul INT+ 6 n sign n,((-1 mod n) mul ((6 mul n) sub sign(n))),"0, 11, 34, 69, 116, 175, 246, 329, 424, 531, 650, 781, 924, 1079, 1246, 1425, 1616, 1819, 2034, 2261, 2500, 2751, 3014, 3289, 3576, 3875, 4186, 4509, 4844, 5191, 5550, 5921, 6304, 6699, 7106, 7525, 7956, 8399, 8854, 9321, 9800, 10291, 10794, 11309, 11836, 12375"
A047565,add n idiv x_0_2 INT+ 8,(n add (x_0_2 idiv 8)),"0, 1, 3, 4, 5, 6, 7, 8, 9, 11, 12, 13, 14, 15, 16, 17, 19, 20, 21, 22, 23, 24, 25, 27, 28, 29, 30, 31, 32, 33, 35, 36, 37, 38, 39, 40, 41, 43, 44, 45, 46, 47, 48, 49, 51, 52, 53, 54, 55, 56, 57, 59, 60, 61, 62, 63, 64, 65, 67, 68, 69, 70, 71, 72, 73, 75, 76, 77"
A339656,add add x_0_1 sub x_0_2 sign x_0_5 n,((x_0_1 add (x_0_2 sub sign(x_0_5))) add n),"1, 2, 4, 8, 15, 28, 49, 84"
A267809,add mod x_0_1 INT+ 1 0 x_0_2,((x_0_1 mod 10) add x_0_2),"1, 1, 2, 3, 5, 8, 13, 11, 14, 15, 19, 24, 23, 27, 30, 27, 37, 34, 41, 35, 46, 41, 47, 48, 55, 53, 58, 61, 59, 70, 59, 79, 68, 87, 75, 92, 77, 99, 86, 105, 91, 106, 97, 113, 100, 113, 103, 116, 109, 125, 114, 129, 123, 132, 125, 137, 132, 139, 141, 140, 141, 141, 142, 143, 145, 148, 153"
A029876,add INT+ 7 mul x_0_3 INT+ 1 0,(7 add (x_0_3 mul 10)),"1, 2, 3, 17, 27"
A154627,mul add x_0_1 sub x_0_1 x_0_2 INT+ 4,((x_0_1 add (x_0_1 sub x_0_2)) mul 4),"1, 3, 20, 148, 1104, 8240, 61504, 459072, 3426560, 25576192, 190903296, 1424921600, 10635759616, 79386390528, 592548085760, 4422839123968, 33012520648704, 246408808693760, 1839220386955264, 13728127860867072"
A067403,mul INT+ 9 mul x_0_1 sign x_0_2,(9 mul (x_0_1 mul sign(x_0_2))),"1, 5, 45, 405, 3645, 32805, 295245, 2657205, 23914845, 215233605, 1937102445, 17433922005, 156905298045, 1412147682405, 12709329141645, 114383962274805, 1029455660473245, 9265100944259205, 83385908498332845, 750473176484995605, 6754258588364960445, 60788327295284644005"
A354131,mul INT+ 3 add x_0_1 add x_0_2 x_0_2,(3 mul (x_0_1 add (x_0_2 add x_0_2))),"1, 2, 12, 48, 216, 936, 4104, 17928, 78408, 342792, 1498824, 6553224, 28652616, 125277192, 547747272, 2394904968, 10471198536, 45783025416, 200176267464, 875226954888, 3826738469448, 16731577137672, 73155162229704, 319854949515144, 1398495821923656"
A160542,add n idiv sub n sign x_0_6 INT+ 1 0,(n add ((n sub sign(x_0_6)) idiv 10)),"1, 2, 3, 4, 5, 6, 7, 8, 9, 10, 12, 13, 14, 15, 16, 17, 18, 19, 20, 21, 23, 24, 25, 26, 27, 28, 29, 30, 31, 32, 34, 35, 36, 37, 38, 39, 40, 41, 42, 43, 45, 46, 47, 48, 49, 50, 51, 52, 53, 54, 56, 57, 58, 59, 60, 61, 62, 63, 64, 65, 67, 68, 69, 70, 71, 72, 73, 74, 75, 76, 78, 79, 80, 81, 82, 83, 84, 85, 86, 87, 89, 90, 91, 92, 93, 94, 95, 96, 97, 98, 100, 101, 102, 103, 104, 105, 106, 107, 108, 109"
A049450,add x_0_1 sub x_0_1 sub x_0_2 INT+ 6,(x_0_1 add (x_0_1 sub (x_0_2 sub 6))),"0, 2, 10, 24, 44, 70, 102, 140, 184, 234, 290, 352, 420, 494, 574, 660, 752, 850, 954, 1064, 1180, 1302, 1430, 1564, 1704, 1850, 2002, 2160, 2324, 2494, 2670, 2852, 3040, 3234, 3434, 3640, 3852, 4070, 4294, 4524, 4760, 5002, 5250, 5504, 5764"
A032797,add n idiv add x_0_1 n INT+ 1 0,(n add ((x_0_1 add n) idiv 10)),"1, 2, 3, 4, 5, 7, 8, 9, 10, 12, 13, 14, 15, 16, 18, 19, 20, 21, 23, 24, 25, 26, 27, 29, 30, 31, 32, 34, 35, 36, 37, 38, 40, 41, 42, 43, 45, 46, 47, 48, 49, 51, 52, 53, 54, 56, 57, 58, 59, 60, 62, 63, 64, 65, 67, 68, 69, 70, 71, 73, 74, 75, 76, 78, 79, 80, 81, 82, 84, 85, 86"
A360030,add sign x_0_6 x_0_1,(sign(x_0_6) add x_0_1),"1, 3, 5, 8, 10, 11, 12"
A058992,add INT+ 6 mul x_0_3 sign x_0_6,(6 add (x_0_3 mul sign(x_0_6))),"0, 1, 3, 4, 6, 8, 10, 12, 14, 16, 18, 20, 22, 24, 26, 28, 30, 32, 34, 36, 38, 40, 42, 44, 46, 48, 50, 52, 54, 56, 58, 60, 62, 64, 66, 68, 70, 72, 74, 76, 78, 80, 82, 84, 86, 88, 90, 92, 94, 96, 98, 100, 102, 104, 106, 108, 110, 112, 114, 116, 118, 120, 122, 124"
A359441,mul idiv add x_0_1 x_0_2 INT+ 9 INT+ 4,(((x_0_1 add x_0_2) idiv 9) mul 4),"1, 9, 4, 4, 0, 0"
A052934,mul x_0_1 sub INT+ 7 sign x_0_2,(x_0_1 mul (7 sub sign(x_0_2))),"1, 5, 30, 180, 1080, 6480, 38880, 233280, 1399680, 8398080, 50388480, 302330880, 1813985280, 10883911680, 65303470080, 391820820480, 2350924922880, 14105549537280, 84633297223680, 507799783342080"
A206351,sub mul x_0_1 INT+ 7 sub x_0_2 INT- 4,((x_0_1 mul 7) sub (x_0_2 sub -4)),"1, 3, 16, 105, 715, 4896, 33553, 229971, 1576240, 10803705, 74049691, 507544128, 3478759201, 23843770275, 163427632720, 1120149658761, 7677619978603, 52623190191456, 360684711361585, 2472169789339635"
A227353,add x_0_1 idiv mul INT+ 3 n INT+ 5,(x_0_1 add ((3 mul n) idiv 5)),"0, 1, 2, 4, 7, 10, 14, 18, 23, 29, 35, 42, 49, 57, 66, 75, 85, 95, 106, 118, 130, 143, 156, 170, 185, 200, 216, 232, 249, 267, 285, 304, 323, 343, 364, 385, 407, 429, 452, 476, 500, 525, 550, 576, 603, 630, 658, 686, 715, 745, 775, 806, 837, 869, 902, 935"
A168237,sub x_0_6 INT- 9,(x_0_6 sub -9),"0, 0, 3, 3, 6, 6, 9, 9, 12, 12, 15, 15, 18, 18, 21, 21, 24, 24, 27, 27, 30, 30, 33, 33, 36, 36, 39, 39, 42, 42, 45, 45, 48, 48, 51, 51, 54, 54, 57, 57, 60, 60, 63, 63, 66, 66, 69, 69, 72, 72, 75, 75, 78, 78, 81, 81, 84, 84, 87, 87, 90, 90, 93, 93, 96, 96, 99, 99, 102, 102, 105, 105"
A047245,add INT+ 6 x_0_3,(6 add x_0_3),"1, 2, 3, 7, 8, 9, 13, 14, 15, 19, 20, 21, 25, 26, 27, 31, 32, 33, 37, 38, 39, 43, 44, 45, 49, 50, 51, 55, 56, 57, 61, 62, 63, 67, 68, 69, 73, 74, 75, 79, 80, 81, 85, 86, 87, 91, 92, 93, 97, 98, 99, 103, 104, 105, 109, 110, 111, 115, 116, 117, 121, 122, 123"
A083101,add x_0_1 add x_0_1 mul INT+ 1 0 x_0_2,(x_0_1 add (x_0_1 add (10 mul x_0_2))),"1, 12, 34, 188, 716, 3312, 13784, 60688, 259216, 1125312, 4842784, 20938688, 90305216, 389997312, 1683046784, 7266066688, 31362601216, 135385869312, 584397750784, 2522654194688, 10889285897216, 47005113741312"
A141722,add x_0_1 mul INT+ 4 sub x_0_1 x_0_2,(x_0_1 add (4 mul (x_0_1 sub x_0_2))),"1, 25, 121, 505, 2041, 8185, 32761, 131065, 524281, 2097145, 8388601, 33554425, 134217721, 536870905, 2147483641, 8589934585, 34359738361, 137438953465, 549755813881, 2199023255545, 8796093022201, 35184372088825, 140737488355321, 562949953421305"
A025172,add mul x_0_2 INT- 9 add x_0_1 x_0_1,((x_0_2 mul -9) add (x_0_1 add x_0_1)),"1, 1, -7, -23, 17, 241, 329, -1511, -5983, 1633, 57113, 99529, -314959, -1525679, -216727, 13297657, 28545857, -62587199, -382087111, -200889431, 3037005137, 7882015153, -11569015927, -94076168231, -84031193119, 678623127841, 2113526993753"
A033142,add mul INT+ 6 x_0_1 mod add n x_0_1 INT+ 3,((6 mul x_0_1) add ((n add x_0_1) mod 3)),"1, 6, 36, 217, 1302, 7812, 46873, 281238, 1687428, 10124569, 60747414, 364484484, 2186906905, 13121441430, 78728648580, 472371891481, 2834231348886, 17005388093316, 102032328559897, 612193971359382, 3673163828156292, 22038982968937753, 132233897813626518"
A171842,add add x_0_1 sub x_0_1 sign n x_0_2,((x_0_1 add (x_0_1 sub sign(n))) add x_0_2),"1, 1, 2, 4, 9, 21, 50, 120, 289, 697, 1682, 4060, 9801, 23661, 57122, 137904, 332929, 803761, 1940450, 4684660, 11309769, 27304197, 65918162, 159140520, 384199201, 927538921, 2239277042, 5406093004, 13051463049, 31509019101, 76069501250, 183648021600, 443365544449, 1070379110497"
A235498,add n idiv add n INT- 4 INT+ 9,(n add ((n add -4) idiv 9)),"0, 1, 2, 4, 5, 6, 7, 8, 9, 10, 11, 12, 14, 15, 16, 17, 18, 19, 20, 21, 22, 24, 25, 26, 27, 28, 29, 30, 31, 32, 34, 35, 36, 37, 38, 39, 40, 41, 42, 44, 45, 46, 47, 48, 49, 50, 51, 52, 54, 55, 56, 57, 58, 59, 60, 61, 62, 64, 65, 66, 67, 68, 69, 70, 71, 72, 74"
A011862,add x_0_1 idiv add n n INT+ 9,(x_0_1 add ((n add n) idiv 9)),"0, 0, 0, 0, 1, 2, 3, 4, 6, 8, 10, 12, 14, 17, 20, 23, 26, 30, 34, 38, 42, 46, 51, 56, 61, 66, 72, 78, 84, 90, 96, 103, 110, 117, 124, 132, 140, 148, 156, 164, 173, 182, 191, 200, 210, 220, 230, 240, 250, 261, 272, 283, 294, 306, 318, 330, 342, 354, 367, 380, 393, 406, 420"
A181286,add x_0_1 idiv sqr sub n sign n INT+ 3,(x_0_1 add (((n sub sign(n)))**2 idiv 3)),"0, 0, 1, 4, 9, 17, 29, 45, 66, 93, 126, 166, 214, 270, 335, 410, 495, 591, 699, 819, 952, 1099, 1260, 1436, 1628, 1836, 2061, 2304, 2565, 2845, 3145, 3465, 3806, 4169, 4554, 4962, 5394, 5850, 6331, 6838, 7371, 7931, 8519, 9135, 9780, 10455, 11160, 11896"
A089891,mul x_0_3 sub n sign x_0_5,(x_0_3 mul (n sub sign(x_0_5))),"1, 1, 1, 2, 3, 5, 12, 21"
A120354,mul x_0_1 INT+ 3,(x_0_1 mul 3),"11, 33, 99, 297, 891, 2673, 8019, 24057, 72171, 216513, 649539, 1948617, 5845851, 17537553, 52612659, 157837977, 473513931, 1420541793, 4261625379, 12784876137, 38354628411, 115063885233, 345191655699, 1035574967097, 3106724901291, 9320174703873"
A116530,mul x_0_1 INT+ 3,(x_0_1 mul 3),"20, 60, 180, 540, 1620, 4860, 14580, 43740, 131220, 393660, 1180980, 3542940, 10628820, 31886460, 95659380, 286978140, 860934420, 2582803260, 7748409780, 23245229340, 69735688020, 209207064060, 627621192180, 1882863576540"
A097311,sub mul mul INT+ 7 INT+ 4 x_0_1 x_0_2,(((7 mul 4) mul x_0_1) sub x_0_2),"0, 1, 28, 783, 21896, 612305, 17122644, 478821727, 13389885712, 374437978209, 10470873504140, 292810020137711, 8188209690351768, 228977061309711793, 6403169506981578436, 179059769134174484415, 5007270366249903985184"
A018269,mul sub INT+ 1 0 INT- 7 x_0_3,((10 sub -7) mul x_0_3),"1, 2, 4, 17, 34, 68"
A088320,add mul x_0_1 INT+ 1 0 x_0_2,((x_0_1 mul 10) add x_0_2),"1, 5, 51, 515, 5201, 52525, 530451, 5357035, 54100801, 546365045, 5517751251, 55723877555, 562756526801, 5683289145565, 57395647982451, 579639768970075, 5853793337683201, 59117573145802085, 597029524795704051, 6029412821102842595, 60891157735824130001, 614940990179344142605"
A087455,add mul x_0_3 INT- 6 x_0_2,((x_0_3 mul -6) add x_0_2),"1, 1, -1, -5, -7, 1, 23, 43, 17, -95, -241, -197, 329, 1249, 1511, -725, -5983, -9791, -1633, 26107, 57113, 35905, -99529, -306773, -314959, 290401, 1525679, 2180155, -216727, -6973919, -13297657, -5673557, 28545857, 74112385, 62587199, -97162757, -382087111, -472685951"
A091628,mod INT- 7 mul x_0_1 INT+ 1 0,(-7 mod (x_0_1 mul 10)),"23, 223, 2223, 22223, 222223, 2222223, 22222223, 222222223, 2222222223, 22222222223, 222222222223, 2222222222223, 22222222222223, 222222222222223, 2222222222222223, 22222222222222223, 222222222222222223"
A006331,add x_0_1 mul sqr sub n sign n INT+ 2,(x_0_1 add (((n sub sign(n)))**2 mul 2)),"0, 2, 10, 28, 60, 110, 182, 280, 408, 570, 770, 1012, 1300, 1638, 2030, 2480, 2992, 3570, 4218, 4940, 5740, 6622, 7590, 8648, 9800, 11050, 12402, 13860, 15428, 17110, 18910, 20832, 22880, 25058, 27370, 29820, 32412, 35150, 38038, 41080, 44280"
A025579,mul INT+ 3 mul x_0_1 sign x_0_3,(3 mul (x_0_1 mul sign(x_0_3))),"1, 2, 4, 12, 36, 108, 324, 972, 2916, 8748, 26244, 78732, 236196, 708588, 2125764, 6377292, 19131876, 57395628, 172186884, 516560652, 1549681956, 4649045868, 13947137604, 41841412812, 125524238436, 376572715308, 1129718145924"
A170756,add mul sqr INT+ 6 x_0_1 idiv INT+ 2 n,(((6)**2 mul x_0_1) add (2 idiv n)),"1, 37, 1332, 47952, 1726272, 62145792, 2237248512, 80540946432, 2899474071552, 104381066575872, 3757718396731392, 135277862282330112, 4870003042163884032, 175320109517899825152, 6311523942644393705472, 227214861935198173396992"
A077958,add x_0_3 x_0_3,(x_0_3 add x_0_3),"1, 0, 0, 2, 0, 0, 4, 0, 0, 8, 0, 0, 16, 0, 0, 32, 0, 0, 64, 0, 0, 128, 0, 0, 256, 0, 0, 512, 0, 0, 1024, 0, 0, 2048, 0, 0, 4096, 0, 0, 8192, 0, 0, 16384, 0, 0, 32768, 0, 0, 65536, 0, 0, 131072, 0, 0, 262144, 0, 0, 524288, 0, 0, 1048576, 0, 0, 2097152, 0, 0, 4194304, 0, 0, 8388608, 0"
A199492,sub mul INT+ 7 x_0_1 INT+ 6,((7 mul x_0_1) sub 6),"12, 78, 540, 3774, 26412, 184878, 1294140, 9058974, 63412812, 443889678, 3107227740, 21750594174, 152254159212, 1065779114478, 7460453801340, 52223176609374, 365562236265612, 2558935653859278, 17912549577014940"
A037580,sub mul x_0_1 INT+ 8 mod x_0_1 INT- 4,((x_0_1 mul 8) sub (x_0_1 mod -4)),"1, 11, 89, 715, 5721, 45771, 366169, 2929355, 23434841, 187478731, 1499829849, 11998638795, 95989110361, 767912882891, 6143303063129, 49146424505035, 393171396040281, 3145371168322251, 25162969346578009, 201303754772624075, 1610430038180992601"
A099232,add add x_0_1 mul INT+ 3 x_0_2 sign n,((x_0_1 add (3 mul x_0_2)) add sign(n)),"0, 1, 2, 6, 13, 32, 72, 169, 386, 894, 2053, 4736, 10896, 25105, 57794, 133110, 306493, 705824, 1625304, 3742777, 8618690, 19847022, 45703093, 105244160, 242353440, 558085921, 1285146242, 2959404006, 6814842733, 15693054752, 36137582952"
A084639,add add add x_0_1 x_0_2 x_0_2 INT+ 3,(((x_0_1 add x_0_2) add x_0_2) add 3),"0, 1, 4, 9, 20, 41, 84, 169, 340, 681, 1364, 2729, 5460, 10921, 21844, 43689, 87380, 174761, 349524, 699049, 1398100, 2796201, 5592404, 11184809, 22369620, 44739241, 89478484, 178956969, 357913940, 715827881, 1431655764, 2863311529, 5726623060, 11453246121"
A058891,idiv sqr mul INT+ 4 x_0_1 INT+ 8,(((4 mul x_0_1))**2 idiv 8),"1, 2, 8, 128, 32768, 2147483648, 9223372036854775808, 170141183460469231731687303715884105728, 57896044618658097711785492504343953926634992332820282019728792003956564819968"
A001106,add add x_0_1 sub x_0_1 x_0_2 INT+ 7,((x_0_1 add (x_0_1 sub x_0_2)) add 7),"0, 1, 9, 24, 46, 75, 111, 154, 204, 261, 325, 396, 474, 559, 651, 750, 856, 969, 1089, 1216, 1350, 1491, 1639, 1794, 1956, 2125, 2301, 2484, 2674, 2871, 3075, 3286, 3504, 3729, 3961, 4200, 4446, 4699, 4959, 5226, 5500, 5781, 6069, 6364"
A124677,add x_0_1 sub x_0_1 idiv INT- 4 n,(x_0_1 add (x_0_1 sub (-4 idiv n))),"0, 2, 6, 13, 27"
A003947,mul x_0_1 INT+ 4 sub x_0_2,(x_0_1 mul 4),"1, 5, 20, 80, 320, 1280, 5120, 20480, 81920, 327680, 1310720, 5242880, 20971520, 83886080, 335544320, 1342177280, 5368709120, 21474836480, 85899345920, 343597383680, 1374389534720, 5497558138880, 21990232555520, 87960930222080, 351843720888320"
A199678,mod INT- 8 mul x_0_1 INT+ 9,(-8 mod (x_0_1 mul 9)),"11, 91, 811, 7291, 65611, 590491, 5314411, 47829691, 430467211, 3874204891, 34867844011, 313810596091, 2824295364811, 25418658283291, 228767924549611, 2058911320946491, 18530201888518411, 166771816996665691, 1500946352969991211"
A199557,sub mul x_0_1 INT+ 8 INT+ 7,((x_0_1 mul 8) sub 7),"11, 81, 641, 5121, 40961, 327681, 2621441, 20971521, 167772161, 1342177281, 10737418241, 85899345921, 687194767361, 5497558138881, 43980465111041, 351843720888321, 2814749767106561, 22517998136852481, 180143985094819841"
A072221,sub mul x_0_1 INT+ 6 sub x_0_2 INT+ 2,((x_0_1 mul 6) sub (x_0_2 sub 2)),"1, 4, 25, 148, 865, 5044, 29401, 171364, 998785, 5821348, 33929305, 197754484, 1152597601, 6717831124, 39154389145, 228208503748, 1330096633345, 7752371296324, 45184131144601, 263352415571284, 1534930362283105, 8946229758127348, 52142448186480985"
A010332,mul sub x_0_1 mul INT- 6 n INT+ 1 0,((x_0_1 sub (-6 mul n)) mul 10),"7, 190"
A110870,add INT+ 2 mul x_0_3 sign n,(2 add (x_0_3 mul sign(n))),"2, 2, 4, 4, 4, 6, 6, 6, 8, 8, 8"
A047228,add INT+ 6 x_0_3,(6 add x_0_3),"2, 3, 4, 8, 9, 10, 14, 15, 16, 20, 21, 22, 26, 27, 28, 32, 33, 34, 38, 39, 40, 44, 45, 46, 50, 51, 52, 56, 57, 58, 62, 63, 64, 68, 69, 70, 74, 75, 76, 80, 81, 82, 86, 87, 88, 92, 93, 94, 98, 99, 100, 104, 105, 106, 110, 111, 112, 116, 117, 118, 122, 123, 124"
A271740,add x_0_1 sub x_0_1 sub x_0_2 INT+ 6,(x_0_1 add (x_0_1 sub (x_0_2 sub 6))),"2, 3, 10, 23, 42, 67, 98, 135, 178, 227, 282, 343, 410, 483, 562, 647, 738, 835, 938, 1047, 1162, 1283, 1410, 1543, 1682, 1827, 1978, 2135, 2298, 2467, 2642, 2823, 3010, 3203, 3402, 3607, 3818, 4035, 4258, 4487, 4722, 4963, 5210, 5463, 5722, 5987, 6258, 6535, 6818, 7107, 7402, 7703"
A171714,idiv add sqr sqr n sign n INT+ 2,((((n)**2)**2 add sign(n)) idiv 2),"1, 8, 41, 128, 313, 648, 1201, 2048, 3281, 5000, 7321, 10368, 14281, 19208, 25313, 32768, 41761, 52488, 65161, 80000, 97241, 117128, 139921, 165888, 195313, 228488, 265721, 307328, 353641, 405000, 461761, 524288, 592961, 668168, 750313, 839808"
A059222,add x_0_2 mul idiv INT+ 3 x_0_1 x_0_2,(x_0_2 add ((3 idiv x_0_1) mul x_0_2)),"1, 1, 4, 1, 16, 1, 64, 1, 256, 1, 1024, 1, 4096, 1, 16384, 1, 65536, 1, 262144, 1, 1048576, 1, 4194304, 1, 16777216, 1, 67108864, 1, 268435456, 1, 1073741824, 1, 4294967296, 1, 17179869184, 1, 68719476736, 1, 274877906944, 1, 1099511627776, 1, 4398046511104"
A106466,mul add idiv n INT+ 4 sub x_0_1 n INT- 1,(((n idiv 4) add (x_0_1 sub n)) mul -1),"1, 1, 2, 1, 3, 2, 4, 2, 5, 3, 6, 3, 7, 4, 8, 4, 9, 5, 10, 5, 11, 6, 12, 6, 13, 7, 14, 7, 15, 8, 16, 8, 17, 9, 18, 9, 19, 10, 20, 10, 21, 11, 22, 11, 23, 12, 24, 12, 25, 13, 26, 13, 27, 14, 28, 14, 29, 15, 30, 15, 31, 16, 32, 16, 33, 17, 34, 17, 35, 18, 36"
A001288,idiv mul x_0_1 add n INT+ 1 0 sub n sign n,((x_0_1 mul (n add 10)) idiv (n sub sign(n))),"1, 12, 78, 364, 1365, 4368, 12376, 31824, 75582, 167960, 352716, 705432, 1352078, 2496144, 4457400, 7726160, 13037895, 21474180, 34597290, 54627300, 84672315, 129024480, 193536720, 286097760, 417225900, 600805296, 854992152, 1203322288, 1676056044"
A110825,add x_0_2 mul idiv INT+ 1 0 x_0_1 add n n,(x_0_2 add ((10 idiv x_0_1) mul (n add n))),"1, 126, 1"
A034262,mul add INT- 1 n sub sqr sub n sign n INT- 1,((-1 add n) mul (((n sub sign(n)))**2 sub -1)),"0, 2, 10, 30, 68, 130, 222, 350, 520, 738, 1010, 1342, 1740, 2210, 2758, 3390, 4112, 4930, 5850, 6878, 8020, 9282, 10670, 12190, 13848, 15650, 17602, 19710, 21980, 24418, 27030, 29822, 32800, 35970, 39338, 42910, 46692, 50690, 54910"
A168056,sub x_0_6 INT- 8,(x_0_6 sub -8),"1, 1, 3, 5, 5, 7, 9, 9, 11, 13, 13, 15, 17, 17, 19, 21, 21, 23, 25, 25, 27, 29, 29, 31, 33, 33, 35, 37, 37, 39, 41, 41, 43, 45, 45, 47, 49, 49, 51, 53, 53, 55, 57, 57, 59, 61, 61, 63, 65, 65, 67, 69, 69, 71, 73, 73, 75, 77, 77, 79, 81, 81, 83, 85, 85, 87, 89, 89, 91, 93, 93"
A061891,sub add x_0_1 x_0_3 x_0_4,((x_0_1 add x_0_3) sub x_0_4),"1, 1, 4, 7, 7, 10, 13, 13, 16, 19, 19, 22, 25, 25, 28, 31, 31, 34, 37, 37, 40, 43, 43, 46, 49, 49, 52, 55, 55, 58, 61, 61, 64, 67, 67, 70, 73, 73, 76, 79, 79, 82, 85, 85, 88, 91, 91, 94, 97, 97, 100, 103, 103, 106, 109, 109, 112, 115, 115, 118, 121, 121, 124"
A033579,mul add n INT- 1 sub mul n INT+ 6 INT+ 8,((n add -1) mul ((n mul 6) sub 8)),"0, 4, 20, 48, 88, 140, 204, 280, 368, 468, 580, 704, 840, 988, 1148, 1320, 1504, 1700, 1908, 2128, 2360, 2604, 2860, 3128, 3408, 3700, 4004, 4320, 4648, 4988, 5340, 5704, 6080, 6468, 6868, 7280, 7704, 8140, 8588, 9048, 9520, 10004, 10500, 11008, 11528, 12060"
A253175,sub mul x_0_1 INT+ 1 0 sub x_0_2 INT- 2,((x_0_1 mul 10) sub (x_0_2 sub -2)),"1, 7, 67, 661, 6541, 64747, 640927, 6344521, 62804281, 621698287, 6154178587, 60920087581, 603046697221, 5969546884627, 59092422149047, 584954674605841, 5790454323909361, 57319588564487767, 567405431320968307, 5616734724645195301, 55599941815130984701"
A202258,add INT+ 4 idiv INT+ 4 n,(4 add (4 idiv n)),"8, 6, 5, 5, 4"
A049778,sub x_0_1 mul idiv n INT- 2 n,(x_0_1 sub ((n idiv -2) mul n)),"1, 3, 9, 17, 32, 50, 78, 110, 155, 205, 271, 343, 434, 532, 652, 780, 933, 1095, 1285, 1485, 1716, 1958, 2234, 2522, 2847, 3185, 3563, 3955, 4390, 4840, 5336, 5848, 6409, 6987, 7617, 8265, 8968, 9690, 10470, 11270, 12131"
A045755,mul x_0_1 add idiv x_0_1 x_0_2 INT+ 8,(x_0_1 mul ((x_0_1 idiv x_0_2) add 8)),"1, 1, 9, 153, 3825, 126225, 5175225, 253586025, 14454403425, 939536222625, 68586144251625, 5555477684381625, 494437513909964625, 47960438849266568625, 5035846079172989705625, 569050606946547836735625, 68855123440532288245010625, 8882310923828665183606370625"
A359568,add x_0_1 sub x_0_1 idiv sub x_0_1 n n,(x_0_1 add (x_0_1 sub ((x_0_1 sub n) idiv n))),"0, 1, 3, 7, 14, 27, 52"
A147629,mul x_0_1 add idiv x_0_1 x_0_2 INT+ 9,(x_0_1 mul ((x_0_1 idiv x_0_2) add 9)),"1, 5, 70, 1610, 51520, 2112320, 105616000, 6231344000, 423731392000, 32627317184000, 2805949277824000, 266565181393280000, 27722778864901120000, 3132674011733826560000, 382186229431526840320000, 50066396055530016081920000, 7009295447774202251468800000"
A015532,add mul x_0_2 INT+ 7 mul INT+ 4 x_0_1,((x_0_2 mul 7) add (4 mul x_0_1)),"0, 1, 4, 23, 120, 641, 3404, 18103, 96240, 511681, 2720404, 14463383, 76896360, 408829121, 2173591004, 11556167863, 61439808480, 326652408961, 1736688295204, 9233320043543, 49090098240600, 260993633267201, 1387605220753004, 7377376315882423"
A099168,mul sub INT+ 7 INT+ 2 mul x_0_1 idiv x_0_1 x_0_2,((7 sub 2) mul (x_0_1 mul (x_0_1 idiv x_0_2))),"1, 3, 45, 3375, 1265625, 2373046875, 22247314453125, 1042842864990234375, 244416296482086181640625, 286425347439944744110107421875, 1678273520155926235020160675048828125"
A107903,mul INT+ 4 sub add x_0_1 x_0_1 x_0_2,(4 mul ((x_0_1 add x_0_1) sub x_0_2)),"1, 10, 76, 568, 4240, 31648, 236224, 1763200, 13160704, 98232832, 733219840, 5472827392, 40849739776, 304906608640, 2275853910016, 16987204845568, 126794223124480, 946404965613568, 7064062832410624, 52726882796830720"
A033423,idiv mul sqr sqr sqr INT+ 1 0 INT+ 1 0 n,(((((10)**2)**2)**2 mul 10) idiv n),"1000000000, 500000000, 333333333, 250000000, 200000000, 166666666, 142857142, 125000000, 111111111, 100000000, 90909090, 83333333, 76923076, 71428571, 66666666, 62500000, 58823529, 55555555, 52631578, 50000000"
A077854,add x_0_1 add x_0_1 mod sub x_0_1 n INT+ 2,(x_0_1 add (x_0_1 add ((x_0_1 sub n) mod 2))),"1, 3, 6, 12, 25, 51, 102, 204, 409, 819, 1638, 3276, 6553, 13107, 26214, 52428, 104857, 209715, 419430, 838860, 1677721, 3355443, 6710886, 13421772, 26843545, 53687091, 107374182, 214748364, 429496729, 858993459, 1717986918, 3435973836, 6871947673"
A126023,mul add x_0_1 x_0_2 x_0_1 INT+ 7,((x_0_1 add x_0_2) mul x_0_1),"0, 1, 1, 2, 6, 48, 2592, 6842880, 46842743439360, 2194242933464976548324966400, 4814702051061088283920560140388303599459408453566464000, 23181355840491850372772514246989811472332466216882815765831029699284672633019505150499832539732598430105600000"
A111274,mul INT+ 3 sub x_0_1 sign x_0_5,(3 mul (x_0_1 sub sign(x_0_5))),"1, 2, 3, 6, 9, 24"
A318536,add n idiv x_0_1 sub INT+ 1 0 INT- 1,(n add (x_0_1 idiv (10 sub -1))),"1, 2, 3, 4, 5, 6, 7, 8, 9, 10, 11, 13, 14, 15, 16, 17, 18, 19, 20, 21, 22, 24, 25, 26, 27, 28, 29, 30, 31, 32, 33, 35, 36, 37, 38, 39, 40, 41, 42, 43, 44, 46, 47, 48, 49, 50, 51, 52, 53, 54, 55, 57, 58, 59, 60, 61, 62, 63, 64, 65, 66, 68, 69, 70, 71, 72, 73, 74, 75, 76, 77, 79, 80, 81, 82, 83, 84, 85, 86, 87, 88, 90, 91"
A140090,add x_0_1 sub x_0_1 add INT- 3 x_0_2,(x_0_1 add (x_0_1 sub (-3 add x_0_2))),"0, 5, 13, 24, 38, 55, 75, 98, 124, 153, 185, 220, 258, 299, 343, 390, 440, 493, 549, 608, 670, 735, 803, 874, 948, 1025, 1105, 1188, 1274, 1363, 1455, 1550, 1648, 1749, 1853, 1960, 2070, 2183, 2299, 2418, 2540, 2665, 2793, 2924"
A115067,add x_0_1 sub x_0_1 add INT- 3 x_0_2,(x_0_1 add (x_0_1 sub (-3 add x_0_2))),"0, 4, 11, 21, 34, 50, 69, 91, 116, 144, 175, 209, 246, 286, 329, 375, 424, 476, 531, 589, 650, 714, 781, 851, 924, 1000, 1079, 1161, 1246, 1334, 1425, 1519, 1616, 1716, 1819, 1925, 2034, 2146, 2261, 2379, 2500, 2624, 2751, 2881, 3014, 3150, 3289, 3431, 3576"
A118239,mul add INT- 6 mul INT+ 4 n sub n sign x_0_1,((-6 add (4 mul n)) mul (n sub sign(x_0_1))),"1, 2, 12, 30, 56, 90, 132, 182, 240, 306, 380, 462, 552, 650, 756, 870, 992, 1122, 1260, 1406, 1560, 1722, 1892, 2070, 2256, 2450, 2652, 2862, 3080, 3306, 3540, 3782, 4032, 4290, 4556, 4830, 5112, 5402, 5700, 6006, 6320, 6642, 6972, 7310, 7656, 8010, 8372"
A205085,add mul INT+ 1 0 add x_0_1 INT+ 4 sign n,((10 mul (x_0_1 add 4)) add sign(n)),"11, 151, 1551, 15551, 155551, 1555551, 15555551, 155555551, 1555555551, 15555555551, 155555555551, 1555555555551, 15555555555551, 155555555555551, 1555555555555551, 15555555555555551, 155555555555555551, 1555555555555555551, 15555555555555555551"
A205086,add mul INT+ 1 0 add x_0_1 INT+ 5 sign n,((10 mul (x_0_1 add 5)) add sign(n)),"11, 161, 1661, 16661, 166661, 1666661, 16666661, 166666661, 1666666661, 16666666661, 166666666661, 1666666666661, 16666666666661, 166666666666661, 1666666666666661, 16666666666666661, 166666666666666661, 1666666666666666661, 16666666666666666661"
A205088,add mul INT+ 1 0 add x_0_1 INT+ 7 sign n,((10 mul (x_0_1 add 7)) add sign(n)),"11, 181, 1881, 18881, 188881, 1888881, 18888881, 188888881, 1888888881, 18888888881, 188888888881, 1888888888881, 18888888888881, 188888888888881, 1888888888888881, 18888888888888881, 188888888888888881, 1888888888888888881, 18888888888888888881"
A176594,mul x_0_1 mod x_0_1 add x_0_2 x_0_1,(x_0_1 mul (x_0_1 mod (x_0_2 add x_0_1))),"5, 25, 625, 390625, 152587890625, 23283064365386962890625, 542101086242752217003726400434970855712890625, 293873587705571876992184134305561419454666389193021880377187926569604314863681793212890625"
A358682,add mul INT+ 6 x_0_1 sub INT+ 2 x_0_2,((6 mul x_0_1) add (2 sub x_0_2)),"1, 7, 43, 253, 1477, 8611, 50191, 292537, 1705033, 9937663, 57920947, 337588021, 1967607181, 11468055067, 66840723223, 389576284273, 2270616982417, 13234125610231, 77134136678971, 449570694463597, 2620290030102613, 15272169486152083, 89012726886809887, 518804191834707241"
A047231,sub x_0_3 sub x_0_6 x_0_3,(x_0_3 sub (x_0_6 sub x_0_3)),"0, 3, 4, 6, 9, 10, 12, 15, 16, 18, 21, 22, 24, 27, 28, 30, 33, 34, 36, 39, 40, 42, 45, 46, 48, 51, 52, 54, 57, 58, 60, 63, 64, 66, 69, 70, 72, 75, 76, 78, 81, 82, 84, 87, 88, 90, 93, 94, 96, 99, 100, 102, 105, 106, 108, 111, 112, 114, 117, 118, 120, 123, 124"
A084949,mul x_0_1 add idiv x_0_1 x_0_2 INT+ 9,(x_0_1 mul ((x_0_1 idiv x_0_2) add 9)),"1, 2, 22, 440, 12760, 484880, 22789360, 1276204160, 82953270400, 6138542009600, 509498986796800, 46873906785305600, 4734264585315865600, 520769104384745216000, 61971523421784680704000, 7932354997988439130112000, 1086732634724416160825344000, 158662964669764759480500224000"
A164737,mul x_0_2 INT+ 8,(x_0_2 mul 8),"5, 12, 40, 96, 320, 768, 2560, 6144, 20480, 49152, 163840, 393216, 1310720, 3145728, 10485760, 25165824, 83886080, 201326592, 671088640, 1610612736, 5368709120, 12884901888, 42949672960, 103079215104, 343597383680, 824633720832"
A083302,add mul INT+ 8 add x_0_1 x_0_2 x_0_2,((8 mul (x_0_1 add x_0_2)) add x_0_2),"1, 7, 65, 583, 5249, 47239, 425153, 3826375, 34437377, 309936391, 2789427521, 25104847687, 225943629185, 2033492662663, 18301433963969, 164712905675719, 1482416151081473, 13341745359733255, 120075708237599297"
A123347,add mul INT+ 4 x_0_1 add x_0_2 x_0_2,((4 mul x_0_1) add (x_0_2 add x_0_2)),"1, 5, 22, 98, 436, 1940, 8632, 38408, 170896, 760400, 3383392, 15054368, 66984256, 298045760, 1326151552, 5900697728, 26255094016, 116821771520, 519797274112, 2312832639488, 10290925106176, 45789365703680, 203739313027072, 906535983515648, 4033622560116736"
A055846,add mul INT+ 6 x_0_1 idiv n sub x_0_1 x_0_2,((6 mul x_0_1) add (n idiv (x_0_1 sub x_0_2))),"1, 4, 25, 150, 900, 5400, 32400, 194400, 1166400, 6998400, 41990400, 251942400, 1511654400, 9069926400, 54419558400, 326517350400, 1959104102400, 11754624614400, 70527747686400, 423166486118400, 2538998916710400"
A319013,add mul x_0_1 n sqr sub sign n n,((x_0_1 mul n) add ((sign(n) sub n))**2),"0, 1, 7, 37, 201, 1231, 8653, 69273, 623521, 6235291, 68588301, 823059733, 10699776673, 149796873591, 2246953104061, 35951249665201, 611171244308673, 11001082397556403, 209020565553571981, 4180411311071439981, 87788637532500240001, 1931350025715005280463"
A048495,add mul INT+ 4 sub x_0_1 x_0_2 INT+ 2,((4 mul (x_0_1 sub x_0_2)) add 2),"1, 2, 6, 18, 50, 130, 322, 770, 1794, 4098, 9218, 20482, 45058, 98306, 212994, 458754, 983042, 2097154, 4456450, 9437186, 19922946, 41943042, 88080386, 184549378, 385875970, 805306370, 1677721602, 3489660930, 7247757314"
A215148,add add x_0_1 sqr INT- 4 INT+ 7,((x_0_1 add (-4)**2) add 7),"1, 24, 47, 70, 93, 116, 139, 162, 185, 208, 231, 254, 277, 300, 323, 346, 369, 392, 415, 438, 461, 484, 507, 530, 553, 576, 599, 622, 645, 668, 691, 714, 737, 760, 783, 806, 829, 852, 875, 898, 921, 944, 967, 990"
A168420,add x_0_2 INT+ 1 0,(x_0_2 add 10),"4, 14, 14, 24, 24, 34, 34, 44, 44, 54, 54, 64, 64, 74, 74, 84, 84, 94, 94, 104, 104, 114, 114, 124, 124, 134, 134, 144, 144, 154, 154, 164, 164, 174, 174, 184, 184, 194, 194, 204, 204, 214, 214, 224, 224, 234, 234, 244, 244, 254, 254, 264, 264, 274, 274, 284"
A007482,add mul INT+ 3 x_0_1 add x_0_2 x_0_2,((3 mul x_0_1) add (x_0_2 add x_0_2)),"1, 3, 11, 39, 139, 495, 1763, 6279, 22363, 79647, 283667, 1010295, 3598219, 12815247, 45642179, 162557031, 578955451, 2061980415, 7343852147, 26155517271, 93154256107, 331773802863, 1181629920803, 4208437368135"
A083217,add mul INT+ 4 add x_0_1 x_0_2 x_0_2,((4 mul (x_0_1 add x_0_2)) add x_0_2),"1, 3, 17, 83, 417, 2083, 10417, 52083, 260417, 1302083, 6510417, 32552083, 162760417, 813802083, 4069010417, 20345052083, 101725260417, 508626302083, 2543131510417, 12715657552083, 63578287760417, 317891438802083"
A199488,sub mul x_0_1 INT+ 7 INT+ 6,((x_0_1 mul 7) sub 6),"11, 71, 491, 3431, 24011, 168071, 1176491, 8235431, 57648011, 403536071, 2824752491, 19773267431, 138412872011, 968890104071, 6782230728491, 47475615099431, 332329305696011, 2326305139872071, 16284135979104491, 113988951853731431"
A199764,add mul INT+ 1 0 sub x_0_1 sign n x_0_1,((10 mul (x_0_1 sub sign(n))) add x_0_1),"11, 111, 1211, 13311, 146411, 1610511, 17715611, 194871711, 2143588811, 23579476911, 259374246011, 2853116706111, 31384283767211, 345227121439311, 3797498335832411, 41772481694156511, 459497298635721611, 5054470284992937711"
A270568,mul INT+ 8 add idiv x_0_2 x_0_1 x_0_1,(8 mul ((x_0_2 idiv x_0_1) add x_0_1)),"1, 12, 96, 768, 6144, 49152, 393216, 3145728, 25165824, 201326592, 1610612736, 12884901888, 103079215104, 824633720832, 6597069766656, 52776558133248, 422212465065984, 3377699720527872, 27021597764222976, 216172782113783808, 1729382256910270464"
A297046,idiv n mul INT+ 6 add INT+ 1 0 x_0_6,(n idiv (6 mul (10 add x_0_6))),"0, 0, 0, 0, 0, 0, 0, 0, 0, 0, 0, 0, 0, 0, 0, 0, 0, 0, 0, 0, 0, 0, 0, 0, 0, 0, 0, 0, 0, 0, 0, 0, 0, 0, 0, 0, 0, 0, 0, 0, 0, 0, 0, 0, 0, 0, 0, 0, 0, 0, 0, 0, 0, 0, 0, 0, 0, 0, 0, 1, 1, 1, 1, 1, 1, 1, 1, 1, 1, 1, 1, 1, 1, 1, 1, 1, 1, 1, 1, 1, 1, 1, 1, 1, 1, 1"
A297045,idiv add n idiv n INT+ 1 0 add n INT+ 2,((n add (n idiv 10)) idiv (n add 2)),"0, 0, 0, 0, 0, 0, 0, 0, 0, 0, 0, 0, 0, 0, 0, 0, 0, 0, 0, 1, 1, 1, 1, 1, 1, 1, 1, 1, 1, 1, 1, 1, 1, 1, 1, 1, 1, 1, 1, 1, 1, 1, 1, 1, 1, 1, 1, 1, 1, 1, 1, 1, 1, 1, 1, 1, 1, 1, 1, 1, 1, 1, 1, 1, 1, 1, 1, 1, 1, 1, 1, 1, 1, 1, 1, 1, 1, 1, 1, 1, 1, 1, 1, 1, 1, 1"
A293653,mul x_0_1 add idiv n INT+ 2 add n INT- 1,(x_0_1 mul ((n idiv 2) add (n add -1))),"1, 2, 6, 30, 180, 1440, 12960, 142560, 1710720, 23950080, 359251200, 6107270400, 109930867200, 2198617344000, 46170964224000, 1061932177152000, 25486372251648000, 662645678542848000, 17891433320656896000, 518851566299049984000, 15565546988971499520000, 498097503647087984640000"
A036408,mul idiv sqr sub sign n n INT- 1 0 INT- 1,((((sign(n) sub n))**2 idiv -10) mul -1),"0, 1, 1, 1, 2, 3, 4, 5, 7, 9, 10, 13, 15, 17, 20, 23, 26, 29, 33, 37, 40, 45, 49, 53, 58, 63, 68, 73, 79, 85, 90, 97, 103, 109, 116, 123, 130, 137, 145, 153, 160, 169, 177, 185, 194, 203, 212, 221, 231, 241, 250, 261, 271, 281, 292, 303, 314, 325"
A144756,mul x_0_1 add idiv x_0_1 x_0_2 INT+ 8,(x_0_1 mul ((x_0_1 idiv x_0_2) add 8)),"1, 3, 33, 627, 16929, 592515, 25478145, 1299385395, 76663738305, 5136470466435, 385235284982625, 31974528653557875, 2909682107473766625, 288058528639902895875, 30822262564469609858625, 3544560194914005133741875, 435980903974422631450250625, 57113498420649364719982831875"
A205087,add mul INT+ 1 0 add x_0_1 INT+ 6 sign n,((10 mul (x_0_1 add 6)) add sign(n)),"11, 171, 1771, 17771, 177771, 1777771, 17777771, 177777771, 1777777771, 17777777771, 177777777771, 1777777777771, 17777777777771, 177777777777771, 1777777777777771, 17777777777777771, 177777777777777771, 1777777777777777771, 17777777777777777771"
A182467,mul add x_0_1 INT+ 9 INT+ 2,((x_0_1 add 9) mul 2),"36, 90, 198, 414, 846, 1710, 3438, 6894, 13806, 27630, 55278, 110574, 221166, 442350, 884718, 1769454, 3538926, 7077870, 14155758, 28311534, 56623086, 113246190, 226492398, 452984814, 905969646, 1811939310, 3623878638, 7247757294, 14495514606, 28991029230"
A135415,add mul x_0_2 INT+ 8 n,((x_0_2 mul 8) add n),"3, 9, 27, 76"
A046090,sub mul INT+ 6 x_0_1 sub x_0_2 INT- 2,((6 mul x_0_1) sub (x_0_2 sub -2)),"1, 4, 21, 120, 697, 4060, 23661, 137904, 803761, 4684660, 27304197, 159140520, 927538921, 5406093004, 31509019101, 183648021600, 1070379110497, 6238626641380, 36361380737781, 211929657785304, 1235216565974041"
A214887,mul x_0_1 add idiv n x_0_1 x_0_2,(x_0_1 mul ((n idiv x_0_1) add x_0_2)),"1, 7, 7, 49, 343, 16807, 5764801, 96889010407, 558545864083284007, 54116956037952111668959660849, 30226801971775055948247051683954096612865741943"
A196662,sub x_0_1 mul INT- 9 x_0_1 x_0_2,(x_0_1 sub (-9 mul x_0_1)),"1, 7, 70, 700, 7000, 70000, 700000, 7000000, 70000000, 700000000, 7000000000, 70000000000, 700000000000, 7000000000000, 70000000000000, 700000000000000, 7000000000000000, 70000000000000000, 700000000000000000, 7000000000000000000, 70000000000000000000"
A108983,add mul INT+ 6 x_0_2 mul INT+ 5 x_0_1,((6 mul x_0_2) add (5 mul x_0_1)),"1, 7, 41, 247, 1481, 8887, 53321, 319927, 1919561, 11517367, 69104201, 414625207, 2487751241, 14926507447, 89559044681, 537354268087, 3224125608521, 19344753651127, 116068521906761, 696411131440567, 4178466788643401"
A015530,sub mul INT+ 4 add x_0_1 x_0_2 x_0_2,((4 mul (x_0_1 add x_0_2)) sub x_0_2),"0, 1, 4, 19, 88, 409, 1900, 8827, 41008, 190513, 885076, 4111843, 19102600, 88745929, 412291516, 1915403851, 8898489952, 41340171361, 192056155300, 892245135283, 4145149007032, 19257331433977, 89464772757004"
A212964,add x_0_1 idiv sqr sub n INT+ 2 INT+ 2,(x_0_1 add (((n sub 2))**2 idiv 2)),"0, 0, 0, 2, 6, 14, 26, 44, 68, 100, 140, 190, 250, 322, 406, 504, 616, 744, 888, 1050, 1230, 1430, 1650, 1892, 2156, 2444, 2756, 3094, 3458, 3850, 4270, 4720, 5200, 5712, 6256, 6834, 7446, 8094, 8778, 9500, 10260, 11060, 11900, 12782, 13706"
A123007,add mul x_0_2 INT+ 9 add x_0_1 x_0_1,((x_0_2 mul 9) add (x_0_1 add x_0_1)),"1, 3, 15, 57, 249, 1011, 4263, 17625, 73617, 305859, 1274271, 5301273, 22070985, 91853427, 382345719, 1591372281, 6623856033, 27570062595, 114754829487, 477640222329, 1988073910041, 8274909821043, 34442484832455"
A015171,mul idiv INT+ 7 n x_0_6,((7 idiv n) mul x_0_6),"1, -1, 1, -1, 1, -1, 1, 0, 0, 0, 0, 0, 0, 0, 0, 0, 0, 0, 0, 0, 0, 0, 0, 0, 0, 0, 0, 0, 0, 0, 0, 0, 0, 0, 0, 0, 0, 0, 0, 0, 0, 0, 0, 0, 0, 0, 0, 0, 0, 0, 0, 0, 0, 0, 0, 0, 0, 0, 0, 0, 0, 0, 0, 0, 0, 0, 0, 0, 0, 0, 0, 0, 0, 0, 0, 0, 0, 0, 0, 0, 0"
A115618,add mul INT+ 4 sub x_0_1 x_0_2 INT+ 1,((4 mul (x_0_1 sub x_0_2)) add 1),"4, 8, 17, 37, 81, 177, 385, 833, 1793, 3841, 8193, 17409, 36865, 77825, 163841, 344065, 720897, 1507329, 3145729, 6553601, 13631489, 28311553, 58720257, 121634817, 251658241, 520093697, 1073741825, 2214592513, 4563402753, 9395240961, 19327352833, 39728447489"
A110215,add mul x_0_1 INT+ 4 idiv n x_0_3,((x_0_1 mul 4) add (n idiv x_0_3)),"1, 1, 1, 8, 37"
A215271,mul x_0_1 x_0_2 INT+ 8,(x_0_1 mul x_0_2),"1, 8, 8, 64, 512, 32768, 16777216, 549755813888, 9223372036854775808, 5070602400912917605986812821504, 46768052394588893382517914646921056628989841375232, 237142198758023568227473377297792835283496928595231875152809132048206089502588928"
A047240,add x_0_3 sub x_0_3 x_0_6,(x_0_3 add (x_0_3 sub x_0_6)),"0, 1, 2, 6, 7, 8, 12, 13, 14, 18, 19, 20, 24, 25, 26, 30, 31, 32, 36, 37, 38, 42, 43, 44, 48, 49, 50, 54, 55, 56, 60, 61, 62, 66, 67, 68, 72, 73, 74, 78, 79, 80, 84, 85, 86, 90, 91, 92, 96, 97, 98, 102, 103, 104, 108, 109, 110, 114, 115, 116, 120, 121, 122"
A179797,add n relu add INT- 4 idiv n INT+ 1 0,(n add relu((-4 add (n idiv 10)))),"1, 2, 3, 4, 5, 6, 7, 8, 9, 10, 11, 12, 13, 14, 15, 16, 17, 18, 19, 20, 21, 22, 23, 24, 25, 26, 27, 28, 29, 30, 31, 32, 33, 34, 35, 36, 37, 38, 39, 40, 41, 42, 43, 44, 45, 46, 47, 48, 49, 51, 52, 53, 54, 55, 56, 57, 58, 59, 60, 62, 63, 64, 65, 66, 67, 68, 69, 70, 71, 73, 74, 75"
A011900,sub mul x_0_1 INT+ 6 sub x_0_2 INT- 2,((x_0_1 mul 6) sub (x_0_2 sub -2)),"1, 3, 15, 85, 493, 2871, 16731, 97513, 568345, 3312555, 19306983, 112529341, 655869061, 3822685023, 22280241075, 129858761425, 756872327473, 4411375203411, 25711378892991, 149856898154533, 873430010034205, 5090723162050695, 29670908962269963"
A128471,add x_0_1 sub x_0_1 x_0_2,(x_0_1 add (x_0_1 sub x_0_2)),"7, 37, 67, 97, 127, 157, 187, 217, 247, 277, 307, 337, 367, 397, 427, 457, 487, 517, 547, 577, 607, 637, 667, 697, 727, 757, 787, 817, 847, 877, 907, 937, 967, 997, 1027, 1057, 1087, 1117, 1147, 1177, 1207, 1237, 1267, 1297, 1327, 1357, 1387, 1417, 1447, 1477"
A330451,idiv mul INT+ 1 0 sqr sub n sign n INT+ 3,((10 mul ((n sub sign(n)))**2) idiv 3),"0, 3, 13, 30, 53, 83, 120, 163, 213, 270, 333, 403, 480, 563, 653, 750, 853, 963, 1080, 1203, 1333, 1470, 1613, 1763, 1920, 2083, 2253, 2430, 2613, 2803, 3000, 3203, 3413, 3630, 3853, 4083, 4320, 4563, 4813, 5070"
A069403,add mul x_0_1 INT+ 3 sub sign n x_0_2,((x_0_1 mul 3) add (sign(n) sub x_0_2)),"1, 3, 9, 25, 67, 177, 465, 1219, 3193, 8361, 21891, 57313, 150049, 392835, 1028457, 2692537, 7049155, 18454929, 48315633, 126491971, 331160281, 866988873, 2269806339, 5942430145, 15557484097, 40730022147, 106632582345, 279167724889, 730870592323"
A165230,mul add x_0_1 sub x_0_1 x_0_2 INT+ 7,((x_0_1 add (x_0_1 sub x_0_2)) mul 7),"1, 7, 91, 1225, 16513, 222607, 3000907, 40454449, 545355937, 7351801975, 99107736091, 1336045691449, 18010885527649, 242800077546943, 3273124886963659, 44124147874662625, 594826196036531137, 8018697709388797543, 108097984559187447643, 1457240899862902684201"
A147631,mul x_0_1 add idiv x_0_1 x_0_2 INT+ 9,(x_0_1 mul ((x_0_1 idiv x_0_2) add 9)),"1, 7, 112, 2800, 95200, 4093600, 212867200, 12984899200, 908942944000, 71806492576000, 6318971346688000, 612940220628736000, 64971663386646016000, 7471741289464291840000, 926495919893572188160000, 123223957345845101025280000, 17497801943110004345589760000"
A140063,add x_0_1 sub x_0_1 sub x_0_2 INT+ 7,(x_0_1 add (x_0_1 sub (x_0_2 sub 7))),"1, 4, 14, 31, 55, 86, 124, 169, 221, 280, 346, 419, 499, 586, 680, 781, 889, 1004, 1126, 1255, 1391, 1534, 1684, 1841, 2005, 2176, 2354, 2539, 2731, 2930, 3136, 3349, 3569, 3796, 4030, 4271, 4519, 4774, 5036"
A047859,add mul INT+ 4 sub x_0_1 x_0_2 INT- 1,((4 mul (x_0_1 sub x_0_2)) add -1),"1, 4, 11, 27, 63, 143, 319, 703, 1535, 3327, 7167, 15359, 32767, 69631, 147455, 311295, 655359, 1376255, 2883583, 6029311, 12582911, 26214399, 54525951, 113246207, 234881023, 486539263, 1006632959, 2080374783, 4294967295, 8858370047, 18253611007, 37580963839"
A078836,mul INT+ 4 sub x_0_1 x_0_2,(4 mul (x_0_1 sub x_0_2)),"6, 14, 32, 72, 160, 352, 768, 1664, 3584, 7680, 16384, 34816, 73728, 155648, 327680, 688128, 1441792, 3014656, 6291456, 13107200, 27262976, 56623104, 117440512, 243269632, 503316480, 1040187392, 2147483648, 4429185024, 9126805504, 18790481920, 38654705664"
A258598,mul x_0_1 INT+ 3,(x_0_1 mul 3),"17, 51, 153, 459, 1377, 4131, 12393, 37179, 111537, 334611, 1003833, 3011499, 9034497, 27103491, 81310473, 243931419, 731794257, 2195382771, 6586148313, 19758444939, 59275334817, 177826004451, 533478013353, 1600434040059, 4801302120177, 14403906360531"
A304205,add x_0_1 mul INT+ 7 INT+ 7,(x_0_1 add (7 mul 7)),"12, 61, 110, 159, 208, 257, 306, 355, 404, 453, 502, 551, 600, 649, 698, 747, 796, 845, 894, 943, 992, 1041, 1090, 1139, 1188, 1237, 1286, 1335, 1384, 1433, 1482, 1531, 1580, 1629, 1678, 1727, 1776, 1825, 1874, 1923, 1972, 2021, 2070, 2119, 2168, 2217, 2266, 2315, 2364"
A226264,mul add x_0_1 INT+ 6 INT+ 2,((x_0_1 add 6) mul 2),"36, 84, 180, 372, 756, 1524, 3060, 6132, 12276, 24564, 49140, 98292, 196596, 393204, 786420, 1572852, 3145716, 6291444, 12582900, 25165812, 50331636, 100663284, 201326580, 402653172, 805306356, 1610612724, 3221225460, 6442450932, 12884901876, 25769803764"
A001535,add mul sqr INT+ 1 0 sub sqr n n INT+ 9,(((10)**2 mul ((n)**2 sub n)) add 9),"9, 209, 609, 1209, 2009, 3009, 4209, 5609, 7209, 9009, 11009, 13209, 15609, 18209, 21009, 24009, 27209, 30609, 34209, 38009, 42009, 46209, 50609, 55209, 60009, 65009, 70209, 75609, 81209, 87009, 93009, 99209, 105609, 112209, 119009, 126009, 133209, 140609"
A007742,add x_0_1 sub x_0_1 add INT- 8 x_0_2,(x_0_1 add (x_0_1 sub (-8 add x_0_2))),"0, 5, 18, 39, 68, 105, 150, 203, 264, 333, 410, 495, 588, 689, 798, 915, 1040, 1173, 1314, 1463, 1620, 1785, 1958, 2139, 2328, 2525, 2730, 2943, 3164, 3393, 3630, 3875, 4128, 4389, 4658, 4935, 5220, 5513, 5814, 6123, 6440, 6765, 7098, 7439, 7788, 8145"
A015519,add mul x_0_2 INT+ 7 add x_0_1 x_0_1,((x_0_2 mul 7) add (x_0_1 add x_0_1)),"0, 1, 2, 11, 36, 149, 550, 2143, 8136, 31273, 119498, 457907, 1752300, 6709949, 25685998, 98341639, 376485264, 1441362001, 5518120850, 21125775707, 80878397364, 309637224677, 1185423230902, 4538307034543, 17374576685400"
A144828,mul x_0_1 add idiv x_0_1 x_0_2 INT+ 8,(x_0_1 mul ((x_0_1 idiv x_0_2) add 8)),"1, 4, 48, 960, 26880, 967680, 42577920, 2214051840, 132843110400, 9033331507200, 686533194547200, 57668788341964800, 5305528527460761600, 530552852746076160000, 57299708096576225280000, 6646766139202842132480000, 824199001261152424427520000, 108794268166472120024432640000"
A077949,add add x_0_1 x_0_3 x_0_3,((x_0_1 add x_0_3) add x_0_3),"1, 1, 1, 3, 5, 7, 13, 23, 37, 63, 109, 183, 309, 527, 893, 1511, 2565, 4351, 7373, 12503, 21205, 35951, 60957, 103367, 175269, 297183, 503917, 854455, 1448821, 2456655, 4165565, 7063207, 11976517, 20307647, 34434061, 58387095, 99002389, 167870511, 284644701"
A053142,add mul x_0_1 INT+ 6 sub sign n x_0_2,((x_0_1 mul 6) add (sign(n) sub x_0_2)),"0, 1, 7, 42, 246, 1435, 8365, 48756, 284172, 1656277, 9653491, 56264670, 327934530, 1911342511, 11140120537, 64929380712, 378436163736, 2205687601705, 12855689446495, 74928449077266, 436715005017102"
A254660,add mul INT+ 6 x_0_1 add x_0_2 x_0_2,((6 mul x_0_1) add (x_0_2 add x_0_2)),"1, 7, 44, 278, 1756, 11092, 70064, 442568, 2795536, 17658352, 111541184, 704563808, 4450465216, 28111918912, 177572443904, 1121658501248, 7085095895296, 44753892374272, 282693546036224, 1785669060965888, 11279401457867776, 71247746869138432"
A195319,mul add INT- 3 mul INT+ 6 n sub n sign n,((-3 add (6 mul n)) mul (n sub sign(n))),"0, 9, 30, 63, 108, 165, 234, 315, 408, 513, 630, 759, 900, 1053, 1218, 1395, 1584, 1785, 1998, 2223, 2460, 2709, 2970, 3243, 3528, 3825, 4134, 4455, 4788, 5133, 5490, 5859, 6240, 6633, 7038, 7455, 7884, 8325, 8778, 9243, 9720, 10209, 10710, 11223"
A037579,add mul INT+ 7 x_0_1 mod add n x_0_1 INT+ 4,((7 mul x_0_1) add ((n add x_0_1) mod 4)),"1, 10, 71, 500, 3501, 24510, 171571, 1201000, 8407001, 58849010, 411943071, 2883601500, 20185210501, 141296473510, 989075314571, 6923527202000, 48464690414001, 339252832898010, 2374769830286071, 16623388812002500, 116363721684017501, 814546051788122510"
A080923,sub mul x_0_1 INT+ 3 idiv sign n x_0_2,((x_0_1 mul 3) sub (sign(n) idiv x_0_2)),"1, 3, 8, 24, 72, 216, 648, 1944, 5832, 17496, 52488, 157464, 472392, 1417176, 4251528, 12754584, 38263752, 114791256, 344373768, 1033121304, 3099363912, 9298091736, 27894275208, 83682825624, 251048476872, 753145430616"
A174736,idiv sqr sqr x_0_1 INT+ 2,(((x_0_1)**2)**2 idiv 2),"2, 8, 2048, 8796093022208, 2993155353253689176481146537402947624255349848014848"
A307469,add x_0_1 sub x_0_1 mul INT- 6 x_0_2,(x_0_1 add (x_0_1 sub (-6 mul x_0_2))),"1, 5, 16, 62, 220, 812, 2944, 10760, 39184, 142928, 520960, 1899488, 6924736, 25246400, 92041216, 335560832, 1223368960, 4460102912, 16260419584, 59281456640, 216125430784, 787939601408, 2872631787520, 10472901183488, 38181593092096, 139200593285120"
A048479,add mul INT+ 4 sub x_0_1 x_0_2 sign n,((4 mul (x_0_1 sub x_0_2)) add sign(n)),"1, 9, 33, 97, 257, 641, 1537, 3585, 8193, 18433, 40961, 90113, 196609, 425985, 917505, 1966081, 4194305, 8912897, 18874369, 39845889, 83886081, 176160769, 369098753, 771751937, 1610612737, 3355443201, 6979321857, 14495514625, 30064771073, 62277025793"
A099156,mul INT+ 4 sub add x_0_1 x_0_1 x_0_2,(4 mul ((x_0_1 add x_0_1) sub x_0_2)),"0, 1, 8, 60, 448, 3344, 24960, 186304, 1390592, 10379520, 77473792, 578272256, 4316282880, 32217174016, 240472260608, 1794909388800, 13397386067968, 99999450988544, 746406063636480, 5571250705137664, 41584381386555392"
A274973,add x_0_1 mul INT+ 6 sub sqr n INT+ 2,(x_0_1 add (6 mul ((n)**2 sub 2))),"1, 13, 55, 139, 277, 481, 763, 1135, 1609, 2197, 2911, 3763, 4765, 5929, 7267, 8791, 10513, 12445, 14599, 16987, 19621, 22513, 25675, 29119, 32857, 36901, 41263, 45955, 50989, 56377, 62131, 68263, 74785, 81709, 89047, 96811, 105013, 113665, 122779, 132367"
A140811,add mul INT+ 6 sqr sub n sign n INT- 1,((6 mul ((n sub sign(n)))**2) add -1),"-1, 5, 23, 53, 95, 149, 215, 293, 383, 485, 599, 725, 863, 1013, 1175, 1349, 1535, 1733, 1943, 2165, 2399, 2645, 2903, 3173, 3455, 3749, 4055, 4373, 4703, 5045, 5399, 5765, 6143, 6533, 6935, 7349, 7775, 8213, 8663, 9125, 9599, 10085, 10583, 11093, 11615"
A164544,add mul x_0_2 INT+ 7 add x_0_1 x_0_1,((x_0_2 mul 7) add (x_0_1 add x_0_1)),"1, 7, 21, 91, 329, 1295, 4893, 18851, 71953, 275863, 1055397, 4041835, 15471449, 59235743, 226771629, 868193459, 3323788321, 12724930855, 48716379957, 186507275899, 714029211497, 2733609354287, 10465423189053, 40066111858115"
A152271,add x_0_2 sub x_0_2 x_0_4,(x_0_2 add (x_0_2 sub x_0_4)),"1, 1, 1, 2, 1, 3, 1, 4, 1, 5, 1, 6, 1, 7, 1, 8, 1, 9, 1, 10, 1, 11, 1, 12, 1, 13, 1, 14, 1, 15, 1, 16, 1, 17, 1, 18, 1, 19, 1, 20, 1, 21, 1, 22, 1, 23, 1, 24, 1, 25, 1, 26, 1, 27, 1, 28, 1, 29, 1, 30, 1, 31, 1, 32, 1, 33, 1, 34, 1, 35, 1, 36, 1, 37, 1, 38, 1, 39, 1, 40, 1, 41, 1, 42, 1, 43, 1, 44"
A164541,sub mul INT+ 6 x_0_1 x_0_2,((6 mul x_0_1) sub x_0_2),"1, 15, 89, 519, 3025, 17631, 102761, 598935, 3490849, 20346159, 118586105, 691170471, 4028436721, 23479449855, 136848262409, 797610124599, 4648812485185, 27095264786511, 157922776233881, 920441392616775"
A234281,add mul x_0_1 add n INT+ 6 x_0_2,((x_0_1 mul (n add 6)) add x_0_2),"1, 8, 73, 738"
A076264,sub mul x_0_1 INT+ 3 x_0_3,((x_0_1 mul 3) sub x_0_3),"1, 3, 9, 26, 75, 216, 622, 1791, 5157, 14849, 42756, 123111, 354484, 1020696, 2938977, 8462447, 24366645, 70160958, 202020427, 581694636, 1674922950, 4822748423, 13886550633, 39984728949, 115131438424, 331507764639"
A004146,sub mul INT+ 3 x_0_1 sub x_0_2 INT+ 2,((3 mul x_0_1) sub (x_0_2 sub 2)),"0, 1, 5, 16, 45, 121, 320, 841, 2205, 5776, 15125, 39601, 103680, 271441, 710645, 1860496, 4870845, 12752041, 33385280, 87403801, 228826125, 599074576, 1568397605, 4106118241, 10749957120, 28143753121, 73681302245"
A004006,sub add x_0_1 sub x_0_1 sub x_0_2 n INT+ 2,((x_0_1 add (x_0_1 sub (x_0_2 sub n))) sub 2),"0, 1, 3, 7, 14, 25, 41, 63, 92, 129, 175, 231, 298, 377, 469, 575, 696, 833, 987, 1159, 1350, 1561, 1793, 2047, 2324, 2625, 2951, 3303, 3682, 4089, 4525, 4991, 5488, 6017, 6579, 7175, 7806, 8473, 9177, 9919, 10700, 11521, 12383, 13287, 14234, 15225"
A159668,sub mul mul INT+ 7 INT+ 4 x_0_1 x_0_2,(((7 mul 4) mul x_0_1) sub x_0_2),"1, 27, 755, 21113, 590409, 16510339, 461699083, 12911063985, 361048092497, 10096435525931, 282339146633571, 7895399670214057, 220788851619360025, 6174192445671866643, 172656599627192905979, 4828210597115729500769, 135017240119613233115553"
A006589,sub mul INT+ 4 sub x_0_1 x_0_2 sign n,((4 mul (x_0_1 sub x_0_2)) sub sign(n)),"0, 2, 7, 19, 47, 111, 255, 575, 1279, 2815, 6143, 13311, 28671, 61439, 131071, 278527, 589823, 1245183, 2621439, 5505023, 11534335, 24117247, 50331647, 104857599, 218103807, 452984831, 939524095"
A036799,add mul INT+ 4 sub x_0_1 x_0_2 INT+ 2,((4 mul (x_0_1 sub x_0_2)) add 2),"0, 2, 10, 34, 98, 258, 642, 1538, 3586, 8194, 18434, 40962, 90114, 196610, 425986, 917506, 1966082, 4194306, 8912898, 18874370, 39845890, 83886082, 176160770, 369098754, 771751938, 1610612738, 3355443202, 6979321858, 14495514626, 30064771074, 62277025794"
A075374,sub mul x_0_1 sub n INT+ 2 x_0_2,((x_0_1 mul (n sub 2)) sub x_0_2),"1, 2, 1, 0, -1, -4, -19, -110, -751, -5898, -52331, -517412, -5639201, -67153000, -867349799, -12075744186, -180268812991, -2872225263670, -48647560669399, -872783866785512, -16534245908255329, -329812134298321068, -6909520574356487099, -151679640501544395110"
A132477,add x_0_1 mul x_0_1 sign x_0_3,(x_0_1 add (x_0_1 mul sign(x_0_3))),"1, 4, 12, 24, 48, 96, 192, 384, 768, 1536, 3072, 6144, 12288, 24576, 49152, 98304, 196608, 393216, 786432, 1572864, 3145728, 6291456, 12582912, 25165824, 50331648, 100663296, 201326592, 402653184, 805306368, 1610612736, 3221225472, 6442450944, 12884901888"
A199209,sub mul x_0_1 INT+ 4 INT+ 3,((x_0_1 mul 4) sub 3),"11, 41, 161, 641, 2561, 10241, 40961, 163841, 655361, 2621441, 10485761, 41943041, 167772161, 671088641, 2684354561, 10737418241, 42949672961, 171798691841, 687194767361, 2748779069441, 10995116277761, 43980465111041"
A099496,sub mul x_0_1 INT- 3 x_0_2,((x_0_1 mul -3) sub x_0_2),"1, -2, 5, -13, 34, -89, 233, -610, 1597, -4181, 10946, -28657, 75025, -196418, 514229, -1346269, 3524578, -9227465, 24157817, -63245986, 165580141, -433494437, 1134903170, -2971215073, 7778742049, -20365011074, 53316291173, -139583862445, 365435296162, -956722026041"
A164605,mul INT+ 8 sub x_0_1 x_0_2,(8 mul (x_0_1 sub x_0_2)),"1, 20, 152, 1056, 7232, 49408, 337408, 2304000, 15732736, 107429888, 733577216, 5009178624, 34204811264, 233565061120, 1594881998848, 10890535501824, 74365228023808, 507797540175872, 3467458497216512, 23677287656325120"
A041181,add mul add x_0_1 x_0_1 INT+ 1 0 x_0_2,(((x_0_1 add x_0_1) mul 10) add x_0_2),"1, 20, 401, 8040, 161201, 3232060, 64802401, 1299280080, 26050404001, 522307360100, 10472197606001, 209966259480120, 4209797387208401, 84405914003648140, 1692328077460171201, 33930967463207072160, 680311677341601614401"
A307173,sub mul sqr INT+ 4 x_0_1 x_0_2,(((4)**2 mul x_0_1) sub x_0_2),"1, 20, 319, 5084, 81025, 1291316, 20580031, 327989180, 5227246849, 83307960404, 1327700119615, 21159893953436, 337230603135361, 5374529756212340, 85655245496262079, 1365109398183980924, 21756095125447432705, 346732412608974942356, 5525962506618151644991"
A077444,sub mul INT+ 6 x_0_1 x_0_2,((6 mul x_0_1) sub x_0_2),"2, 14, 82, 478, 2786, 16238, 94642, 551614, 3215042, 18738638, 109216786, 636562078, 3710155682, 21624372014, 126036076402, 734592086398, 4281516441986, 24954506565518, 145445522951122, 847718631141214"
A112293,add mul x_0_1 sub add n n INT+ 3 sign n,((x_0_1 mul ((n add n) sub 3)) add sign(n)),"1, 2, 7, 36, 253, 2278, 25059, 325768, 4886521, 83070858, 1578346303, 33145272364, 762341264373, 19058531609326, 514580353451803, 14922830250102288, 462607737753170929, 15266055345854640658, 534311937104912423031"
A134418,add mul INT+ 4 x_0_2 add x_0_1 x_0_1,((4 mul x_0_2) add (x_0_1 add x_0_1)),"1, 5, 14, 48, 152, 496, 1600, 5184, 16768, 54272, 175616, 568320, 1839104, 5951488"
A033343,idiv sub sqr INT+ 7 INT+ 2 add n n,(((7)**2 sub 2) idiv (n add n)),"23, 11, 7, 5, 4, 3, 3, 2, 2, 2, 2, 1, 1, 1, 1, 1, 1, 1, 1, 1, 1, 1, 1, 0, 0, 0, 0, 0, 0, 0, 0, 0, 0, 0, 0, 0, 0, 0, 0, 0, 0, 0, 0, 0, 0, 0, 0, 0, 0, 0, 0, 0, 0, 0, 0, 0, 0, 0, 0, 0, 0, 0, 0, 0, 0, 0, 0, 0, 0, 0, 0, 0, 0, 0, 0, 0, 0, 0, 0, 0, 0, 0, 0, 0, 0, 0, 0, 0, 0, 0, 0, 0"
A124349,add INT+ 4 mul x_0_2 sign n,(4 add (x_0_2 mul sign(n))),"6, 12, 10, 16, 14, 20, 18, 24, 22, 28, 26, 32, 30, 36, 34, 40, 38, 44, 42, 48, 46, 52, 50, 56, 54, 60, 58, 64, 62, 68, 66, 72, 70, 76, 74, 80, 78, 84, 82, 88, 86, 92, 90, 96, 94, 100, 98, 104, 102, 108, 106, 112, 110, 116, 114, 120, 118, 124, 122, 128, 126, 132, 130"
A328317,idiv x_0_2 sign x_0_6,(x_0_2 idiv sign(x_0_6)),"1, 2, 3, 2, 5, 2, 5, 2, 5, 2, 5, 2, 5, 2"
A121966,add x_0_1 mul x_0_2 sub INT+ 2 n,(x_0_1 add (x_0_2 mul (2 sub n))),"1, 2, 1, -3, -6, 6, 36, 0, -252, -252, 2016, 4536, -17640, -72072, 157248, 1166256, -1192464, -19852560, 419328, 357765408, 349798176, -6805509984, -14151271680, 135569947968, 461049196608, -2792629554624, -14318859469824, 58289508950400, 444898714635648"
A220812,mul x_0_1 sub add x_0_1 n n,(x_0_1 mul ((x_0_1 add n) sub n)),"10, 100, 10000, 100000000, 10000000000000000, 100000000000000000000000000000000, 10000000000000000000000000000000000000000000000000000000000000000"
A320576,sign x_0_6,sign(x_0_6),"1, 1, 2, 1, 1, 10, 1, 1, 1, 1, 1, 1, 1, 1"
A168378,add INT+ 8 mul x_0_2 sign x_0_6,(8 add (x_0_2 mul sign(x_0_6))),"3, 11, 11, 19, 19, 27, 27, 35, 35, 43, 43, 51, 51, 59, 59, 67, 67, 75, 75, 83, 83, 91, 91, 99, 99, 107, 107, 115, 115, 123, 123, 131, 131, 139, 139, 147, 147, 155, 155, 163, 163, 171, 171, 179, 179, 187, 187, 195, 195, 203, 203, 211, 211, 219, 219, 227, 227, 235, 235"
A037601,add mul INT+ 8 x_0_1 mod add n x_0_1 INT+ 7,((8 mul x_0_1) add ((n add x_0_1) mod 7)),"1, 11, 88, 705, 5643, 45144, 361153, 2889227, 23113816, 184910529, 1479284235, 11834273880, 94674191041, 757393528331, 6059148226648, 48473185813185, 387785486505483, 3102283892043864"
A038157,mul add x_0_1 sub n INT+ 2 sub n sign x_0_3,((x_0_1 add (n sub 2)) mul (n sub sign(x_0_3))),"0, 0, 0, 6, 36, 200, 1230, 8652, 69272, 623520, 6235290, 68588300, 823059732, 10699776672, 149796873590, 2246953104060, 35951249665200, 611171244308672, 11001082397556402, 209020565553571980, 4180411311071439980, 87788637532500240000"
A003261,add mul INT+ 4 sub x_0_1 x_0_2 INT- 1,((4 mul (x_0_1 sub x_0_2)) add -1),"1, 7, 23, 63, 159, 383, 895, 2047, 4607, 10239, 22527, 49151, 106495, 229375, 491519, 1048575, 2228223, 4718591, 9961471, 20971519, 44040191, 92274687, 192937983, 402653183, 838860799, 1744830463, 3623878655, 7516192767"
A064459,idiv add x_0_6 n add INT+ 7 INT+ 6,((x_0_6 add n) idiv (7 add 6)),"0, 0, 0, 0, 0, 0, 0, 0, 0, 0, 0, 0, 1, 1, 1, 1, 1, 1, 1, 1, 1, 1, 1, 1, 2, 2, 2, 2, 2, 2, 2, 2, 2, 2, 2, 2, 3, 3, 3, 3, 3, 3, 3, 3, 3, 3, 3, 3, 4, 4, 4, 4, 4, 4, 4, 4, 4, 4, 4, 4, 5, 5, 5, 5, 5, 5, 5, 5, 5, 5, 5, 5, 6, 6, 6, 6, 6, 6, 6, 6, 6, 6, 6, 6, 7, 7, 7, 7, 7, 7, 7, 7, 7, 7, 7, 7, 8, 8, 8, 8, 8"
A133471,add x_0_2 mul sqr sub n sign n x_0_1,(x_0_2 add (((n sub sign(n)))**2 mul x_0_1)),"0, 1, 4, 37, 596, 14937, 538328, 26393009, 1689690904, 136891356233, 13690825314204, 1656726754374917, 238582343455302252, 40322072770700455505, 7903364845400744581232, 1778297412287938231232705, 455252040910557587940153712, 131569618120563430852935655473"
A203979,mul x_0_1 INT+ 9,(x_0_1 mul 9),"96, 864, 7776, 69984, 629856, 5668704, 51018336, 459165024, 4132485216, 37192366944, 334731302496, 3012581722464, 27113235502176, 244019119519584, 2196172075676256, 19765548681086304, 177889938129776736"
A170745,mul x_0_1 add sqr INT+ 5 idiv sign n x_0_1,(x_0_1 mul ((5)**2 add (sign(n) idiv x_0_1))),"1, 26, 650, 16250, 406250, 10156250, 253906250, 6347656250, 158691406250, 3967285156250, 99182128906250, 2479553222656250, 61988830566406250, 1549720764160156250, 38743019104003906250, 968575477600097656250, 24214386940002441406250, 605359673500061035156250"
A132596,sub mul INT+ 1 0 x_0_1 sub x_0_2 INT+ 4,((10 mul x_0_1) sub (x_0_2 sub 4)),"0, 2, 24, 242, 2400, 23762, 235224, 2328482, 23049600, 228167522, 2258625624, 22358088722, 221322261600, 2190864527282, 21687323011224, 214682365584962, 2125136332838400, 21036680962799042, 208241673295152024"
A011944,sub mul INT+ 7 add x_0_1 x_0_1 x_0_2,((7 mul (x_0_1 add x_0_1)) sub x_0_2),"0, 2, 28, 390, 5432, 75658, 1053780, 14677262, 204427888, 2847313170, 39657956492, 552364077718, 7693439131560, 107155783764122, 1492487533566148, 20787669686161950, 289534888072701152"
A058308,add x_0_1 add x_0_2 mul x_0_1 n,(x_0_1 add (x_0_2 add (x_0_1 mul n))),"0, 1, 4, 21, 130, 931, 7578, 69133, 698908, 7757121, 93784360, 1226953801, 17271137574, 260294017411, 4181975416150, 71353876091961, 1288551745071448, 24553837032449473, 492365292394060908, 10364224977307728541, 228505314793164088810"
A054490,sub mul INT+ 6 x_0_1 x_0_2,((6 mul x_0_1) sub x_0_2),"1, 11, 65, 379, 2209, 12875, 75041, 437371, 2549185, 14857739, 86597249, 504725755, 2941757281, 17145817931, 99933150305, 582453083899, 3394785353089, 19786259034635, 115322768854721, 672150354093691, 3917579355707425, 22833325780150859"
A159733,mul add x_0_1 idiv x_0_1 n INT+ 6,((x_0_1 add (x_0_1 idiv n)) mul 6),"10, 90, 720, 5400, 38880, 272160, 1866240, 12597120, 83980800, 554273280, 3627970560, 23581808640, 152374763520, 979552051200, 6269133127680, 39965723688960, 253899891671040, 1608032647249920, 10155995666841600"
A319950,mul x_0_1 idiv mul n INT- 1 0 INT- 6,(x_0_1 mul ((n mul -10) idiv -6)),"1, 3, 15, 90, 720, 7200, 79200, 1029600, 15444000, 247104000, 4447872000, 88957440000, 1868106240000, 42966443520000, 1074161088000000, 27928188288000000, 781989272064000000, 23459678161920000000, 727250023019520000000, 23999250759644160000000"
A182464,mul add x_0_1 INT+ 6 INT+ 2,((x_0_1 add 6) mul 2),"24, 60, 132, 276, 564, 1140, 2292, 4596, 9204, 18420, 36852, 73716, 147444, 294900, 589812, 1179636, 2359284, 4718580, 9437172, 18874356, 37748724, 75497460, 150994932, 301989876, 603979764, 1207959540, 2415919092, 4831838196, 9663676404, 19327352820, 38654705652"
A003674,add mul x_0_2 INT+ 8 add x_0_1 x_0_1,((x_0_2 mul 8) add (x_0_1 add x_0_1)),"0, 3, 6, 36, 120, 528, 2016, 8256, 32640, 131328, 523776, 2098176, 8386560, 33558528, 134209536, 536887296, 2147450880, 8590000128, 34359607296, 137439215616, 549755289600, 2199024304128, 8796090925056"
A075835,add mul INT+ 1 0 x_0_1 sub x_0_1 x_0_2,((10 mul x_0_1) add (x_0_1 sub x_0_2)),"0, 3, 33, 360, 3927, 42837, 467280, 5097243, 55602393, 606529080, 6616217487, 72171863277, 787274278560, 8587845200883, 93679022931153, 1021881407041800, 11147016454528647, 121595299592773317"
A029739,add INT+ 6 x_0_3,(6 add x_0_3),"1, 3, 4, 7, 9, 10, 13, 15, 16, 19, 21, 22, 25, 27, 28, 31, 33, 34, 37, 39, 40, 43, 45, 46, 49, 51, 52, 55, 57, 58, 61, 63, 64, 67, 69, 70, 73, 75, 76, 79, 81, 82, 85, 87, 88, 91, 93, 94, 97, 99, 100, 103, 105, 106, 109, 111, 112, 115, 117, 118, 121, 123, 124"
A093141,mul INT+ 1 0 mul x_0_1 sign x_0_2,(10 mul (x_0_1 mul sign(x_0_2))),"1, 4, 40, 400, 4000, 40000, 400000, 4000000, 40000000, 400000000, 4000000000, 40000000000, 400000000000, 4000000000000, 40000000000000, 400000000000000, 4000000000000000, 40000000000000000, 400000000000000000"
A347923,mul add x_0_1 INT+ 1 0 sub INT+ 7 idiv x_0_1 x_0_2,((x_0_1 add 10) mul (7 sub (x_0_1 idiv x_0_2))),"1, 6, 16, 130"
A097784,add mul x_0_1 INT+ 1 0 sub sign n x_0_2,((x_0_1 mul 10) add (sign(n) sub x_0_2)),"1, 11, 110, 1090, 10791, 106821, 1057420, 10467380, 103616381, 1025696431, 10153347930, 100507782870, 994924480771, 9848737024841, 97492445767640, 965075720651560, 9553264760747961, 94567571886828051, 936122454107532550, 9266656969188497450"
A048474,sub mul INT+ 4 sub x_0_1 x_0_2 INT- 1,((4 mul (x_0_1 sub x_0_2)) sub -1),"1, 4, 13, 37, 97, 241, 577, 1345, 3073, 6913, 15361, 33793, 73729, 159745, 344065, 737281, 1572865, 3342337, 7077889, 14942209, 31457281, 66060289, 138412033, 289406977, 603979777, 1258291201, 2617245697, 5435817985"
A104437,idiv sqr INT- 1 0 sub INT+ 1 0 idiv mod n n x_0_6,((-10)**2 idiv (10 sub ((n mod n) idiv x_0_6))),"1, 105, 15, 11, 10, 10, 10, 10, 10, 10, 10, 10, 10, 10, 10"
A104436,mul sign x_0_6 x_0_1,(sign(x_0_6) mul x_0_1),"1, 15, 5, 4, 4, 4, 4, 4, 4, 4, 4, 4, 4, 4, 4"
A104438,add x_0_1 mul idiv INT+ 1 0 add n n mod INT+ 2 x_0_6,(x_0_1 add ((10 idiv (n add n)) mul (2 mod x_0_6))),"1, 945, 55, 23, 21, 20, 20, 20, 20, 20, 20, 20, 20, 20, 20"
A258597,mul x_0_1 INT+ 3,(x_0_1 mul 3),"13, 39, 117, 351, 1053, 3159, 9477, 28431, 85293, 255879, 767637, 2302911, 6908733, 20726199, 62178597, 186535791, 559607373, 1678822119, 5036466357, 15109399071, 45328197213, 135984591639, 407953774917, 1223861324751, 3671583974253, 11014751922759"
A181736,idiv INT+ 7 mul n sign x_0_6,(7 idiv (n mul sign(x_0_6))),"1, 2, 2, 3, 1, 0, 1, 0, 0, 0, 0, 0, 0, 0, 0"
A123362,sub mul add x_0_1 x_0_2 INT+ 6 x_0_2,(((x_0_1 add x_0_2) mul 6) sub x_0_2),"1, 1, 11, 71, 481, 3241, 21851, 147311, 993121, 6695281, 45137291, 304300151, 2051487361, 13830424921, 93239986331, 628592042591, 4237752187201, 28569473336161, 192605600952971, 1298480972398631, 8753913839156641"
A357745,add x_0_1 idiv add INT+ 6 n INT+ 8,(x_0_1 add ((6 add n) idiv 8)),"1, 2, 3, 4, 5, 6, 7, 8, 9, 11, 13, 15, 17, 19, 21, 23, 25, 28, 31, 34, 37, 40, 43, 46, 49, 53, 57, 61, 65, 69, 73, 77, 81, 86, 91, 96, 101, 106, 111, 116, 121, 127, 133, 139, 145, 151, 157, 163, 169, 176, 183, 190, 197, 204, 211, 218, 225, 233, 241, 249, 257, 265, 273"
A027656,sub x_0_4 sub x_0_6 x_0_2,(x_0_4 sub (x_0_6 sub x_0_2)),"1, 0, 2, 0, 3, 0, 4, 0, 5, 0, 6, 0, 7, 0, 8, 0, 9, 0, 10, 0, 11, 0, 12, 0, 13, 0, 14, 0, 15, 0, 16, 0, 17, 0, 18, 0, 19, 0, 20, 0, 21, 0, 22, 0, 23, 0, 24, 0, 25, 0, 26, 0, 27, 0, 28, 0, 29, 0, 30, 0, 31, 0, 32, 0, 33, 0, 34, 0, 35, 0, 36, 0, 37, 0, 38, 0, 39, 0, 40, 0, 41, 0, 42, 0, 43, 0"
A011986,add x_0_1 add idiv x_0_1 INT- 6 x_0_2,(x_0_1 add ((x_0_1 idiv -6) add x_0_2)),"1, 5, 5, 9, 12"
A309083,sub n idiv n sub INT+ 1 0 INT- 6,(n sub (n idiv (10 sub -6))),"1, 2, 3, 4, 5, 6, 7, 8, 9, 10, 11, 12, 13, 14, 15, 15, 16, 17, 18, 19, 20, 21, 22, 23, 24, 25, 26, 27, 28, 29, 30, 30, 31, 32, 33, 34, 35, 36, 37, 38, 39, 40, 41, 42, 43, 44, 45, 45, 46, 47, 48, 49, 50, 51, 52, 53, 54, 55, 56, 57, 58, 59, 60, 60, 61, 62, 63, 64, 65, 66, 67, 68, 69, 70, 71"
A170732,add mul x_0_1 sub INT+ 1 0 idiv INT- 3 n x_0_1,((x_0_1 mul (10 sub (-3 idiv n))) add x_0_1),"1, 13, 156, 1872, 22464, 269568, 3234816, 38817792, 465813504, 5589762048, 67077144576, 804925734912, 9659108818944, 115909305827328, 1390911669927936, 16690940039135232, 200291280469622784, 2403495365635473408, 28841944387625680896, 346103332651508170752"
A027441,idiv add sqr sqr sub n sign n n INT+ 2,(((((n sub sign(n)))**2)**2 add n) idiv 2),"0, 1, 9, 42, 130, 315, 651, 1204, 2052, 3285, 5005, 7326, 10374, 14287, 19215, 25320, 32776, 41769, 52497, 65170, 80010, 97251, 117139, 139932, 165900, 195325, 228501, 265734, 307342, 353655, 405015, 461776, 524304, 592977, 668185, 750330, 839826, 937099"
A174666,mul add x_0_1 x_0_1 x_0_2 n,((x_0_1 add x_0_1) mul x_0_2),"1, 3, 6, 36, 432, 31104, 26873856, 1671768834048, 89853749822987698176, 300429397152833661135077712592896, 53989415782483456907192461472369228929621535219515392"
A001047,sub mul INT+ 6 sub x_0_1 x_0_2 x_0_1,((6 mul (x_0_1 sub x_0_2)) sub x_0_1),"0, 1, 5, 19, 65, 211, 665, 2059, 6305, 19171, 58025, 175099, 527345, 1586131, 4766585, 14316139, 42981185, 129009091, 387158345, 1161737179, 3485735825, 10458256051, 31376865305, 94134790219, 282412759265, 847255055011, 2541798719465, 7625463267259, 22876524019505"
A081068,sub mul INT+ 7 x_0_1 sub x_0_2 INT- 2,((7 mul x_0_1) sub (x_0_2 sub -2)),"1, 4, 25, 169, 1156, 7921, 54289, 372100, 2550409, 17480761, 119814916, 821223649, 5628750625, 38580030724, 264431464441, 1812440220361, 12422650078084, 85146110326225, 583600122205489, 4000054745112196, 27416783093579881"
A039300,add mul INT+ 3 sub x_0_1 x_0_3 x_0_2,((3 mul (x_0_1 sub x_0_3)) add x_0_2),"1, 2, 4, 11, 31, 92, 274, 821, 2461, 7382, 22144, 66431, 199291, 597872, 1793614, 5380841, 16142521, 48427562, 145282684, 435848051, 1307544151, 3922632452, 11767897354, 35303692061, 105911076181, 317733228542, 953199685624"
A161007,add mul x_0_2 sqr INT- 4 add x_0_1 x_0_1,((x_0_2 mul (-4)**2) add (x_0_1 add x_0_1)),"0, 1, 2, 20, 72, 464, 2080, 11584, 56448, 298240, 1499648, 7771136, 39536640, 203411456, 1039409152, 5333401600, 27297349632, 139929124864, 716615843840, 3672097685504, 18810048872448, 96373660712960, 493708103385088, 2529394778177536, 12958119210516480"
A267208,mul x_0_3 x_0_6,(x_0_3 mul x_0_6),"1, 1, 1, 0, 1, 1, 0, 1, 1, 0, 1, 1, 0, 1, 1, 0, 1, 1, 0, 1, 1, 0, 1, 1, 0, 1, 1, 0, 1, 1, 0, 1, 1, 0, 1, 1, 0, 1, 1, 0, 1, 1, 0, 1, 1, 0, 1, 1, 0, 1, 1, 0, 1, 1, 0, 1, 1, 0, 1, 1, 0, 1, 1, 0, 1, 1, 0, 1, 1, 0, 1, 1, 0, 1, 1, 0, 1, 1, 0, 1, 1, 0, 1, 1, 0, 1"
A033437,idiv mul INT+ 4 sqr sub n sign x_0_2 INT+ 1 0,((4 mul ((n sub sign(x_0_2)))**2) idiv 10),"0, 0, 1, 3, 6, 10, 14, 19, 25, 32, 40, 48, 57, 67, 78, 90, 102, 115, 129, 144, 160, 176, 193, 211, 230, 250, 270, 291, 313, 336, 360, 384, 409, 435, 462, 490, 518, 547, 577, 608, 640, 672, 705, 739, 774, 810, 846, 883, 921, 960, 1000, 1040, 1081, 1123, 1166, 1210, 1254"
A135443,add x_0_1 mul INT+ 4 sub x_0_2 sign n,(x_0_1 add (4 mul (x_0_2 sub sign(n)))),"2, 8, 12, 40"
A194268,add x_0_1 sub mul sqr INT+ 4 sub n sign n sign n,(x_0_1 add (((4)**2 mul (n sub sign(n))) sub sign(n))),"1, 16, 47, 94, 157, 236, 331, 442, 569, 712, 871, 1046, 1237, 1444, 1667, 1906, 2161, 2432, 2719, 3022, 3341, 3676, 4027, 4394, 4777, 5176, 5591, 6022, 6469, 6932, 7411, 7906, 8417, 8944, 9487, 10046, 10621, 11212, 11819, 12442, 13081, 13736, 14407"
A033139,add mul INT+ 3 x_0_1 mod add n x_0_1 INT+ 3,((3 mul x_0_1) add ((n add x_0_1) mod 3)),"1, 3, 9, 28, 84, 252, 757, 2271, 6813, 20440, 61320, 183960, 551881, 1655643, 4966929, 14900788, 44702364, 134107092, 402321277, 1206963831, 3620891493, 10862674480, 32588023440, 97764070320, 293292210961, 879876632883"
A173805,sub mul INT+ 1 0 sub x_0_1 INT- 5 INT- 1,((10 mul (x_0_1 sub -5)) sub -1),"1, 61, 661, 6661, 66661, 666661, 6666661, 66666661, 666666661, 6666666661, 66666666661, 666666666661, 6666666666661, 66666666666661, 666666666666661, 6666666666666661, 66666666666666661, 666666666666666661"
A051179,mul x_0_1 sub x_0_1 INT- 2,(x_0_1 mul (x_0_1 sub -2)),"1, 3, 15, 255, 65535, 4294967295, 18446744073709551615, 340282366920938463463374607431768211455, 115792089237316195423570985008687907853269984665640564039457584007913129639935"
A072201,add mul x_0_1 INT+ 4 sign n,((x_0_1 mul 4) add sign(n)),"15, 61, 245, 981, 3925, 15701, 62805, 251221, 1004885, 4019541, 16078165, 64312661, 257250645, 1029002581, 4116010325, 16464041301, 65856165205, 263424660821, 1053698643285, 4214794573141, 16859178292565"
A199558,mod INT- 7 mul x_0_1 INT+ 8,(-7 mod (x_0_1 mul 8)),"12, 89, 705, 5633, 45057, 360449, 2883585, 23068673, 184549377, 1476395009, 11811160065, 94489280513, 755914244097, 6047313952769, 48378511622145, 387028092977153, 3096224743817217, 24769797950537729, 198158383604301825"
A199681,mod INT- 8 mul x_0_1 INT+ 9,(-8 mod (x_0_1 mul 9)),"12, 100, 892, 8020, 72172, 649540, 5845852, 52612660, 473513932, 4261625380, 38354628412, 345191655700, 3106724901292, 27960524111620, 251644717004572, 2264802453041140, 20383222077370252, 183448998696332260"
A218738,add mul sqr INT- 6 x_0_1 sub sign n x_0_1,(((-6)**2 mul x_0_1) add (sign(n) sub x_0_1)),"0, 1, 36, 1261, 44136, 1544761, 54066636, 1892332261, 66231629136, 2318107019761, 81133745691636, 2839681099207261, 99388838472254136, 3478609346528894761, 121751327128511316636, 4261296449497896082261, 149145375732426362879136, 5220088150634922700769761"
A253470,sub mul INT+ 8 x_0_1 sub x_0_2 INT- 3,((8 mul x_0_1) sub (x_0_2 sub -3)),"1, 5, 36, 280, 2201, 17325, 136396, 1073840, 8454321, 66560725, 524031476, 4125691080, 32481497161, 255726286205, 2013328792476, 15850904053600, 124793903636321, 982500325036965, 7735208696659396, 60899169248238200, 479458145289246201, 3774765993065731405"
A046717,add mul x_0_2 INT+ 3 add x_0_1 x_0_1,((x_0_2 mul 3) add (x_0_1 add x_0_1)),"1, 1, 5, 13, 41, 121, 365, 1093, 3281, 9841, 29525, 88573, 265721, 797161, 2391485, 7174453, 21523361, 64570081, 193710245, 581130733, 1743392201, 5230176601, 15690529805, 47071589413, 141214768241, 423644304721, 1270932914165, 3812798742493, 11438396227481"
A018257,mul x_0_5 INT+ 1 0,(x_0_5 mul 10),"1, 2, 4, 5, 8, 10, 20, 40"
A053439,add n mul idiv n INT+ 2 sub n INT+ 2,(n add ((n idiv 2) mul (n sub 2))),"1, 2, 4, 8, 11, 18, 22, 32, 37, 50, 56, 72, 79, 98, 106, 128, 137, 162, 172, 200, 211, 242, 254, 288, 301, 338, 352, 392, 407, 450, 466, 512, 529, 578, 596, 648, 667, 722, 742, 800, 821, 882, 904, 968, 991, 1058, 1082, 1152, 1177, 1250, 1276"
A049652,add mul INT+ 4 x_0_1 add sign n x_0_2,((4 mul x_0_1) add (sign(n) add x_0_2)),"0, 1, 5, 22, 94, 399, 1691, 7164, 30348, 128557, 544577, 2306866, 9772042, 41395035, 175352183, 742803768, 3146567256, 13329072793, 56462858429, 239180506510, 1013184884470, 4291920044391, 18180865062035"
A309885,mul INT+ 4 add x_0_1 sub n sign x_0_3,(4 mul (x_0_1 add (n sub sign(x_0_3)))),"1, 3, 10, 52"
A247160,add n idiv n sub sqr INT- 5 INT+ 1 0,(n add (n idiv ((-5)**2 sub 10))),"1, 2, 3, 4, 5, 6, 7, 8, 9, 10, 11, 12, 13, 14, 16, 17, 18, 19, 20, 21, 22, 23, 24, 25, 26, 27, 28, 29, 30, 32, 33, 34, 35, 36, 37, 38, 39, 40, 41, 42, 43, 44, 45, 46, 48, 49, 50, 51, 52, 53, 54, 55, 56, 57, 58, 59, 60, 61, 62, 64, 65, 66, 67, 68, 69, 70, 71, 72, 73, 74, 75, 76, 77, 78, 80"
A036442,mul INT+ 2 mul x_0_1 idiv x_0_1 x_0_2,(2 mul (x_0_1 mul (x_0_1 idiv x_0_2))),"1, 4, 32, 512, 16384, 1048576, 134217728, 34359738368, 17592186044416, 18014398509481984, 36893488147419103232, 151115727451828646838272, 1237940039285380274899124224, 20282409603651670423947251286016, 664613997892457936451903530140172288"
A022350,add add x_0_2 x_0_1 idiv INT+ 1 0 x_0_1,((x_0_2 add x_0_1) add (10 idiv x_0_1)),"0, 16, 16, 32, 48, 80, 128, 208, 336, 544, 880, 1424, 2304, 3728, 6032, 9760, 15792, 25552, 41344, 66896, 108240, 175136, 283376, 458512, 741888, 1200400, 1942288, 3142688, 5084976, 8227664, 13312640"
A027941,add x_0_3 mul INT+ 4 sub x_0_1 x_0_2,(x_0_3 add (4 mul (x_0_1 sub x_0_2))),"0, 1, 4, 12, 33, 88, 232, 609, 1596, 4180, 10945, 28656, 75024, 196417, 514228, 1346268, 3524577, 9227464, 24157816, 63245985, 165580140, 433494436, 1134903169, 2971215072, 7778742048, 20365011073, 53316291172, 139583862444, 365435296161, 956722026040"
A322889,sub mul sqr INT+ 6 x_0_1 x_0_2,(((6)**2 mul x_0_1) sub x_0_2),"1, 18, 647, 23274, 837217, 30116538, 1083358151, 38970776898, 1401864610177, 50428155189474, 1814011722210887, 65253993844402458, 2347329766676277601, 84438617606501591178, 3037442904067381004807, 109263505928819214581874"
A266073,sub x_0_4 sub x_0_6 x_0_2,(x_0_4 sub (x_0_6 sub x_0_2)),"0, 2, 4, 2, 8, 2, 12, 2, 16, 2, 20, 2, 24, 2, 28, 2, 32, 2, 36, 2, 40, 2, 44, 2, 48, 2, 52, 2, 56, 2, 60, 2, 64, 2, 68, 2, 72, 2, 76, 2, 80, 2, 84, 2, 88, 2, 92, 2, 96, 2, 100, 2, 104, 2, 108, 2, 112, 2, 116, 2, 120, 2, 124, 2, 128, 2, 132, 2, 136, 2, 140, 2"
A328890,add mul INT+ 4 sub x_0_1 x_0_2 INT- 2,((4 mul (x_0_1 sub x_0_2)) add -2),"1, 6, 18, 46, 110, 254, 574, 1278, 2814, 6142, 13310, 28670, 61438, 131070, 278526, 589822, 1245182, 2621438, 5505022, 11534334, 24117246, 50331646, 104857598, 218103806, 452984830, 939524094, 1946157054, 4026531838, 8321499134, 17179869182, 35433480190, 73014444030"
A109900,idiv mul idiv sqr n INT+ 4 n INT+ 2,((((n)**2 idiv 4) mul n) idiv 2),"0, 1, 3, 8, 15, 27, 42, 64, 90, 125, 165, 216, 273, 343, 420, 512, 612, 729, 855, 1000, 1155, 1331, 1518, 1728, 1950, 2197, 2457, 2744, 3045, 3375, 3720, 4096, 4488, 4913, 5355, 5832, 6327, 6859, 7410, 8000, 8610, 9261, 9933, 10648, 11385, 12167, 12972"
A285399,mul sub INT+ 1 0 INT- 4 mul x_0_1 sign x_0_2,((10 sub -4) mul (x_0_1 mul sign(x_0_2))),"1, 13, 182, 2548, 35672, 499408, 6991712, 97883968, 1370375552, 19185257728, 268593608192, 3760310514688, 52644347205632, 737020860878848, 10318292052303872, 144456088732254208, 2022385242251558912, 28313393391521824768, 396387507481305546752"
A182461,add x_0_1 add x_0_1 INT+ 8,(x_0_1 add (x_0_1 add 8)),"16, 40, 88, 184, 376, 760, 1528, 3064, 6136, 12280, 24568, 49144, 98296, 196600, 393208, 786424, 1572856, 3145720, 6291448, 12582904, 25165816, 50331640, 100663288, 201326584, 402653176, 805306360, 1610612728, 3221225464, 6442450936, 12884901880"
A048476,add mul INT+ 4 sub x_0_1 x_0_2 sign n,((4 mul (x_0_1 sub x_0_2)) add sign(n)),"1, 6, 21, 61, 161, 401, 961, 2241, 5121, 11521, 25601, 56321, 122881, 266241, 573441, 1228801, 2621441, 5570561, 11796481, 24903681, 52428801, 110100481, 230686721, 482344961, 1006632961, 2097152001, 4362076161, 9059696641, 18790481921, 38923141121"
A164549,add mul INT+ 4 x_0_1 add x_0_2 x_0_2,((4 mul x_0_1) add (x_0_2 add x_0_2)),"1, 6, 26, 116, 516, 2296, 10216, 45456, 202256, 899936, 4004256, 17816896, 79276096, 352738176, 1569504896, 6983495936, 31072993536, 138258966016, 615181851136, 2737245336576, 12179345048576, 54191870867456"
A253654,sub mul INT+ 8 x_0_1 sub x_0_2 INT- 1,((8 mul x_0_1) sub (x_0_2 sub -1)),"1, 6, 46, 361, 2841, 22366, 176086, 1386321, 10914481, 85929526, 676521726, 5326244281, 41933432521, 330141215886, 2599196294566, 20463429140641, 161108236830561, 1268402465503846, 9986111487200206, 78620489432097801, 618977803969582201, 4873201942324559806"
A004168,mul x_0_1 add sign n x_0_1,(x_0_1 mul (sign(n) add x_0_1)),"3, 12, 156, 24492, 599882556, 359859081592975692, 129498558604939936868397356895854556, 16769876680757063368089314196389622249367851612542961252860614401811692"
A033891,sub mul x_0_1 INT+ 7 x_0_2,((x_0_1 mul 7) sub x_0_2),"2, 13, 89, 610, 4181, 28657, 196418, 1346269, 9227465, 63245986, 433494437, 2971215073, 20365011074, 139583862445, 956722026041, 6557470319842, 44945570212853, 308061521170129, 2111485077978050"
A121401,sub mul INT+ 4 x_0_1 sub x_0_2 INT- 2,((4 mul x_0_1) sub (x_0_2 sub -2)),"2, 3, 8, 27, 98, 363, 1352, 5043, 18818, 70227, 262088, 978123, 3650402, 13623483, 50843528, 189750627, 708158978, 2642885283, 9863382152, 36810643323, 137379191138, 512706121227, 1913445293768, 7141075053843, 26650854921602"
A107750,add INT+ 4 mul x_0_3 sign x_0_6,(4 add (x_0_3 mul sign(x_0_6))),"0, 1, 2, 3, 4, 5, 7, 8, 9, 11, 12, 13, 15, 16, 17, 19, 20, 21, 23, 24, 25, 27, 28, 29, 31, 32, 33, 35, 36, 37, 39, 40, 41, 43, 44, 45, 47, 48, 49, 51, 52, 53, 55, 56, 57, 59, 60, 61, 63, 64, 65, 67, 68, 69, 71, 72, 73, 75, 76, 77, 79, 80, 81, 83, 84, 85, 87, 88, 89, 91, 92, 93"
A083099,add mul x_0_2 INT+ 6 add x_0_1 x_0_1,((x_0_2 mul 6) add (x_0_1 add x_0_1)),"0, 1, 2, 10, 32, 124, 440, 1624, 5888, 21520, 78368, 285856, 1041920, 3798976, 13849472, 50492800, 184082432, 671121664, 2446737920, 8920205824, 32520839168, 118562913280, 432250861568, 1575879202816, 5745263575040"
A090411,sub mul sqr INT+ 4 x_0_1 idiv INT+ 2 n,(((4)**2 mul x_0_1) sub (2 idiv n)),"1, 15, 240, 3840, 61440, 983040, 15728640, 251658240, 4026531840, 64424509440, 1030792151040, 16492674416640, 263882790666240, 4222124650659840, 67553994410557440, 1080863910568919040, 17293822569102704640, 276701161105643274240, 4427218577690292387840"
A033353,idiv sqr INT- 1 0 add n add n n,((-10)**2 idiv (n add (n add n))),"33, 16, 11, 8, 6, 5, 4, 4, 3, 3, 3, 2, 2, 2, 2, 2, 1, 1, 1, 1, 1, 1, 1, 1, 1, 1, 1, 1, 1, 1, 1, 1, 1, 0, 0, 0, 0, 0, 0, 0, 0, 0, 0, 0, 0, 0, 0, 0, 0, 0, 0, 0, 0, 0, 0, 0, 0, 0, 0, 0, 0, 0, 0, 0, 0, 0, 0, 0, 0, 0, 0, 0, 0, 0, 0, 0, 0, 0, 0, 0, 0, 0, 0, 0, 0, 0, 0, 0, 0, 0, 0"
A297044,idiv add n idiv n INT+ 8 add n INT+ 2,((n add (n idiv 8)) idiv (n add 2)),"0, 0, 0, 0, 0, 0, 0, 0, 0, 0, 0, 0, 0, 0, 0, 1, 1, 1, 1, 1, 1, 1, 1, 1, 1, 1, 1, 1, 1, 1, 1, 1, 1, 1, 1, 1, 1, 1, 1, 1, 1, 1, 1, 1, 1, 1, 1, 1, 1, 1, 1, 1, 1, 1, 1, 1, 1, 1, 1, 1, 1, 1, 1, 1, 1, 1, 1, 1, 1, 1, 1, 1, 1, 1, 1, 1, 1, 1, 1, 1, 1, 1, 1, 1, 1, 1"
A308579,sub add n mul add n x_0_1 INT+ 2 sign n,((n add ((n add x_0_1) mul 2)) sub sign(n)),"1, 7, 22, 55, 124, 265, 550, 1123, 2272, 4573, 9178, 18391, 36820, 73681, 147406, 294859, 589768, 1179589, 2359234, 4718527, 9437116, 18874297, 37748662, 75497395, 150994864, 301989805, 603979690, 1207959463, 2415919012, 4831838113, 9663676318, 19327352731"
A194229,add x_0_2 mod idiv n INT- 7 mul n sign x_0_3,(x_0_2 add ((n idiv -7) mod (n mul sign(x_0_3)))),"0, 1, 2, 4, 6, 9, 12, 15, 19, 23, 28, 33, 39, 45, 51, 58, 65, 73, 81, 90, 99, 108, 118, 128, 139, 150, 162, 174, 186, 199, 212, 226, 240, 255, 270, 285, 301, 317, 334, 351, 369, 387, 405, 424, 443, 463, 483, 504, 525, 546, 568, 590, 613, 636, 660, 684, 708"
A063914,sub add x_0_2 x_0_2 x_0_4,((x_0_2 add x_0_2) sub x_0_4),"1, 2, 3, 5, 5, 8, 7, 11, 9, 14, 11, 17, 13, 20, 15, 23, 17, 26, 19, 29, 21, 32, 23, 35, 25, 38, 27, 41, 29, 44, 31, 47, 33, 50, 35, 53, 37, 56, 39, 59, 41, 62, 43, 65, 45, 68, 47, 71, 49, 74, 51, 77, 53, 80, 55, 83, 57, 86, 59, 89, 61, 92, 63, 95, 65, 98, 67, 101, 69, 104, 71"
A170736,mul x_0_1 add sqr INT+ 4 idiv x_0_2 x_0_1,(x_0_1 mul ((4)**2 add (x_0_2 idiv x_0_1))),"1, 17, 272, 4352, 69632, 1114112, 17825792, 285212672, 4563402752, 73014444032, 1168231104512, 18691697672192, 299067162755072, 4785074604081152, 76561193665298432, 1224979098644774912, 19599665578316398592, 313594649253062377472, 5017514388048998039552"
A033145,add mul INT+ 9 x_0_1 mod add n x_0_1 INT+ 3,((9 mul x_0_1) add ((n add x_0_1) mod 3)),"1, 9, 81, 730, 6570, 59130, 532171, 4789539, 43105851, 387952660, 3491573940, 31424165460, 282817489141, 2545357402269, 22908216620421, 206173949583790, 1855565546254110, 16700089916286990, 150300809246582911, 1352707283219246199, 12174365548973215791"
A057358,idiv mul INT- 4 sub sign n n INT+ 7,((-4 mul (sign(n) sub n)) idiv 7),"0, 0, 1, 1, 2, 2, 3, 4, 4, 5, 5, 6, 6, 7, 8, 8, 9, 9, 10, 10, 11, 12, 12, 13, 13, 14, 14, 15, 16, 16, 17, 17, 18, 18, 19, 20, 20, 21, 21, 22, 22, 23, 24, 24, 25, 25, 26, 26, 27, 28, 28, 29, 29, 30, 30, 31, 32, 32, 33, 33, 34, 34, 35, 36, 36, 37, 37, 38, 38, 39, 40, 40, 41, 41, 42"
A168388,add x_0_1 mul sqr idiv n INT+ 2 INT+ 2,(x_0_1 add (((n idiv 2))**2 mul 2)),"1, 3, 5, 13, 21, 39, 57, 89, 121, 171, 221, 293, 365, 463, 561, 689, 817, 979, 1141, 1341, 1541, 1783, 2025, 2313, 2601, 2939, 3277, 3669, 4061, 4511, 4961, 5473, 5985, 6563, 7141, 7789, 8437, 9159, 9881, 10681, 11481, 12363, 13245, 14213, 15181, 16239, 17297"
A024167,add x_0_1 mul sqr sub n sign n x_0_2,(x_0_1 add (((n sub sign(n)))**2 mul x_0_2)),"1, 1, 5, 14, 94, 444, 3828, 25584, 270576, 2342880, 29400480, 312888960, 4546558080, 57424792320, 948550176000, 13869128448000, 256697973504000, 4264876094976000, 87435019510272000, 1627055289796608000, 36601063093905408000, 754132445894209536000"
A078303,add sign n sqr mod sign sub n INT+ 8 x_0_1,(sign(n) add ((sign((n sub 8)) mod x_0_1))**2),"7, 37, 1297, 1679617, 2821109907457, 7958661109946400884391937, 63340286662973277706162286946811886609896461828097"
A135442,add x_0_1 sqr mul n INT+ 9,(x_0_1 add ((n mul 9))**2),"4, 328"
A086901,sub mul INT+ 4 add x_0_1 x_0_2 x_0_2,((4 mul (x_0_1 add x_0_2)) sub x_0_2),"1, 1, 7, 31, 145, 673, 3127, 14527, 67489, 313537, 1456615, 6767071, 31438129, 146053729, 678529303, 3152278399, 14644701505, 68035641217, 316076669383, 1468413601183, 6821884412881, 31692778455073, 147236767058935"
A116735,add mod INT- 9 mul n INT+ 4 idiv x_0_1 sign x_0_2,((-9 mod (n mul 4)) add (x_0_1 idiv sign(x_0_2))),"1, 2, 5, 12, 23, 38, 57, 80, 107, 138, 173, 212, 255, 302, 353, 408, 467, 530, 597, 668, 743, 822, 905, 992, 1083, 1178, 1277, 1380, 1487, 1598, 1713, 1832, 1955, 2082, 2213, 2348, 2487, 2630, 2777, 2928, 3083, 3242, 3405, 3572, 3743, 3918, 4097, 4280, 4467"
A059270,add mul INT+ 3 sqr sub n sign n x_0_1,((3 mul ((n sub sign(n)))**2) add x_0_1),"0, 3, 15, 42, 90, 165, 273, 420, 612, 855, 1155, 1518, 1950, 2457, 3045, 3720, 4488, 5355, 6327, 7410, 8610, 9933, 11385, 12972, 14700, 16575, 18603, 20790, 23142, 25665, 28365, 31248, 34320, 37587, 41055, 44730, 48618, 52725, 57057, 61620"
A128467,add x_0_1 sub x_0_1 x_0_2,(x_0_1 add (x_0_1 sub x_0_2)),"11, 41, 71, 101, 131, 161, 191, 221, 251, 281, 311, 341, 371, 401, 431, 461, 491, 521, 551, 581, 611, 641, 671, 701, 731, 761, 791, 821, 851, 881, 911, 941, 971, 1001, 1031, 1061, 1091, 1121, 1151, 1181, 1211, 1241, 1271, 1301, 1331, 1361, 1391, 1421, 1451"
A037587,sub mul INT+ 8 x_0_1 mod x_0_1 INT- 4,((8 mul x_0_1) sub (x_0_1 mod -4)),"3, 25, 203, 1625, 13003, 104025, 832203, 6657625, 53261003, 426088025, 3408704203, 27269633625, 218157069003, 1745256552025, 13962052416203, 111696419329625, 893571354637003, 7148570837096025"
A100702,sub mul INT+ 3 x_0_1 mod INT+ 2 x_0_1,((3 mul x_0_1) sub (2 mod x_0_1)),"1, 3, 7, 19, 55, 163, 487, 1459, 4375, 13123, 39367, 118099, 354295, 1062883, 3188647, 9565939, 28697815, 86093443, 258280327, 774840979, 2324522935, 6973568803, 20920706407, 62762119219, 188286357655, 564859072963"
A112033,mul x_0_2 INT+ 2,(x_0_2 mul 2),"12, 3, 24, 6, 48, 12, 96, 24, 192, 48, 384, 96, 768, 192, 1536, 384, 3072, 768, 6144, 1536, 12288, 3072, 24576, 6144, 49152, 12288, 98304, 24576, 196608, 49152, 393216, 98304, 786432, 196608, 1572864, 393216, 3145728, 786432, 6291456, 1572864"
A240748,add x_0_1 mod INT+ 9 x_0_2,(x_0_1 add (9 mod x_0_2)),"2, 4, 5, 6, 10, 13"
A180102,idiv mul sqr INT- 1 0 INT+ 2 add n sign n,(((-10)**2 mul 2) idiv (n add sign(n))),"100, 66, 50, 40, 33, 28, 25, 22, 20, 18, 16, 15, 14, 13, 12, 11, 11, 10, 10, 9, 9, 8, 8, 8, 7, 7, 7, 6, 6, 6, 6, 6, 5, 5, 5, 5, 5, 5, 5, 4, 4, 4, 4, 4, 4, 4, 4, 4, 4, 3, 3, 3, 3, 3, 3, 3, 3, 3, 3, 3, 3, 3, 3, 3, 3, 2, 2, 2, 2, 2, 2, 2, 2, 2, 2, 2, 2, 2, 2, 2, 2, 2, 2, 2, 2, 2, 2, 2, 2"
A057137,add mul INT+ 1 0 x_0_1 mod add n INT- 1 INT+ 1 0,((10 mul x_0_1) add ((n add -1) mod 10)),"0, 1, 12, 123, 1234, 12345, 123456, 1234567, 12345678, 123456789, 1234567890, 12345678901, 123456789012, 1234567890123, 12345678901234, 123456789012345, 1234567890123456, 12345678901234567, 123456789012345678"
A133384,add x_0_1 mul INT+ 9 sub x_0_1 INT+ 2,(x_0_1 add (9 mul (x_0_1 sub 2))),"12, 102, 1002, 10002, 100002, 1000002, 10000002, 100000002, 1000000002, 10000000002, 100000000002, 1000000000002, 10000000000002, 100000000000002, 1000000000000002, 10000000000000002, 100000000000000002"
A013743,mul mul sqr INT- 8 INT+ 8 x_0_1,(((-8)**2 mul 8) mul x_0_1),"64, 32768, 16777216, 8589934592, 4398046511104, 2251799813685248, 1152921504606846976, 590295810358705651712, 302231454903657293676544, 154742504910672534362390528, 79228162514264337593543950336, 40564819207303340847894502572032"
A105636,idiv sqr sub sign n mul n n INT+ 8,(((sign(n) sub (n mul n)))**2 idiv 8),"0, 1, 8, 28, 72, 153, 288, 496, 800, 1225, 1800, 2556, 3528, 4753, 6272, 8128, 10368, 13041, 16200, 19900, 24200, 29161, 34848, 41328, 48672, 56953, 66248, 76636, 88200, 101025, 115200, 130816, 147968, 166753, 187272, 209628, 233928, 260281, 288800, 319600"
A164395,add add add x_0_1 x_0_3 x_0_3 INT+ 2,(((x_0_1 add x_0_3) add x_0_3) add 2),"1, 2, 4, 8, 14, 24, 42, 72, 122, 208, 354, 600, 1018, 1728, 2930, 4968, 8426, 14288, 24226, 41080, 69658, 118112, 200274, 339592, 575818, 976368, 1655554, 2807192, 4759930, 8071040, 13685426, 23205288, 39347370, 66718224, 113128802, 191823544"
A116972,add n add mul add n x_0_1 INT+ 3 INT+ 1 0,(n add (((n add x_0_1) mul 3) add 10)),"1, 21, 85, 281, 873, 2653, 7997, 24033, 72145, 216485, 649509, 1948585, 5845817, 17537517, 52612621, 157837937, 473513889, 1420541749, 4261625333, 12784876089, 38354628361, 115063885181, 345191655645, 1035574967041"
A186948,add mul INT+ 4 sub x_0_1 sub x_0_2 sign n x_0_2,((4 mul (x_0_1 sub (x_0_2 sub sign(n)))) add x_0_2),"1, 1, 5, 21, 73, 233, 717, 2173, 6545, 19665, 59029, 177125, 531417, 1594297, 4782941, 14348877, 43046689, 129140129, 387420453, 1162261429, 3486784361, 10460353161, 31381059565, 94143178781, 282429536433, 847288609393"
A358784,mul sub mul INT+ 7 x_0_1 x_0_2 INT+ 4,(((7 mul x_0_1) sub x_0_2) mul 4),"2, 16, 440"
A300758,mul sub n sqr n sub mul INT- 4 n INT- 2,((n sub (n)**2) mul ((-4 mul n) sub -2)),"0, 12, 60, 168, 360, 660, 1092, 1680, 2448, 3420, 4620, 6072, 7800, 9828, 12180, 14880, 17952, 21420, 25308, 29640, 34440, 39732, 45540, 51888, 58800, 66300, 74412, 83160, 92568, 102660, 113460, 124992, 137280, 150348, 164220, 178920, 194472, 210900, 228228"
A178574,mul INT+ 2 sub mul INT+ 9 sqr n n,(2 mul ((9 mul (n)**2) sub n)),"16, 68, 156, 280, 440, 636, 868, 1136, 1440, 1780, 2156, 2568, 3016, 3500, 4020, 4576, 5168, 5796, 6460, 7160, 7896, 8668, 9476, 10320, 11200, 12116, 13068, 14056, 15080, 16140, 17236, 18368, 19536, 20740, 21980, 23256, 24568, 25916, 27300, 28720, 30176, 31668, 33196, 34760, 36360"
A005578,add x_0_1 add x_0_2 sub x_0_2 sign n,(x_0_1 add (x_0_2 add (x_0_2 sub sign(n)))),"1, 1, 2, 3, 6, 11, 22, 43, 86, 171, 342, 683, 1366, 2731, 5462, 10923, 21846, 43691, 87382, 174763, 349526, 699051, 1398102, 2796203, 5592406, 11184811, 22369622, 44739243, 89478486, 178956971, 357913942, 715827883, 1431655766"
A185127,add mul INT+ 1 0 add INT+ 2 x_0_1 sign n,((10 mul (2 add x_0_1)) add sign(n)),"11, 131, 1331, 13331, 133331, 1333331, 13333331, 133333331, 1333333331, 13333333331, 133333333331, 1333333333331, 13333333333331, 133333333333331, 1333333333333331, 13333333333333331, 133333333333333331, 1333333333333333331, 13333333333333333331"
A192954,add sub x_0_1 sub x_0_3 x_0_1 INT+ 2,((x_0_1 sub (x_0_3 sub x_0_1)) add 2),"1, 1, 5, 11, 23, 43, 77, 133, 225, 375, 619, 1015, 1657, 2697, 4381, 7107, 11519, 18659, 30213, 48909, 79161, 128111, 207315, 335471, 542833, 878353, 1421237, 2299643, 3720935, 6020635, 9741629, 15762325, 25504017, 41266407, 66770491"
A294627,add x_0_3 add add x_0_1 x_0_3 x_0_2,(x_0_3 add ((x_0_1 add x_0_3) add x_0_2)),"0, 1, 2, 3, 7, 14, 27, 55, 110, 219, 439, 878, 1755, 3511, 7022, 14043, 28087, 56174, 112347, 224695, 449390, 898779, 1797559, 3595118, 7190235, 14380471, 28760942, 57521883, 115043767, 230087534, 460175067, 920350135, 1840700270, 3681400539, 7362801079, 14725602158, 29451204315"
A085736,add n idiv n sub sqr INT- 8 INT+ 4,(n add (n idiv ((-8)**2 sub 4))),"1, 2, 3, 4, 5, 6, 7, 8, 9, 10, 11, 12, 13, 14, 15, 16, 17, 18, 19, 20, 21, 22, 23, 24, 25, 26, 27, 28, 29, 30, 31, 32, 33, 34, 35, 36, 37, 38, 39, 40, 41, 42, 43, 44, 45, 46, 47, 48, 49, 50, 51, 52, 53, 54, 55, 56, 57, 58, 59, 61, 62, 63, 64, 65, 66, 67, 68, 69, 70, 71, 72, 73, 74, 75, 76, 77, 78, 79, 80, 81, 82, 83, 84"
A201279,add x_0_1 mod INT- 8 mul add n n INT+ 6,(x_0_1 add (-8 mod ((n add n) mul 6))),"5, 21, 49, 89, 141, 205, 281, 369, 469, 581, 705, 841, 989, 1149, 1321, 1505, 1701, 1909, 2129, 2361, 2605, 2861, 3129, 3409, 3701, 4005, 4321, 4649, 4989, 5341, 5705, 6081, 6469, 6869, 7281, 7705, 8141, 8589, 9049, 9521, 10005, 10501, 11009, 11529, 12061"
A077417,sub mul INT+ 6 add x_0_1 x_0_1 x_0_2,((6 mul (x_0_1 add x_0_1)) sub x_0_2),"1, 11, 131, 1561, 18601, 221651, 2641211, 31472881, 375033361, 4468927451, 53252096051, 634556225161, 7561422605881, 90102515045411, 1073668757939051, 12793922580223201, 152453402204739361, 1816646903876649131, 21647309444315050211"
A176413,mul x_0_1 sub INT+ 7 INT+ 4,(x_0_1 mul (7 sub 4)),"19, 57, 171, 513, 1539, 4617, 13851, 41553, 124659, 373977, 1121931, 3365793, 10097379, 30292137, 90876411, 272629233, 817887699, 2453663097, 7360989291, 22082967873, 66248903619, 198746710857, 596240132571, 1788720397713"
A109493,mul INT+ 7 mul x_0_1 idiv x_0_1 x_0_2,(7 mul (x_0_1 mul (x_0_1 idiv x_0_2))),"1, 1, 7, 343, 117649, 282475249, 4747561509943, 558545864083284007, 459986536544739960976801, 2651730845859653471779023381601, 107006904423598033356356300384937784807"
A006012,mul add x_0_1 sub x_0_1 x_0_2 INT+ 2,((x_0_1 add (x_0_1 sub x_0_2)) mul 2),"1, 2, 6, 20, 68, 232, 792, 2704, 9232, 31520, 107616, 367424, 1254464, 4283008, 14623104, 49926400, 170459392, 581984768, 1987020288, 6784111616, 23162405888, 79081400320, 270000789504, 921840357376, 3147359850496"
A090591,add x_0_1 sub x_0_1 mul INT+ 8 x_0_2,(x_0_1 add (x_0_1 sub (8 mul x_0_2))),"1, 2, -4, -24, -16, 160, 448, -384, -4352, -5632, 23552, 92160, -4096, -745472, -1458176, 3047424, 17760256, 11141120, -119799808, -328728576, 300941312, 3231711232, 4055891968, -17741905920, -67930947584"
A091045,add mul x_0_1 sqr INT- 4 add sign n x_0_1,((x_0_1 mul (-4)**2) add (sign(n) add x_0_1)),"1, 18, 307, 5220, 88741, 1508598, 25646167, 435984840, 7411742281, 125999618778, 2141993519227, 36413889826860, 619036127056621, 10523614159962558, 178901440719363487, 3041324492229179280, 51702516367896047761"
A102900,add mul INT+ 3 add x_0_1 x_0_2 x_0_2,((3 mul (x_0_1 add x_0_2)) add x_0_2),"1, 1, 7, 25, 103, 409, 1639, 6553, 26215, 104857, 419431, 1677721, 6710887, 26843545, 107374183, 429496729, 1717986919, 6871947673, 27487790695, 109951162777, 439804651111, 1759218604441, 7036874417767, 28147497671065"
A162570,add x_0_6 add n n,(x_0_6 add (n add n)),"1, 2, 3, 4, 6, 7, 15"
A027181,add add x_0_1 add n sub n INT+ 2 x_0_2,((x_0_1 add (n add (n sub 2))) add x_0_2),"1, 3, 8, 17, 33, 60, 105, 179, 300, 497, 817, 1336, 2177, 3539, 5744, 9313, 15089, 24436, 39561, 64035, 103636, 167713, 271393, 439152, 710593, 1149795, 1860440, 3010289, 4870785, 7881132, 12751977, 20633171, 33385212, 54018449, 87403729, 141422248"
A057681,add mul INT+ 3 sub x_0_1 x_0_2 idiv INT+ 3 n,((3 mul (x_0_1 sub x_0_2)) add (3 idiv n)),"1, 1, 1, 0, -3, -9, -18, -27, -27, 0, 81, 243, 486, 729, 729, 0, -2187, -6561, -13122, -19683, -19683, 0, 59049, 177147, 354294, 531441, 531441, 0, -1594323, -4782969, -9565938, -14348907, -14348907, 0, 43046721, 129140163, 258280326, 387420489, 387420489"
A108851,add mul INT+ 3 add x_0_1 x_0_2 x_0_1,((3 mul (x_0_1 add x_0_2)) add x_0_1),"1, 2, 11, 50, 233, 1082, 5027, 23354, 108497, 504050, 2341691, 10878914, 50540729, 234799658, 1090820819, 5067682250, 23543191457, 109375812578, 508132824683, 2360658736466, 10967033419913, 50950109889050"
A076765,add mul x_0_1 INT+ 8 sub sign n x_0_2,((x_0_1 mul 8) add (sign(n) sub x_0_2)),"1, 9, 72, 568, 4473, 35217, 277264, 2182896, 17185905, 135304345, 1065248856, 8386686504, 66028243177, 519839258913, 4092685828128, 32221647366112, 253680493100769, 1997222297440041, 15724097886419560, 123795560793916440"
A013746,mul mul sqr INT- 1 0 x_0_1 INT+ 1 0,(((-10)**2 mul x_0_1) mul 10),"10, 10000, 10000000, 10000000000, 10000000000000, 10000000000000000, 10000000000000000000, 10000000000000000000000, 10000000000000000000000000, 10000000000000000000000000000"
A145027,add x_0_1 add x_0_3 x_0_2,(x_0_1 add (x_0_3 add x_0_2)),"2, 3, 4, 9, 16, 29, 54, 99, 182, 335, 616, 1133, 2084, 3833, 7050, 12967, 23850, 43867, 80684, 148401, 272952, 502037, 923390, 1698379, 3123806, 5745575, 10567760, 19437141, 35750476, 65755377, 120942994, 222448847, 409147218"
A013724,mul x_0_1 sqr sub INT+ 1 0 INT- 9,(x_0_1 mul ((10 sub -9))**2),"19, 6859, 2476099, 893871739, 322687697779, 116490258898219, 42052983462257059, 15181127029874798299, 5480386857784802185939, 1978419655660313589123979, 714209495693373205673756419"
A047862,sub mul INT+ 4 sub x_0_1 x_0_2 INT+ 4,((4 mul (x_0_1 sub x_0_2)) sub 4),"1, 7, 20, 48, 108, 236, 508, 1084, 2300, 4860, 10236, 21500, 45052, 94204, 196604, 409596, 851964, 1769468, 3670012, 7602172, 15728636, 32505852, 67108860, 138412028, 285212668, 587202556, 1207959548, 2483027964, 5100273660, 10468982780, 21474836476"
A232832,sub n sub sign x_0_6 n,(n sub (sign(x_0_6) sub n)),"1, 2, 4, 5, 7, 8, 13, 15"
A196258,mul add x_0_1 mul x_0_1 INT+ 1 0 sub n sign n,((x_0_1 add (x_0_1 mul 10)) mul (n sub sign(n))),"1, 11, 242, 7986, 351384, 19326120, 1275523920, 98215341840, 8642950081920, 855652058110080, 94121726392108800, 11388728893445164800, 1503312213934761753600, 214973646592670930764800, 33105941575271323337779200"
A171640,sub mul INT+ 1 0 x_0_1 sub x_0_2 INT- 4,((10 mul x_0_1) sub (x_0_2 sub -4)),"1, 3, 25, 243, 2401, 23763, 235225, 2328483, 23049601, 228167523, 2258625625, 22358088723, 221322261601, 2190864527283, 21687323011225, 214682365584963, 2125136332838401, 21036680962799043, 208241673295152025, 2061380051988721203, 20405558846592060001"
A257645,sub sub mul n sqr INT- 4 n sign n,(((n mul (-4)**2) sub n) sub sign(n)),"14, 29, 44, 59, 74, 89, 104, 119, 134, 149, 164, 179, 194, 209, 224, 239, 254, 269, 284, 299, 314, 329, 344, 359, 374, 389, 404, 419, 434, 449, 464, 479, 494, 509, 524, 539, 554, 569, 584, 599, 614, 629, 644, 659, 674, 689, 704, 719, 734, 749, 764, 779"
A003451,add add n sqr idiv n INT+ 2 x_0_1,((n add ((n idiv 2))**2) add x_0_1),"1, 4, 8, 16, 25, 40, 56, 80, 105, 140, 176, 224, 273, 336, 400, 480, 561, 660, 760, 880, 1001, 1144, 1288, 1456, 1625, 1820, 2016, 2240, 2465, 2720, 2976, 3264, 3553, 3876, 4200, 4560, 4921, 5320, 5720, 6160, 6601, 7084, 7568, 8096, 8625, 9200, 9776, 10400"
A254658,add mul x_0_2 INT+ 4 mul x_0_1 INT+ 7,((x_0_2 mul 4) add (x_0_1 mul 7)),"1, 8, 60, 452, 3404, 25636, 193068, 1454020, 10950412, 82468964, 621084396, 4677466628, 35226603980, 265296094372, 1997979076524, 15047037913156, 113321181698188, 853436423539940, 6427339691572332, 48405123535166084, 364545223512451916, 2745437058727827748"
A023974,idiv add n idiv n INT+ 6 add n INT+ 3,((n add (n idiv 6)) idiv (n add 3)),"0, 0, 0, 0, 0, 0, 0, 0, 0, 0, 0, 0, 0, 0, 0, 0, 0, 1, 1, 1, 1, 1, 1, 1, 1, 1, 1, 1, 1, 1, 1, 1, 1, 1, 1, 1, 1, 1, 1, 1, 1, 1, 1, 1, 1, 1, 1, 1, 1, 1, 1, 1, 1, 1, 1, 1, 1, 1, 1, 1, 1, 1, 1, 1, 1, 1, 1, 1, 1, 1, 1, 1, 1, 1, 1, 1, 1, 1, 1, 1, 1, 1, 1, 1, 1, 1, 1, 1, 1, 1, 1, 1, 1, 1, 1, 1, 1, 1, 1, 1, 1, 1"
A122552,add add add x_0_1 x_0_3 x_0_3 x_0_2,(((x_0_1 add x_0_3) add x_0_3) add x_0_2),"1, 1, 1, 4, 7, 13, 28, 55, 109, 220, 439, 877, 1756, 3511, 7021, 14044, 28087, 56173, 112348, 224695, 449389, 898780, 1797559, 3595117, 7190236, 14380471, 28760941, 57521884, 115043767, 230087533, 460175068, 920350135, 1840700269, 3681400540"
A054602,mul add INT+ 2 sqr sub n sign n add n INT- 1,((2 add ((n sub sign(n)))**2) mul (n add -1)),"0, 3, 12, 33, 72, 135, 228, 357, 528, 747, 1020, 1353, 1752, 2223, 2772, 3405, 4128, 4947, 5868, 6897, 8040, 9303, 10692, 12213, 13872, 15675, 17628, 19737, 22008, 24447, 27060, 29853, 32832, 36003, 39372, 42945, 46728, 50727, 54948"
A147840,add mul INT+ 1 0 x_0_1 mul INT- 8 x_0_2,((10 mul x_0_1) add (-8 mul x_0_2)),"1, 8, 72, 656, 5984, 54592, 498048, 4543744, 41453056, 378180608, 3450181632, 31476371456, 287162261504, 2619811643392, 23900818341888, 218049690271744, 1989290355982336, 18148506037649408, 165570737528635392"
A155966,add sub x_0_1 sub x_0_2 x_0_1 INT+ 4,((x_0_1 sub (x_0_2 sub x_0_1)) add 4),"8, 10, 16, 26, 40, 58, 80, 106, 136, 170, 208, 250, 296, 346, 400, 458, 520, 586, 656, 730, 808, 890, 976, 1066, 1160, 1258, 1360, 1466, 1576, 1690, 1808, 1930, 2056, 2186, 2320, 2458, 2600, 2746, 2896, 3050, 3208, 3370, 3536, 3706, 3880, 4058"
A166105,add x_0_1 add sqr sub sign n x_0_1 sign n,(x_0_1 add (((sign(n) sub x_0_1))**2 add sign(n))),"1, 2, 4, 14, 184, 33674, 1133904604, 1285739649838492214, 1653126447166808570252515315100129584, 2732827050322355127169206170438813672515557678636778921646668538491883474"
A052968,add sub x_0_1 sub n INT+ 2 mul x_0_1 sign x_0_2,((x_0_1 sub (n sub 2)) add (x_0_1 mul sign(x_0_2))),"2, 3, 5, 8, 13, 22, 39, 72, 137, 266, 523, 1036, 2061, 4110, 8207, 16400, 32785, 65554, 131091, 262164, 524309, 1048598, 2097175, 4194328, 8388633, 16777242, 33554459, 67108892, 134217757, 268435486, 536870943, 1073741856, 2147483681"
A033439,idiv mul INT+ 3 sqr sub sign n n INT+ 7,((3 mul ((sign(n) sub n))**2) idiv 7),"0, 0, 1, 3, 6, 10, 15, 21, 27, 34, 42, 51, 61, 72, 84, 96, 109, 123, 138, 154, 171, 189, 207, 226, 246, 267, 289, 312, 336, 360, 385, 411, 438, 466, 495, 525, 555, 586, 618, 651, 685, 720, 756, 792, 829, 867, 906, 946, 987, 1029, 1071, 1114, 1158, 1203, 1249"
A077880,add x_0_2 mul sub x_0_1 n INT- 1,(x_0_2 add ((x_0_1 sub n) mul -1)),"1, 1, 3, 2, 6, 2, 11, -1, 21, -12, 44, -44, 101, -131, 247, -362, 626, -970, 1615, -2565, 4201, -6744, 10968, -17688, 28681, -46343, 75051, -121366, 196446, -317782, 514259, -832009, 1346301, -2178276, 3524612, -5702852, 9227501, -14930315, 24157855, -39088130, 63246026, -102334114"
A297041,mod idiv add n INT+ 1 0 sub n sign x_0_6 INT+ 2,(((n add 10) idiv (n sub sign(x_0_6))) mod 2),"0, 0, 0, 0, 0, 0, 0, 0, 0, 0, 0, 0, 1, 1, 1, 1, 1, 1, 1, 1, 1, 1, 1, 1, 1, 1, 1, 1, 1, 1, 1, 1, 1, 1, 1, 1, 1, 1, 1, 1, 1, 1, 1, 1, 1, 1, 1, 1, 1, 1, 1, 1, 1, 1, 1, 1, 1, 1, 1, 1, 1, 1, 1, 1, 1, 1, 1, 1, 1, 1, 1, 1, 1, 1, 1, 1, 1, 1, 1, 1, 1, 1, 1, 1, 1, 1"
A116415,add add x_0_1 mul INT+ 3 sub x_0_1 x_0_2 x_0_1,((x_0_1 add (3 mul (x_0_1 sub x_0_2))) add x_0_1),"1, 5, 22, 95, 409, 1760, 7573, 32585, 140206, 603275, 2595757, 11168960, 48057529, 206780765, 889731238, 3828313895, 16472375761, 70876937120, 304967558317, 1312206980225, 5646132226174, 24294040190195, 104531804272453"
A307766,idiv INT+ 7 mul n sign x_0_6,(7 idiv (n mul sign(x_0_6))),"3, 1, 0, 1, 0, 0, 1, 0, 0, 0, 0, 0, 0, 0, 0, 0, 0, 0, 0"
A275645,add INT+ 2 mul x_0_2 sign x_0_6,(2 add (x_0_2 mul sign(x_0_6))),"1, 5, 7, 11, 12, 13, 14, 15, 16, 17, 18, 19, 20, 21, 22, 23, 24, 25, 26"
A097950,add add n idiv INT+ 1 0 add x_0_1 n INT- 4,((n add (10 idiv (x_0_1 add n))) add -4),"1, 1, 1, 2, 2, 3, 4, 4, 5, 6, 7, 8, 9, 10, 11, 12, 13, 14, 15, 16, 17, 18, 19, 20, 21, 22, 23, 24, 25, 26, 27, 28, 29, 30, 31, 32, 33, 34, 35, 36, 37, 38, 39, 40, 41, 42, 43, 44, 45, 46, 47, 48, 49, 50, 51, 52, 53, 54, 55, 56, 57, 58, 59, 60, 61, 62, 63, 64, 65, 66, 67, 68, 69, 70, 71, 72"
A096980,add mul x_0_2 INT+ 7 add x_0_1 x_0_1,((x_0_2 mul 7) add (x_0_1 add x_0_1)),"1, 5, 17, 69, 257, 997, 3793, 14565, 55681, 213317, 816401, 3126021, 11966849, 45815845, 175399633, 671510181, 2570817793, 9842206853, 37680138257, 144255724485, 552272416769, 2114334904933, 8094576727249, 30989497789029"
A059293,sub x_0_1 sub INT+ 2 mod idiv n INT- 6 n,(x_0_1 sub (2 sub ((n idiv -6) mod n))),"1, 0, 0, 1, 3, 6, 9, 13, 18, 24, 31, 39, 47, 56, 66, 77, 89, 102, 115, 129, 144, 160, 177, 195, 213, 232, 252, 273, 295, 318, 341, 365, 390, 416, 443, 471, 499, 528, 558, 589, 621, 654, 687, 721, 756, 792, 829, 867, 905, 944, 984, 1025, 1067"
A162563,sub mul INT+ 4 x_0_1 x_0_2,((4 mul x_0_1) sub x_0_2),"5, 13, 47, 175, 653, 2437, 9095, 33943, 126677, 472765, 1764383, 6584767, 24574685, 91713973, 342281207, 1277410855, 4767362213, 17792037997, 66400789775, 247811121103, 924843694637, 3451563657445, 12881410935143, 48074080083127"
A077966,mul add x_0_1 INT- 2 x_0_2,((x_0_1 add -2) mul x_0_2),"1, 0, -2, 0, 4, 0, -8, 0, 16, 0, -32, 0, 64, 0, -128, 0, 256, 0, -512, 0, 1024, 0, -2048, 0, 4096, 0, -8192, 0, 16384, 0, -32768, 0, 65536, 0, -131072, 0, 262144, 0, -524288, 0, 1048576, 0, -2097152, 0, 4194304, 0, -8388608, 0, 16777216, 0, -33554432, 0, 67108864, 0, -134217728, 0, 268435456"
A083811,sub sqr INT- 6 mul INT- 1 0 x_0_1,((-6)**2 sub (-10 mul x_0_1)),"36, 396, 3996, 39996, 399996, 3999996, 39999996, 399999996, 3999999996, 39999999996, 399999999996, 3999999999996"
A145102,idiv mul x_0_1 sub n INT+ 2 x_0_2,((x_0_1 mul (n sub 2)) idiv x_0_2),"1, 1, 1, 2, 6, 12, 10, 5, 3, 4, 12, 30, 27, 10, 4, 5, 18, 57, 53, 16, 5, 6, 25, 91, 83, 21, 6, 7, 31, 124, 116, 28, 7, 8, 37, 157, 148, 33, 8, 9, 43, 191, 182, 40, 9, 9, 45, 230, 240, 50, 10, 10, 51, 265, 275, 56, 11, 11, 57, 300, 310, 62, 12, 12, 63, 336, 346, 67, 12, 12, 69, 402"
A354538,sub mul x_0_1 INT+ 3 mod INT+ 7 x_0_1,((x_0_1 mul 3) sub (7 mod x_0_1)),"1, 3, 8, 17, 44, 125, 368, 1097, 3284, 9845, 29528, 88577, 265724, 797165, 2391488, 7174457, 21523364, 64570085, 193710248, 581130737, 1743392204"
A328865,sub INT+ 1 0 idiv x_0_4 x_0_6,(10 sub (x_0_4 idiv x_0_6)),"1, 2, 3, 4, 5, 6, 7, 8, 9, 9, 9, 9, 9, 9, 9, 9, 9, 9, 9, 9, 9, 9, 9, 9, 9, 9, 9, 9, 9, 9, 9, 9, 9, 9, 9, 9, 9, 9, 9, 9, 9, 9, 9, 9, 9, 9, 9, 9, 9, 9, 9, 9, 9, 9, 9, 9, 9, 9, 9, 9, 9, 9, 9, 9, 9, 9, 9, 9, 9, 9, 9, 9, 9, 9, 9, 9, 9, 9, 9, 9, 9, 9, 9, 9, 9, 9, 9, 9, 9"
A031773,add n add n sqr mul mul n INT- 5 sub INT+ 1 0 INT- 9,(n add (n add (((n mul -5) mul (10 sub -9)))**2)),"9027, 36104, 81231, 144408, 225635, 324912, 442239, 577616, 731043, 902520, 1092047, 1299624, 1525251, 1768928, 2030655, 2310432, 2608259, 2924136, 3258063, 3610040, 3980067, 4368144, 4774271, 5198448, 5640675, 6100952, 6579279, 7075656"
A192804,add x_0_1 sub x_0_1 x_0_4,(x_0_1 add (x_0_1 sub x_0_4)),"1, 1, 1, 2, 3, 5, 9, 16, 29, 53, 97, 178, 327, 601, 1105, 2032, 3737, 6873, 12641, 23250, 42763, 78653, 144665, 266080, 489397, 900141, 1655617, 3045154, 5600911, 10301681, 18947745, 34850336, 64099761, 117897841, 216847937, 398845538"
A077889,sub x_0_1 sub x_0_2 x_0_4,(x_0_1 sub (x_0_2 sub x_0_4)),"1, 1, 0, -1, 0, 2, 2, -1, -3, 0, 5, 4, -4, -8, 1, 13, 8, -13, -20, 6, 34, 15, -39, -48, 25, 88, 24, -112, -111, 89, 224, 23, -312, -246, 290, 559, -43, -848, -515, 892, 1364, -376, -2255, -987, 2632, 3243, -1644, -5874, -1598, 7519, 7473, -5920, -14991, -1552, 20912, 16544, -19359, -37455, 2816, 56815"
A040272,mul x_0_1 mod mul x_0_1 INT+ 1 0 INT+ 3,(x_0_1 mul ((x_0_1 mul 10) mod 3)),"17, 34, 34, 34, 34, 34, 34, 34, 34, 34, 34, 34, 34, 34, 34, 34, 34, 34, 34, 34, 34, 34, 34, 34, 34, 34, 34, 34, 34, 34, 34, 34, 34, 34, 34, 34, 34, 34, 34, 34, 34, 34, 34, 34, 34, 34, 34, 34, 34, 34, 34, 34, 34, 34, 34, 34, 34, 34, 34, 34, 34, 34, 34"
A092420,add mul x_0_1 INT+ 9 sub sign n x_0_2,((x_0_1 mul 9) add (sign(n) sub x_0_2)),"1, 10, 90, 801, 7120, 63280, 562401, 4998330, 44422570, 394804801, 3508820640, 31184580960, 277152408001, 2463187091050, 21891531411450, 194560595612001, 1729153829096560, 15367823866257040, 136581260967216801"
A260484,add INT+ 1 0 add x_0_3 sign n,(10 add (x_0_3 add sign(n))),"3, 7, 11, 14, 18, 22, 25, 29, 33, 36, 40, 44, 47, 51, 55, 58, 62, 66, 69, 73, 77, 80, 84, 88, 91, 95, 99, 102, 106, 110, 113, 117, 121, 124, 128, 132, 135, 139, 143, 146, 150, 154, 157, 161, 165, 168, 172, 176, 179, 183, 187, 190, 194, 198"
A100119,add idiv mul n sqr sub sign n n INT+ 2 sign n,(((n mul ((sign(n) sub n))**2) idiv 2) add sign(n)),"1, 2, 7, 19, 41, 76, 127, 197, 289, 406, 551, 727, 937, 1184, 1471, 1801, 2177, 2602, 3079, 3611, 4201, 4852, 5567, 6349, 7201, 8126, 9127, 10207, 11369, 12616, 13951, 15377, 16897, 18514, 20231, 22051, 23977, 26012, 28159, 30421, 32801, 35302"
A031746,add n sqr mul n sub sqr INT+ 6 INT+ 2,(n add ((n mul ((6)**2 sub 2)))**2),"1157, 4626, 10407, 18500, 28905, 41622, 56651, 73992, 93645, 115610, 139887, 166476, 195377, 226590, 260115, 295952, 334101, 374562, 417335, 462420, 509817, 559526, 611547, 665880, 722525, 781482, 842751, 906332, 972225, 1040430, 1110947"
A053541,idiv mul x_0_1 mul n INT+ 1 0 sub n sign n,((x_0_1 mul (n mul 10)) idiv (n sub sign(n))),"1, 20, 300, 4000, 50000, 600000, 7000000, 80000000, 900000000, 10000000000, 110000000000, 1200000000000, 13000000000000, 140000000000000, 1500000000000000, 16000000000000000, 170000000000000000"
A080176,add sign n sqr mod idiv n INT- 9 x_0_1,(sign(n) add (((n idiv -9) mod x_0_1))**2),"11, 101, 10001, 100000001, 10000000000000001, 100000000000000000000000000000001, 10000000000000000000000000000000000000000000000000000000000000001"
A037487,add mul INT+ 1 0 x_0_1 mod add sign n x_0_1 INT+ 3,((10 mul x_0_1) add ((sign(n) add x_0_1) mod 3)),"1, 12, 121, 1212, 12121, 121212, 1212121, 12121212, 121212121, 1212121212, 12121212121, 121212121212, 1212121212121, 12121212121212, 121212121212121, 1212121212121212, 12121212121212121, 121212121212121212, 1212121212121212121, 12121212121212121212"
A221882,add n mul add x_0_1 idiv x_0_1 n INT+ 2,(n add ((x_0_1 add (x_0_1 idiv n)) mul 2)),"1, 4, 13, 36, 91, 218, 505, 1144, 2551, 5622, 12277, 26612, 57331, 122866, 262129, 557040, 1179631, 2490350, 5242861, 11010028, 23068651, 48234474, 100663273, 209715176, 436207591, 905969638, 1879048165, 3892314084, 8053063651, 16642998242, 34359738337"
A060961,add x_0_1 add x_0_3 x_0_5,(x_0_1 add (x_0_3 add x_0_5)),"1, 1, 1, 2, 3, 5, 8, 12, 19, 30, 47, 74, 116, 182, 286, 449, 705, 1107, 1738, 2729, 4285, 6728, 10564, 16587, 26044, 40893, 64208, 100816, 158296, 248548, 390257, 612761, 962125, 1510678, 2371987, 3724369, 5847808, 9181920, 14416967, 22636762, 35543051"
A037520,sub mul x_0_1 INT+ 3 mod n INT- 3,((x_0_1 mul 3) sub (n mod -3)),"2, 7, 21, 65, 196, 588, 1766, 5299, 15897, 47693, 143080, 429240, 1287722, 3863167, 11589501, 34768505, 104305516, 312916548, 938749646, 2816248939, 8448746817, 25346240453, 76038721360, 228116164080, 684348492242"
A266299,add mul sqr INT+ 1 0 x_0_1 idiv INT+ 1 0 x_0_1,(((10)**2 mul x_0_1) add (10 idiv x_0_1)),"1, 110, 11000, 1100000, 110000000, 11000000000, 1100000000000, 110000000000000, 11000000000000000, 1100000000000000000, 110000000000000000000, 11000000000000000000000, 1100000000000000000000000, 110000000000000000000000000, 11000000000000000000000000000"
A001287,idiv mul x_0_1 add n INT+ 9 sub n sign n,((x_0_1 mul (n add 9)) idiv (n sub sign(n))),"1, 11, 66, 286, 1001, 3003, 8008, 19448, 43758, 92378, 184756, 352716, 646646, 1144066, 1961256, 3268760, 5311735, 8436285, 13123110, 20030010, 30045015, 44352165, 64512240, 92561040, 131128140, 183579396, 254186856, 348330136, 472733756, 635745396"
A158416,sub mul x_0_2 INT+ 2 x_0_4,((x_0_2 mul 2) sub x_0_4),"1, 1, 2, 1, 3, 1, 4, 1, 5, 1, 6, 1, 7, 1, 8, 1, 9, 1, 10, 1, 11, 1, 12, 1, 13, 1, 14, 1, 15, 1, 16, 1, 17, 1, 18, 1, 19, 1, 20, 1, 21, 1, 22, 1, 23, 1, 24, 1, 25, 1, 26, 1, 27, 1, 28, 1, 29, 1, 30, 1, 31, 1, 32, 1, 33, 1, 34, 1, 35, 1, 36, 1, 37, 1, 38, 1, 39, 1, 40, 1, 41, 1, 42, 1, 43, 1, 44, 1"
A307832,relu sign mod n sub x_0_6 INT+ 6,relu(sign((n mod (x_0_6 sub 6)))),"2, 0, 1, 0, 0, 0, 0, 0, 0, 0, 0, 1, 0, 0, 0, 0, 0, 0, 0, 0"
A090965,mul INT+ 4 sub add x_0_1 x_0_1 x_0_2,(4 mul ((x_0_1 add x_0_1) sub x_0_2)),"1, 4, 28, 208, 1552, 11584, 86464, 645376, 4817152, 35955712, 268377088, 2003193856, 14952042496, 111603564544, 833020346368, 6217748512768, 46409906716672, 346408259682304, 2585626450591744, 19299378566004736"
A296876,add n mul idiv x_0_1 sqr INT- 8 INT+ 7,(n add ((x_0_1 idiv (-8)**2) mul 7)),"1, 2, 3, 4, 5, 6, 7, 8, 9, 10, 11, 12, 13, 14, 15, 16, 17, 18, 19, 20, 21, 22, 23, 24, 25, 26, 27, 28, 29, 30, 31, 32, 33, 34, 35, 36, 37, 38, 39, 40, 41, 42, 43, 44, 45, 46, 47, 48, 49, 50, 51, 52, 53, 54, 55, 56, 57, 58, 59, 60, 61, 62, 63, 64, 72, 73, 74"
A082369,add mul INT+ 1 0 INT+ 3 x_0_1,((10 mul 3) add x_0_1),"13, 43, 73, 103, 133, 163, 193, 223, 253, 283, 313, 343, 373, 403, 433, 463, 493, 523, 553, 583, 613, 643, 673, 703, 733, 763, 793, 823, 853, 883, 913, 943, 973, 1003, 1033, 1063, 1093, 1123, 1153, 1183, 1213, 1243, 1273, 1303, 1333, 1363, 1393, 1423, 1453"
A132805,add mul INT+ 7 add x_0_1 x_0_2 x_0_2,((7 mul (x_0_1 add x_0_2)) add x_0_2),"0, 3, 21, 171, 1365, 10923, 87381, 699051, 5592405, 44739243, 357913941, 2863311531, 22906492245, 183251937963, 1466015503701, 11728124029611, 93824992236885, 750599937895083, 6004799503160661, 48038396025285291, 384307168202282325, 3074457345618258603"
A176446,add mul x_0_1 mul INT+ 1 0 add x_0_1 x_0_1 x_0_1,((x_0_1 mul (10 mul (x_0_1 add x_0_1))) add x_0_1),"1, 21, 8841, 1563274461, 48876540809860084881, 47778324830758366441099687810020355768101, 45655366472669229704532780257129479597227844595083706917185803648786109654138692121"
A134401,mul INT+ 4 sub x_0_1 mul x_0_2 sign x_0_3,(4 mul (x_0_1 sub (x_0_2 mul sign(x_0_3)))),"1, 2, 8, 24, 64, 160, 384, 896, 2048, 4608, 10240, 22528, 49152, 106496, 229376, 491520, 1048576, 2228224, 4718592, 9961472, 20971520, 44040192, 92274688, 192937984, 402653184, 838860800, 1744830464, 3623878656, 7516192768"
A199112,sub mul x_0_1 INT+ 3 INT+ 2,((x_0_1 mul 3) sub 2),"11, 31, 91, 271, 811, 2431, 7291, 21871, 65611, 196831, 590491, 1771471, 5314411, 15943231, 47829691, 143489071, 430467211, 1291401631, 3874204891, 11622614671, 34867844011, 104603532031, 313810596091, 941431788271, 2824295364811"
A153773,add mul INT+ 3 sub x_0_1 x_0_3 x_0_2,((3 mul (x_0_1 sub x_0_3)) add x_0_2),"1, 2, 6, 17, 51, 152, 456, 1367, 4101, 12302, 36906, 110717, 332151, 996452, 2989356, 8968067, 26904201, 80712602, 242137806, 726413417, 2179240251, 6537720752, 19613162256, 58839486767, 176518460301, 529555380902, 1588666142706, 4765998428117, 14297995284351"
A089181,add x_0_1 add x_0_1 mul INT- 7 x_0_2,(x_0_1 add (x_0_1 add (-7 mul x_0_2))),"1, 2, -3, -20, -19, 102, 337, -40, -2439, -4598, 7877, 47940, 40741, -254098, -793383, 191920, 5937521, 10531602, -20499443, -114720100, -85944099, 631152502, 1863913697, -690240120, -14427876119, -24024071398, 52946990037, 274062479860, 177496029461"
A199211,sub mul x_0_1 INT+ 4 INT+ 3,((x_0_1 mul 4) sub 3),"12, 45, 177, 705, 2817, 11265, 45057, 180225, 720897, 2883585, 11534337, 46137345, 184549377, 738197505, 2952790017, 11811160065, 47244640257, 188978561025, 755914244097, 3023656976385, 12094627905537, 48378511622145"
A347511,sub x_0_2 sub mul INT- 6 x_0_1 n,(x_0_2 sub ((-6 mul x_0_1) sub n)),"4, 8, 55"
A067273,mul add INT- 1 n sub add x_0_1 x_0_1 INT- 1,((-1 add n) mul ((x_0_1 add x_0_1) sub -1)),"0, 1, 6, 39, 316, 3165, 37986, 531811, 8508984, 153161721, 3063234430, 67391157471, 1617387779316, 42052082262229, 1177458303342426, 35323749100272795, 1130359971208729456, 38432239021096801521"
A037486,sub mul x_0_1 INT+ 9 mod x_0_1 INT- 3,((x_0_1 mul 9) sub (x_0_1 mod -3)),"1, 11, 100, 902, 8119, 73073, 657658, 5918924, 53270317, 479432855, 4314895696, 38834061266, 349506551395, 3145558962557, 28310030663014, 254790275967128, 2293112483704153"
A072042,mul add x_0_1 idiv x_0_1 sub n INT+ 2 x_0_2,((x_0_1 add (x_0_1 idiv (n sub 2))) mul x_0_2),"1, 1, 2, 3, 8, 30, 288, 10080, 3317760, 37623398400, 138694895861760000, 5739990655358858585702400000, 868480806755424464755519466250436608000000000"
A166920,add add add x_0_1 x_0_2 sign n x_0_2,(((x_0_1 add x_0_2) add sign(n)) add x_0_2),"0, 2, 3, 8, 15, 32, 63, 128, 255, 512, 1023, 2048, 4095, 8192, 16383, 32768, 65535, 131072, 262143, 524288, 1048575, 2097152, 4194303, 8388608, 16777215, 33554432, 67108863, 134217728, 268435455, 536870912, 1073741823, 2147483648, 4294967295"
A056953,add x_0_1 mul idiv sub n sign n INT+ 2 x_0_2,(x_0_1 add (((n sub sign(n)) idiv 2) mul x_0_2)),"1, 1, 2, 3, 7, 13, 34, 73, 209, 501, 1546, 4051, 13327, 37633, 130922, 394353, 1441729, 4596553, 17572114, 58941091, 234662231, 824073141, 3405357682, 12470162233, 53334454417, 202976401213, 896324308634, 3535017524403, 16083557845279, 65573803186921"
A006228,add mul sqr sub n INT+ 3 x_0_2 x_0_2,((((n sub 3))**2 mul x_0_2) add x_0_2),"1, 1, 1, 2, 5, 20, 85, 520, 3145, 26000, 204425, 2132000, 20646925, 260104000, 2993804125, 44217680000, 589779412625, 9993195680000, 151573309044625, 2898026747200000, 49261325439503125, 1049085682486400000, 19753791501240753125, 463695871658988800000"
A219054,add x_0_1 add sqr add n sub n sign n n,(x_0_1 add (((n add (n sub sign(n))))**2 add n)),"2, 13, 41, 94, 180, 307, 483, 716, 1014, 1385, 1837, 2378, 3016, 3759, 4615, 5592, 6698, 7941, 9329, 10870, 12572, 14443, 16491, 18724, 21150, 23777, 26613, 29666, 32944, 36455, 40207, 44208, 48466, 52989, 57785, 62862, 68228, 73891, 79859, 86140, 92742"
A214813,add INT+ 6 mul x_0_2 sign x_0_6,(6 add (x_0_2 mul sign(x_0_6))),"0, 1, 3, 6, 9, 12, 15, 18, 21"
A147630,mul x_0_1 add idiv x_0_1 x_0_2 INT+ 9,(x_0_1 mul ((x_0_1 idiv x_0_2) add 9)),"1, 6, 90, 2160, 71280, 2993760, 152681760, 9160905600, 632102486400, 49303993939200, 4289447472710400, 411786957380198400, 43237630524920832000, 4929089879840974848000, 606278055220439906304000, 80028703289098067632128000, 11284047163762827536130048000"
A089418,idiv x_0_6 n,(x_0_6 idiv n),"1, 1, 0, 1, 4, 0, 0, 0, 0, 0, 0, 0, 0, 0, 0, 0, 0, 0, 0, 0, 0"
A163810,idiv x_0_3 sign sub x_0_6 n,(x_0_3 idiv sign((x_0_6 sub n))),"1, -1, -1, 0, 1, 1, 0, -1, -1, 0, 1, 1, 0, -1, -1, 0, 1, 1, 0, -1, -1, 0, 1, 1, 0, -1, -1, 0, 1, 1, 0, -1, -1, 0, 1, 1, 0, -1, -1, 0, 1, 1, 0, -1, -1, 0, 1, 1, 0, -1, -1, 0, 1, 1, 0, -1, -1, 0, 1, 1, 0, -1, -1, 0, 1, 1, 0, -1, -1, 0, 1, 1, 0, -1, -1, 0, 1, 1, 0, -1, -1, 0, 1, 1, 0, -1, -1, 0, 1, 1, 0, -1, -1, 0, 1, 1, 0, -1, -1, 0, 1, 1, 0, -1, -1"
A218744,add mul x_0_1 sub sqr INT+ 7 INT+ 8 sign n,((x_0_1 mul ((7)**2 sub 8)) add sign(n)),"0, 1, 42, 1723, 70644, 2896405, 118752606, 4868856847, 199623130728, 8184548359849, 335566482753810, 13758225792906211, 564087257509154652, 23127577557875340733, 948230679872888970054, 38877457874788447772215"
A097653,idiv add sqr INT+ 1 0 INT+ 7 x_0_3,(((10)**2 add 7) idiv x_0_3),"1, 2, 3, 107"
A161816,add x_0_1 mod x_0_1 mul n x_0_3,(x_0_1 add (x_0_1 mod (n mul x_0_3))),"1, 2, 4, 4, 8, 16, 32, 64, 128, 256, 512, 1024, 2048, 4096, 8192, 16384, 32768, 65536, 131072"
A281576,add sign n sqr mod sign sub n INT+ 1 0 x_0_1,(sign(n) add ((sign((n sub 10)) mod x_0_1))**2),"4294967297, 18446744073709551617, 340282366920938463463374607431768211457, 115792089237316195423570985008687907853269984665640564039457584007913129639937"
A013833,mul sqr sqr INT+ 8 idiv x_0_1 INT+ 4,(((8)**2)**2 mul (x_0_1 idiv 4)),"256, 262144, 268435456, 274877906944, 281474976710656, 288230376151711744, 295147905179352825856, 302231454903657293676544, 309485009821345068724781056, 316912650057057350374175801344, 324518553658426726783156020576256"
A170740,add idiv x_0_6 x_0_1 mul INT+ 1 0 add x_0_1 x_0_1,((x_0_6 idiv x_0_1) add (10 mul (x_0_1 add x_0_1))),"1, 21, 420, 8400, 168000, 3360000, 67200000, 1344000000, 26880000000, 537600000000, 10752000000000, 215040000000000, 4300800000000000, 86016000000000000, 1720320000000000000, 34406400000000000000, 688128000000000000000, 13762560000000000000000, 275251200000000000000000"
A100523,add INT- 2 sqr add x_0_1 idiv x_0_1 x_0_1,(-2 add ((x_0_1 add (x_0_1 idiv x_0_1)))**2),"1, 2, 7, 62, 3967, 15745022, 247905749270527, 61457260521381894004129398782, 3776994870793005510047522464634252677140721938309041881087"
A083425,add mul add x_0_1 x_0_2 INT+ 4 x_0_2,(((x_0_1 add x_0_2) mul 4) add x_0_2),"1, 4, 21, 104, 521, 2604, 13021, 65104, 325521, 1627604, 8138021, 40690104, 203450521, 1017252604, 5086263021, 25431315104, 127156575521, 635782877604, 3178914388021, 15894571940104, 79472859700521, 397364298502604, 1986821492513021, 9934107462565104"
A218722,add mul INT+ 9 add x_0_1 x_0_1 add sign n x_0_1,((9 mul (x_0_1 add x_0_1)) add (sign(n) add x_0_1)),"0, 1, 20, 381, 7240, 137561, 2613660, 49659541, 943531280, 17927094321, 340614792100, 6471681049901, 122961939948120, 2336276859014281, 44389260321271340, 843395946104155461, 16024522975978953760, 304465936543600121441"
A098297,sub mul INT+ 1 0 x_0_1 add x_0_2 INT- 2,((10 mul x_0_1) sub (x_0_2 add -2)),"0, 1, 12, 121, 1200, 11881, 117612, 1164241, 11524800, 114083761, 1129312812, 11179044361, 110661130800, 1095432263641, 10843661505612, 107341182792481, 1062568166419200, 10518340481399521, 104120836647576012"
A067415,mul sqr INT- 4 mul x_0_1 sign x_0_3,((-4)**2 mul (x_0_1 mul sign(x_0_3))),"1, 9, 144, 2304, 36864, 589824, 9437184, 150994944, 2415919104, 38654705664, 618475290624, 9895604649984, 158329674399744, 2533274790395904, 40532396646334464, 648518346341351424"
A055995,add mul x_0_1 INT+ 9 idiv sign n x_0_2,((x_0_1 mul 9) add (sign(n) idiv x_0_2)),"1, 7, 64, 576, 5184, 46656, 419904, 3779136, 34012224, 306110016, 2754990144, 24794911296, 223154201664, 2008387814976, 18075490334784, 162679413013056, 1464114717117504, 13177032454057536, 118593292086517824"
A059918,mul add sign n x_0_1 add x_0_1 x_0_1,((sign(n) add x_0_1) mul (x_0_1 add x_0_1)),"1, 4, 40, 3280, 21523360, 926510094425920, 1716841910146256242328924544640, 5895092288869291585760436430706259332839105796137920554548480"
A112091,add mul INT+ 5 sub x_0_1 x_0_2 sign n,((5 mul (x_0_1 sub x_0_2)) add sign(n)),"1, 2, 6, 21, 76, 276, 1001, 3626, 13126, 47501, 171876, 621876, 2250001, 8140626, 29453126, 106562501, 385546876, 1394921876, 5046875001, 18259765626, 66064453126, 239023437501, 864794921876, 3128857421876, 11320312500001"
A100109,sub mul sqr sub n sign n n add n INT- 2,((((n sub sign(n)))**2 mul n) sub (n add -2)),"1, 2, 11, 34, 77, 146, 247, 386, 569, 802, 1091, 1442, 1861, 2354, 2927, 3586, 4337, 5186, 6139, 7202, 8381, 9682, 11111, 12674, 14377, 16226, 18227, 20386, 22709, 25202, 27871, 30722, 33761, 36994, 40427, 44066, 47917, 51986, 56279, 60802, 65561, 70562"
A036545,add x_0_1 mul INT+ 3 sub x_0_1 x_0_2,(x_0_1 add (3 mul (x_0_1 sub x_0_2))),"1, 17, 65, 209, 641, 1937, 5825, 17489, 52481, 157457, 472385, 1417169, 4251521, 12754577, 38263745, 114791249, 344373761, 1033121297, 3099363905, 9298091729, 27894275201, 83682825617, 251048476865, 753145430609"
A192964,add x_0_1 add add n add n INT- 4 x_0_2,(x_0_1 add ((n add (n add -4)) add x_0_2)),"1, 0, 3, 7, 16, 31, 57, 100, 171, 287, 476, 783, 1281, 2088, 3395, 5511, 8936, 14479, 23449, 37964, 61451, 99455, 160948, 260447, 421441, 681936, 1103427, 1785415, 2888896, 4674367, 7563321, 12237748, 19801131, 32038943, 51840140, 83879151"
A110288,mul x_0_1 INT+ 2,(x_0_1 mul 2),"19, 38, 76, 152, 304, 608, 1216, 2432, 4864, 9728, 19456, 38912, 77824, 155648, 311296, 622592, 1245184, 2490368, 4980736, 9961472, 19922944, 39845888, 79691776, 159383552, 318767104, 637534208, 1275068416, 2550136832, 5100273664, 10200547328, 20401094656"
A002535,add mul x_0_2 INT+ 9 add x_0_1 x_0_1,((x_0_2 mul 9) add (x_0_1 add x_0_1)),"1, 1, 11, 31, 161, 601, 2651, 10711, 45281, 186961, 781451, 3245551, 13524161, 56258281, 234234011, 974792551, 4057691201, 16888515361, 70296251531, 292589141311, 1217844546401, 5068991364601, 21098583646811, 87818089575031, 365523431971361, 1521409670118001, 6332530227978251"
A141694,mod INT- 1 0 mul add n n sub INT+ 1 0 INT- 1,(-10 mod ((n add n) mul (10 sub -1))),"12, 34, 56, 78, 100, 122, 144, 166, 188, 210, 232, 254, 276, 298, 320, 342, 364, 386, 408, 430, 452, 474, 496, 518, 540, 562, 584, 606, 628, 650, 672, 694, 716, 738, 760, 782, 804, 826, 848, 870, 892, 914, 936, 958, 980, 1002, 1024, 1046, 1068, 1090, 1112"
A261722,sub mul INT+ 4 x_0_1 add x_0_2 INT+ 2,((4 mul x_0_1) sub (x_0_2 add 2)),"1, 7, 25, 91"
A307808,idiv x_0_6 n,(x_0_6 idiv n),"3, 0, 1, 1, 0, 0, 0, 0, 0, 0, 0, 0, 0, 0, 0, 0, 0, 0, 0, 0, 0, 0"
A093353,mul idiv n INT- 2 sub INT- 1 n,((n idiv -2) mul (-1 sub n)),"2, 3, 8, 10, 18, 21, 32, 36, 50, 55, 72, 78, 98, 105, 128, 136, 162, 171, 200, 210, 242, 253, 288, 300, 338, 351, 392, 406, 450, 465, 512, 528, 578, 595, 648, 666, 722, 741, 800, 820, 882, 903, 968, 990, 1058, 1081, 1152, 1176, 1250, 1275, 1352, 1378, 1458"
A038123,idiv mul INT+ 7 mul INT+ 8 n sub INT+ 1 0 INT- 2,((7 mul (8 mul n)) idiv (10 sub -2)),"4, 9, 14, 18, 23, 28, 32, 37, 42, 46, 51, 56, 60, 65, 70, 74, 79, 84, 88, 93, 98, 102, 107, 112, 116, 121, 126, 130, 135, 140, 144, 149, 154, 158, 163, 168, 172, 177, 182, 186, 191, 196, 200, 205, 210, 214, 219, 224, 228, 233, 238, 242, 247, 252, 256, 261, 266"
A304826,add sqr INT- 4 mul x_0_1 INT+ 7,((-4)**2 add (x_0_1 mul 7)),"8, 72, 520, 3656, 25608, 179272, 1254920, 8784456, 61491208, 430438472, 3013069320, 21091485256, 147640396808, 1033482777672, 7234379443720, 50640656106056, 354484592742408, 2481392149196872, 17369745044378120, 121588215310646856, 851117507174528008, 5957822550221696072"
A023365,mul sqr add idiv n INT+ 9 x_0_1 x_0_1,((((n idiv 9) add x_0_1))**2 mul x_0_1),"2, 8, 512, 134217728, 2417851639229258349412352, 14134776518227074636666380005943348126619871175004951664972849610340958208"
A170768,mul x_0_1 sub sqr INT- 7 mod sign n x_0_1,(x_0_1 mul ((-7)**2 sub (sign(n) mod x_0_1))),"1, 49, 2352, 112896, 5419008, 260112384, 12485394432, 599298932736, 28766348771328, 1380784741023744, 66277667569139712, 3181328043318706176, 152703746079297896448, 7329779811806299029504, 351829430966702353416192, 16887812686401712963977216"
A265948,add mul sqr INT- 5 INT+ 4 x_0_1,(((-5)**2 mul 4) add x_0_1),"12, 112, 212, 312, 412, 512, 612, 712, 812, 912, 1012, 1112, 1212, 1312, 1412, 1512, 1612, 1712, 1812, 1912, 2012, 2112, 2212, 2312, 2412, 2512, 2612, 2712, 2812, 2912, 3012, 3112, 3212, 3312, 3412, 3512, 3612, 3712, 3812, 3912, 4012, 4112, 4212, 4312, 4412"
A199415,sub mul x_0_1 INT+ 6 INT+ 5,((x_0_1 mul 6) sub 5),"12, 67, 397, 2377, 14257, 85537, 513217, 3079297, 18475777, 110854657, 665127937, 3990767617, 23944605697, 143667634177, 862005805057, 5172034830337, 31032208982017, 186193253892097, 1117159523352577, 6702957140115457, 40217742840692737"
A199316,add mul x_0_1 INT+ 5 INT- 4,((x_0_1 mul 5) add -4),"12, 56, 276, 1376, 6876, 34376, 171876, 859376, 4296876, 21484376, 107421876, 537109376, 2685546876, 13427734376, 67138671876, 335693359376, 1678466796876, 8392333984376, 41961669921876, 209808349609376, 1049041748046876"
A132767,mul add n mul INT+ 3 INT+ 8 sub n sign n,((n add (3 mul 8)) mul (n sub sign(n))),"0, 26, 54, 84, 116, 150, 186, 224, 264, 306, 350, 396, 444, 494, 546, 600, 656, 714, 774, 836, 900, 966, 1034, 1104, 1176, 1250, 1326, 1404, 1484, 1566, 1650, 1736, 1824, 1914, 2006, 2100, 2196, 2294, 2394, 2496, 2600, 2706, 2814, 2924, 3036, 3150, 3266, 3384"
A054477,sub mul INT+ 5 x_0_1 x_0_2,((5 mul x_0_1) sub x_0_2),"1, 13, 64, 307, 1471, 7048, 33769, 161797, 775216, 3714283, 17796199, 85266712, 408537361, 1957420093, 9378563104, 44935395427, 215298414031, 1031556674728, 4942484959609, 23680868123317, 113461855656976, 543628410161563, 2604680195150839, 12479772565592632"
A179092,add mul x_0_1 add idiv n INT- 7 x_0_1 INT+ 1,((x_0_1 mul ((n idiv -7) add x_0_1)) add 1),"16, 241, 57841, 3345523441, 11192527090934957041, 125272662681312932108439098957580518641, 15693240015266013784686188640793618219085803766811358216456462217808967968241"
A048480,add mul INT+ 4 sub x_0_1 x_0_2 sign n,((4 mul (x_0_1 sub x_0_2)) add sign(n)),"1, 10, 37, 109, 289, 721, 1729, 4033, 9217, 20737, 46081, 101377, 221185, 479233, 1032193, 2211841, 4718593, 10027009, 21233665, 44826625, 94371841, 198180865, 415236097, 868220929, 1811939329, 3774873601, 7851737089, 16307453953, 33822867457, 70061654017"
A281546,add mul INT+ 9 INT+ 3 x_0_1,((9 mul 3) add x_0_1),"2, 29, 56, 83, 110, 137, 164, 191, 218, 245, 272, 299, 326, 353, 380, 407, 434, 461, 488, 515, 542, 569, 596, 623, 650, 677, 704, 731, 758, 785, 812, 839, 866, 893, 920, 947, 974, 1001, 1028, 1055, 1082, 1109, 1136, 1163, 1190, 1217, 1244, 1271, 1298, 1325, 1352, 1379, 1406, 1433"
A007070,mul add x_0_1 sub x_0_1 x_0_2 INT+ 2,((x_0_1 add (x_0_1 sub x_0_2)) mul 2),"1, 4, 14, 48, 164, 560, 1912, 6528, 22288, 76096, 259808, 887040, 3028544, 10340096, 35303296, 120532992, 411525376, 1405035520, 4797091328, 16378294272, 55918994432, 190919389184, 651839567872"
A244750,mul INT+ 4 mul x_0_2 sign x_0_6,(4 mul (x_0_2 mul sign(x_0_6))),"0, 2, 3, 4, 8, 16, 32, 64, 128, 256, 512, 1024, 2048, 4096, 8192, 16384, 32768, 65536, 131072, 262144"
A195317,add x_0_1 mul mul INT- 8 INT- 5 sub n sign n,(x_0_1 add ((-8 mul -5) mul (n sub sign(n)))),"1, 41, 121, 241, 401, 601, 841, 1121, 1441, 1801, 2201, 2641, 3121, 3641, 4201, 4801, 5441, 6121, 6841, 7601, 8401, 9241, 10121, 11041, 12001, 13001, 14041, 15121, 16241, 17401, 18601, 19841, 21121, 22441, 23801, 25201, 26641, 28121, 29641, 31201, 32801"
A319767,mod INT- 7 mul mul INT+ 4 x_0_1 sub n sign x_0_1,(-7 mod ((4 mul x_0_1) mul (n sub sign(x_0_1)))),"1, 1, 1, 5, 73"
A163985,add INT+ 4 mul sign x_0_6 x_0_2,(4 add (sign(x_0_6) mul x_0_2)),"0, 1, 2, 5, 7, 9, 11, 13, 15, 17, 19, 21, 23, 25, 27, 29, 31, 33, 35, 37, 39, 41, 43, 45, 47, 49, 51, 53, 55, 57, 59, 61, 63, 65, 67, 69, 71, 73, 75, 77, 79, 81, 83, 85, 87, 89, 91, 93, 95, 97, 99, 101, 103, 105, 107, 109, 111, 113"
A016061,add x_0_1 mul add n add n INT- 1 sub n sign n,(x_0_1 add ((n add (n add -1)) mul (n sub sign(n)))),"0, 3, 13, 34, 70, 125, 203, 308, 444, 615, 825, 1078, 1378, 1729, 2135, 2600, 3128, 3723, 4389, 5130, 5950, 6853, 7843, 8924, 10100, 11375, 12753, 14238, 15834, 17545, 19375, 21328, 23408, 25619, 27965, 30450, 33078, 35853, 38779, 41860"
A190871,mul sub x_0_2 x_0_1 sub INT- 7 INT+ 4,((x_0_2 sub x_0_1) mul (-7 sub 4)),"0, 1, 11, 110, 1089, 10769, 106480, 1052821, 10409751, 102926230, 1017681269, 10062305429, 99490865760, 983714163641, 9726456276691, 96170163243550, 950880776635449, 9401816747310889, 92960295677429840, 919143268231308461, 9088012698092664831"
A073548,add mul INT+ 1 0 mod x_0_1 sqr x_0_1 INT+ 6,((10 mul (x_0_1 mod (x_0_1)**2)) add 6),"1, 6, 66, 666, 6666, 66666, 666666, 6666666, 66666666, 666666666, 6666666666, 66666666666, 666666666666, 6666666666666, 66666666666666, 666666666666666, 6666666666666666, 66666666666666666, 666666666666666666, 6666666666666666666, 66666666666666666666, 666666666666666666666, 6666666666666666666666, 66666666666666666666666"
A204687,mul sub mul x_0_1 INT+ 4 sign n x_0_1,(((x_0_1 mul 4) sub sign(n)) mul x_0_1),"1, 3, 33, 4323, 74748993, 22349647743307203, 1998027016999666984531472383425633, 15968447842642350164774423714587589071259011612916483703599782377123"
A027480,add mul INT+ 3 sqr sub n sign n x_0_2,((3 mul ((n sub sign(n)))**2) add x_0_2),"0, 3, 12, 30, 60, 105, 168, 252, 360, 495, 660, 858, 1092, 1365, 1680, 2040, 2448, 2907, 3420, 3990, 4620, 5313, 6072, 6900, 7800, 8775, 9828, 10962, 12180, 13485, 14880, 16368, 17952, 19635, 21420, 23310, 25308, 27417, 29640, 31980, 34440"
A064847,mul x_0_1 add idiv x_0_1 x_0_2 x_0_2,(x_0_1 mul ((x_0_1 idiv x_0_2) add x_0_2)),"1, 1, 2, 6, 30, 330, 13530, 5019630, 69777876630, 351229105131280530, 24509789089304573335878465330, 8608552999157278550998626549630446732052243030"
A026583,add mul x_0_2 INT+ 4 sub x_0_1 INT- 3,((x_0_2 mul 4) add (x_0_1 sub -3)),"1, 4, 11, 30, 77, 200, 511, 1314, 3361, 8620, 22067, 56550, 144821, 371024, 950311, 2434410, 6235657, 15973300, 40915931, 104809134, 268472861, 687709400, 1761600847, 4512438450, 11558841841, 29608595644, 75843963011"
A309779,mul x_0_1 INT+ 4,(x_0_1 mul 4),"25, 100, 400, 1600, 6400, 25600, 102400, 409600, 1638400, 6553600, 26214400, 104857600, 419430400, 1677721600, 6710886400, 26843545600, 107374182400, 429496729600, 1717986918400, 6871947673600, 27487790694400, 109951162777600, 439804651110400, 1759218604441600"
A123270,add x_0_1 mul INT+ 4 add x_0_2 x_0_1,(x_0_1 add (4 mul (x_0_2 add x_0_1))),"1, 1, 9, 49, 281, 1601, 9129, 52049, 296761, 1692001, 9647049, 55003249, 313604441, 1788035201, 10194593769, 58125109649, 331403923321, 1889520055201, 10773215969289, 61424160067249, 350213664213401, 1996764961336001"
A164016,add x_0_1 mul sqr INT- 6 sub n sign n,(x_0_1 add ((-6)**2 mul (n sub sign(n)))),"6, 42, 114, 222, 366, 546, 762, 1014, 1302, 1626, 1986, 2382, 2814, 3282, 3786, 4326, 4902, 5514, 6162, 6846, 7566, 8322, 9114, 9942, 10806, 11706, 12642, 13614, 14622, 15666, 16746, 17862, 19014, 20202, 21426, 22686, 23982, 25314"
A211547,sqr idiv sub INT+ 3 n INT+ 3,(((3 sub n) idiv 3))**2,"0, 0, 0, 1, 1, 1, 4, 4, 4, 9, 9, 9, 16, 16, 16, 25, 25, 25, 36, 36, 36, 49, 49, 49, 64, 64, 64, 81, 81, 81, 100, 100, 100, 121, 121, 121, 144, 144, 144, 169, 169, 169, 196, 196, 196, 225, 225, 225, 256, 256, 256, 289, 289, 289, 324, 324, 324, 361, 361, 361"
A000304,mul x_0_1 mod x_0_2 x_0_1,(x_0_1 mul (x_0_2 mod x_0_1)),"2, 3, 6, 18, 108, 1944, 209952, 408146688, 85691213438976, 34974584955819144511488, 2997014624388697307377363936018956288, 104819342594514896999066634490728502944926883876041385836544"
A170735,mul x_0_1 sub INT+ 1 0 mod x_0_1 INT- 7,(x_0_1 mul (10 sub (x_0_1 mod -7))),"1, 16, 240, 3600, 54000, 810000, 12150000, 182250000, 2733750000, 41006250000, 615093750000, 9226406250000, 138396093750000, 2075941406250000, 31139121093750000, 467086816406250000, 7006302246093750000, 105094533691406250000, 1576418005371093750000, 23646270080566406250000"
A190840,mul mul INT+ 4 add x_0_1 sign n x_0_1,((4 mul (x_0_1 add sign(n))) mul x_0_1),"1, 8, 288, 332928, 443365544448, 786292024016459316676608, 2473020588127600939387543243786675530709484249088"
A069506,add sign n mul mod INT+ 1 0 add n x_0_1 x_0_1,(sign(n) add ((10 mod (n add x_0_1)) mul x_0_1)),"2, 5, 11, 111, 1111, 11111, 111111, 1111111, 11111111, 111111111, 1111111111, 11111111111, 111111111111, 1111111111111, 11111111111111, 111111111111111, 1111111111111111, 11111111111111111, 111111111111111111"
A246030,add mul x_0_2 INT+ 8 add x_0_1 x_0_1,((x_0_2 mul 8) add (x_0_1 add x_0_1)),"1, 8, 24, 112, 416, 1728, 6784, 27392, 109056, 437248, 1746944, 6991872, 27959296, 111853568, 447381504, 1789591552, 7158235136, 28633202688, 114532286464, 458130194432, 1832518680576, 7330078916608, 29320307277824, 117281245888512, 469124949999616, 1876499867107328, 7505999334211584"
A158798,add mul x_0_2 sqr INT- 8 x_0_1,((x_0_2 mul (-8)**2) add x_0_1),"1, 8, 72, 584, 5192, 42568, 374856, 3099208, 27089992, 225439304, 1959198792, 16387314248, 141776036936, 1190564148808, 10264230512712, 86460336036424, 743371088849992, 6276832595181128, 53852582281580616, 455569868373172808, 3902135134394332232"
A145386,mul x_0_1 mod INT- 2 add add n x_0_1 n,(x_0_1 mul (-2 mod ((n add x_0_1) add n))),"1, 3, 21, 567, 326025, 106295560875, 11298746263006377496125, 127661667115800580590177504581888913674961375"
A328778,mul x_0_1 add INT+ 3 mod INT+ 4 x_0_1,(x_0_1 mul (3 add (4 mod x_0_1))),"1, 3, 12, 84, 588, 4116, 28812, 201684, 1411788, 9882516, 69177612, 484243284, 3389702988, 23727920916, 166095446412, 1162668124884, 8138676874188, 56970738119316, 398795166835212, 2791566167846484, 19540963174925388"
A170741,add mul x_0_1 mul INT+ 3 INT+ 7 idiv sign n x_0_1,((x_0_1 mul (3 mul 7)) add (sign(n) idiv x_0_1)),"1, 22, 462, 9702, 203742, 4278582, 89850222, 1886854662, 39623947902, 832102905942, 17474161024782, 366957381520422, 7706105011928862, 161828205250506102, 3398392310260628142, 71366238515473190982, 1498691008824937010622, 31472511185323677223062, 660922734891797221684302"
A170747,add mul x_0_1 mul INT+ 9 INT+ 3 idiv sign n x_0_1,((x_0_1 mul (9 mul 3)) add (sign(n) idiv x_0_1)),"1, 28, 756, 20412, 551124, 14880348, 401769396, 10847773692, 292889889684, 7908027021468, 213516729579636, 5764951698650172, 155653695863554644, 4202649788315975388, 113471544284531335476, 3063731695682346057852, 82720755783423343562004, 2233460406152430276174108"
A170744,add mul x_0_1 mul INT+ 3 INT+ 8 idiv sign n x_0_1,((x_0_1 mul (3 mul 8)) add (sign(n) idiv x_0_1)),"1, 25, 600, 14400, 345600, 8294400, 199065600, 4777574400, 114661785600, 2751882854400, 66045188505600, 1585084524134400, 38042028579225600, 913008685901414400, 21912208461633945600, 525893003079214694400, 12621432073901152665600, 302914369773627663974400"
A080930,idiv mul x_0_1 add add n n INT+ 6 n,((x_0_1 mul ((n add n) add 6)) idiv n),"1, 5, 20, 70, 224, 672, 1920, 5280, 14080, 36608, 93184, 232960, 573440, 1392640, 3342336, 7938048, 18677760, 43581440, 100925440, 232128512, 530579456, 1205862400, 2726297600, 6134169600, 13740539904, 30651973632, 68115496960"
A026097,sub mul x_0_1 INT+ 3 mod x_0_1 INT+ 8,((x_0_1 mul 3) sub (x_0_1 mod 8)),"1, 2, 4, 8, 24, 72, 216, 648, 1944, 5832, 17496, 52488, 157464, 472392, 1417176, 4251528, 12754584, 38263752, 114791256, 344373768, 1033121304, 3099363912, 9298091736, 27894275208, 83682825624, 251048476872, 753145430616, 2259436291848"
A017144,sqr sqr sqr mod INT- 2 mul INT+ 8 n,((((-2 mod (8 mul n)))**2)**2)**2,"1679616, 1475789056, 54875873536, 656100000000, 4347792138496, 20047612231936, 72301961339136, 218340105584896, 576480100000000, 1370114370683136, 2992179271065856, 6095689385410816, 11716593810022656"
A017024,sqr sqr sqr mod INT- 4 mul INT+ 7 n,((((-4 mod (7 mul n)))**2)**2)**2,"6561, 100000000, 6975757441, 110075314176, 852891037441, 4347792138496, 16815125390625, 53459728531456, 146830437604321, 360040606269696, 806460091894081, 1677721600000000, 3282116715437121, 6095689385410816"
A306276,add add x_0_2 x_0_3 x_0_4,((x_0_2 add x_0_3) add x_0_4),"1, 1, 1, 1, 3, 3, 5, 7, 11, 15, 23, 33, 49, 71, 105, 153, 225, 329, 483, 707, 1037, 1519, 2227, 3263, 4783, 7009, 10273, 15055, 22065, 32337, 47393, 69457, 101795, 149187, 218645, 320439, 469627, 688271, 1008711, 1478337, 2166609, 3175319, 4653657, 6820265"
A088650,mul INT+ 1 0 sign x_0_6,(10 mul sign(x_0_6)),"1, 2, 4, 4, 4, 4, 10, 10, 10, 10, 10, 10, 10, 10, 10, 10, 10, 10, 10, 10, 10, 10, 10, 10"
A294524,add n add x_0_6 INT+ 8,(n add (x_0_6 add 8)),"0, 1, 2, 3, 6, 7, 15"
A084240,sub mul x_0_1 INT- 5 mul INT+ 4 x_0_2,((x_0_1 mul -5) sub (4 mul x_0_2)),"1, 0, -4, 20, -84, 340, -1364, 5460, -21844, 87380, -349524, 1398100, -5592404, 22369620, -89478484, 357913940, -1431655764, 5726623060, -22906492244, 91625968980, -366503875924, 1466015503700, -5864062014804, 23456248059220, -93824992236884, 375299968947540"
A206444,add INT+ 1 mul INT+ 4 x_0_1,(1 add (4 mul x_0_1)),"13, 53, 213, 853, 3413, 13653, 54613, 218453, 873813, 3495253"
A198275,add x_0_1 add sub x_0_1 INT+ 6 INT+ 7,(x_0_1 add ((x_0_1 sub 6) add 7)),"16, 33, 67, 135, 271, 543, 1087, 2175, 4351, 8703, 17407, 34815, 69631, 139263, 278527, 557055, 1114111, 2228223, 4456447, 8912895, 17825791, 35651583, 71303167, 142606335, 285212671, 570425343, 1140850687, 2281701375, 4563402751, 9126805503, 18253611007"
A017228,sqr sqr sqr mod INT- 4 mul INT+ 9 n,((((-4 mod (9 mul n)))**2)**2)**2,"390625, 1475789056, 78310985281, 1099511627776, 7984925229121, 39062500000000, 146830437604321, 457163239653376, 1235736291547681, 2992179271065856, 6634204312890625, 13685690504052736, 26584441929064321"
A055596,mul add x_0_1 x_0_2 sub n sign x_0_2,((x_0_1 add x_0_2) mul (n sub sign(x_0_2))),"1, 0, 2, 6, 32, 190, 1332, 10654, 95888, 958878, 10547660, 126571918, 1645434936, 23036089102, 345541336532, 5528661384510, 93987243536672, 1691770383660094, 32143637289541788, 642872745790835758, 13500327661607550920, 297007208555366120238"
A173026,add INT- 4 mul mul n sub n sign x_0_2 INT+ 7,(-4 add ((n mul (n sub sign(x_0_2))) mul 7)),"1, 2, 38, 80"
A175135,add x_0_1 sub x_0_1 x_0_5,(x_0_1 add (x_0_1 sub x_0_5)),"1, 2, 5, 6, 7, 13"
A136308,mul add mul x_0_1 INT+ 9 INT+ 2 x_0_1,(((x_0_1 mul 9) add 2) mul x_0_1),"1, 11, 1111, 11111111, 1111111111111111, 11111111111111111111111111111111, 1111111111111111111111111111111111111111111111111111111111111111"
A037488,sub mul x_0_1 INT+ 3 mod x_0_1 INT- 3,((x_0_1 mul 3) sub (x_0_1 mod -3)),"2, 7, 23, 70, 212, 637, 1913, 5740, 17222, 51667, 155003, 465010, 1395032, 4185097, 12555293, 37665880, 112997642, 338992927, 1016978783, 3050936350, 9152809052, 27458427157, 82375281473, 247125844420, 741377533262"
A090017,mul INT+ 2 add x_0_2 add x_0_1 x_0_1,(2 mul (x_0_2 add (x_0_1 add x_0_1))),"0, 1, 4, 18, 80, 356, 1584, 7048, 31360, 139536, 620864, 2762528, 12291840, 54692416, 243353344, 1082798208, 4817899520, 21437194496, 95384577024, 424412697088, 1888419942400, 8402505163776, 37386860539904, 166352452487168"
A182435,sub mul x_0_1 INT+ 6 sub x_0_2 INT- 2,((x_0_1 mul 6) sub (x_0_2 sub -2)),"0, 1, 4, 21, 120, 697, 4060, 23661, 137904, 803761, 4684660, 27304197, 159140520, 927538921, 5406093004, 31509019101, 183648021600, 1070379110497, 6238626641380, 36361380737781, 211929657785304, 1235216565974041, 7199369738058940, 41961001862379597"
A001108,sub mul x_0_1 INT+ 6 add x_0_2 INT- 2,((x_0_1 mul 6) sub (x_0_2 add -2)),"0, 1, 8, 49, 288, 1681, 9800, 57121, 332928, 1940449, 11309768, 65918161, 384199200, 2239277041, 13051463048, 76069501249, 443365544448, 2584123765441, 15061377048200, 87784138523761, 511643454094368, 2982076586042449, 17380816062160328, 101302819786919521"
A190979,sub mul x_0_1 INT+ 9 add x_0_2 x_0_2,((x_0_1 mul 9) sub (x_0_2 add x_0_2)),"0, 1, 9, 79, 693, 6079, 53325, 467767, 4103253, 35993743, 315737181, 2769647143, 24295349925, 213118855039, 1869478995501, 16399073249431, 143852701253877, 1261876164786031, 11069180080566525, 97098868395526663, 851751455398606917, 7471565361796408927"
A046231,mod INT- 4 add mul x_0_1 INT+ 4 sign x_0_3,(-4 mod ((x_0_1 mul 4) add sign(x_0_3))),"0, 1, 5, 17, 65, 257, 1025, 4097, 16385, 65537, 262145, 1048577, 4194305, 16777217, 67108865, 268435457, 1073741825, 4294967297"
A083813,sub x_0_1 mul INT- 9 add INT+ 3 x_0_1,(x_0_1 sub (-9 mul (3 add x_0_1))),"27, 297, 2997, 29997, 299997, 2999997, 29999997, 299999997, 2999999997, 29999999997, 299999999997, 2999999999997, 29999999999997, 299999999999997"
A144744,mod sign sub n INT+ 1 0 sub sqr x_0_1 x_0_1,(sign((n sub 10)) mod ((x_0_1)**2 sub x_0_1)),"4, 11, 109, 11771, 138544669, 19194625169774891, 368433635408155743950638444286989, 135743343700069833946317076518699443524748244656296738254150399131"
A003010,mod sign sub n INT+ 1 0 sub sqr x_0_1 idiv x_0_1 x_0_1,(sign((n sub 10)) mod ((x_0_1)**2 sub (x_0_1 idiv x_0_1))),"4, 14, 194, 37634, 1416317954, 2005956546822746114, 4023861667741036022825635656102100994, 16191462721115671781777559070120513664958590125499158514329308740975788034"
A037485,add mul INT+ 8 x_0_1 mod x_0_2 INT+ 4,((8 mul x_0_1) add (x_0_2 mod 4)),"1, 10, 81, 650, 5201, 41610, 332881, 2663050, 21304401, 170435210, 1363481681, 10907853450, 87262827601, 698102620810, 5584820966481, 44678567731850, 357428541854801, 2859428334838410"
A032772,add mul x_0_2 INT+ 5 INT+ 1 0,((x_0_2 mul 5) add 10),"0, 5, 10, 35"
A037518,add mul x_0_1 INT+ 9 mod sub n INT- 4 INT+ 3,((x_0_1 mul 9) add ((n sub -4) mod 3)),"2, 18, 163, 1469, 13221, 118990, 1070912, 9638208, 86743873, 780694859, 7026253731, 63236283580, 569126552222, 5122138969998, 46099250729983, 414893256569849, 3734039309128641, 33606353782157770, 302457184039419932, 2722114656354779388"
A037491,sub mul x_0_1 INT+ 6 mod x_0_1 INT- 3,((x_0_1 mul 6) sub (x_0_1 mod -3)),"2, 13, 80, 481, 2888, 17329, 103976, 623857, 3743144, 22458865, 134753192, 808519153, 4851114920, 29106689521, 174640137128, 1047840822769, 6287044936616, 37722269619697, 226333617718184, 1358001706309105"
A015565,add mul INT+ 7 add x_0_1 x_0_2 x_0_2,((7 mul (x_0_1 add x_0_2)) add x_0_2),"0, 1, 7, 57, 455, 3641, 29127, 233017, 1864135, 14913081, 119304647, 954437177, 7635497415, 61083979321, 488671834567, 3909374676537, 31274997412295, 250199979298361, 2001599834386887, 16012798675095097, 128102389400760775"
A101946,add x_0_1 add add n add add n x_0_1 INT- 4 n,(x_0_1 add ((n add ((n add x_0_1) add -4)) add n)),"1, 4, 13, 34, 79, 172, 361, 742, 1507, 3040, 6109, 12250, 24535, 49108, 98257, 196558, 393163, 786376, 1572805, 3145666, 6291391, 12582844, 25165753, 50331574, 100663219, 201326512, 402653101, 805306282, 1610612647, 3221225380, 6442450849, 12884901790"
A051191,mul sqr x_0_1 INT+ 4,((x_0_1)**2 mul 4),"1, 4, 64, 16384, 1073741824, 4611686018427387904, 85070591730234615865843651857942052864, 28948022309329048855892746252171976963317496166410141009864396001978282409984"
A005898,mul add n sqr add n INT- 1 add add n n INT- 1,((n add ((n add -1))**2) mul ((n add n) add -1)),"1, 9, 35, 91, 189, 341, 559, 855, 1241, 1729, 2331, 3059, 3925, 4941, 6119, 7471, 9009, 10745, 12691, 14859, 17261, 19909, 22815, 25991, 29449, 33201, 37259, 41635, 46341, 51389, 56791, 62559, 68705, 75241, 82179, 89531, 97309, 105525, 114191, 123319, 132921"
A083858,mul INT+ 3 add x_0_1 add x_0_2 x_0_2,(3 mul (x_0_1 add (x_0_2 add x_0_2))),"0, 1, 3, 15, 63, 279, 1215, 5319, 23247, 101655, 444447, 1943271, 8496495, 37149111, 162426303, 710173575, 3105078543, 13576277079, 59359302495, 259535569959, 1134762524847, 4961500994295, 21693078131967, 94848240361671"
A329470,add sign n mul add x_0_1 x_0_1 x_0_1 x_0_2,(sign(n) add ((x_0_1 add x_0_1) mul x_0_1)),"1, 1, 3, 19, 723, 1045459, 2185969041363, 9556921299594946409795539, 182669489453303118864862198078197846848343568601043, 66736284754260838751569986258667504511444731209422184665239731909577328659648804587017101288201375699"
A164315,add x_0_1 sub x_0_2 x_0_4,(x_0_1 add (x_0_2 sub x_0_4)),"1, 2, 4, 6, 9, 13, 18, 25, 34, 46, 62, 83, 111, 148, 197, 262, 348, 462, 613, 813, 1078, 1429, 1894, 2510, 3326, 4407, 5839, 7736, 10249, 13578, 17988, 23830, 31569, 41821, 55402, 73393, 97226, 128798, 170622, 226027, 299423, 396652, 525453, 696078, 922108"
A172160,sub mul INT+ 4 sub x_0_1 x_0_2 idiv INT+ 3 n,((4 mul (x_0_1 sub x_0_2)) sub (3 idiv n)),"1, 2, 3, 4, 4, 0, -16, -64, -192, -512, -1280, -3072, -7168, -16384, -36864, -81920, -180224, -393216, -851968, -1835008, -3932160, -8388608, -17825792, -37748736, -79691776, -167772160, -352321536, -738197504, -1543503872, -3221225472, -6710886400"
A037494,sub mul INT+ 9 x_0_1 mod x_0_1 INT- 3,((9 mul x_0_1) sub (x_0_1 mod -3)),"2, 19, 173, 1558, 14024, 126217, 1135955, 10223596, 92012366, 828111295, 7453001657, 67077014914, 603693134228, 5433238208053, 48899143872479, 440092294852312, 3960830653670810"
A088305,sub mul x_0_1 INT+ 3 mod x_0_2 x_0_1,((x_0_1 mul 3) sub (x_0_2 mod x_0_1)),"1, 1, 3, 8, 21, 55, 144, 377, 987, 2584, 6765, 17711, 46368, 121393, 317811, 832040, 2178309, 5702887, 14930352, 39088169, 102334155, 267914296, 701408733, 1836311903, 4807526976, 12586269025, 32951280099, 86267571272, 225851433717"
A109543,add x_0_1 add x_0_3 x_0_5,(x_0_1 add (x_0_3 add x_0_5)),"1, 1, 1, 1, 1, 3, 5, 7, 11, 17, 27, 43, 67, 105, 165, 259, 407, 639, 1003, 1575, 2473, 3883, 6097, 9573, 15031, 23601, 37057, 58185, 91359, 143447, 225233, 353649, 555281, 871873, 1368969, 2149483, 3375005, 5299255, 8320611, 13064585, 20513323, 32208939"
A033143,add mul INT+ 7 x_0_1 mod add n x_0_2 INT+ 2,((7 mul x_0_1) add ((n add x_0_2) mod 2)),"1, 7, 49, 344, 2408, 16856, 117993, 825951, 5781657, 40471600, 283301200, 1983108400, 13881758801, 97172311607, 680206181249, 4761443268744, 33330102881208, 233310720168456, 1633175041179193, 11432225288254351, 80025577017780457, 560179039124463200, 3921253273871242400"
A033134,sub mul INT+ 7 x_0_1 idiv mod n INT- 3 n,((7 mul x_0_1) sub ((n mod -3) idiv n)),"1, 8, 56, 393, 2752, 19264, 134849, 943944, 6607608, 46253257, 323772800, 2266409600, 15864867201, 111054070408, 777378492856, 5441649449993, 38091546149952, 266640823049664, 1866485761347649, 13065400329433544, 91457802306034808, 640204616142243657"
A092809,add mul x_0_2 INT+ 4 sub sign n mod n INT+ 2,((x_0_2 mul 4) add (sign(n) sub (n mod 2))),"1, 1, 4, 5, 16, 21, 64, 85, 256, 341, 1024, 1365, 4096, 5461, 16384, 21845, 65536, 87381, 262144, 349525, 1048576, 1398101, 4194304, 5592405, 16777216, 22369621, 67108864, 89478485, 268435456, 357913941, 1073741824, 1431655765, 4294967296, 5726623061"
A125622,add add INT+ 4 x_0_1 mod add n x_0_2 INT+ 4,((4 add x_0_1) add ((n add x_0_2) mod 4)),"2, 5, 10, 15, 22"
A292412,sub mul INT+ 3 x_0_2 x_0_4,((3 mul x_0_2) sub x_0_4),"1, 1, 2, 4, 5, 11, 13, 29, 34, 76, 89, 199, 233, 521, 610, 1364, 1597, 3571, 4181, 9349, 10946, 24476, 28657, 64079, 75025, 167761, 196418, 439204, 514229, 1149851, 1346269, 3010349, 3524578, 7881196, 9227465, 20633239, 24157817, 54018521, 63245986, 141422324"
A168244,sub add x_0_1 x_0_1 add x_0_2 INT+ 4,((x_0_1 add x_0_1) sub (x_0_2 add 4)),"1, 2, -1, -8, -19, -34, -53, -76, -103, -134, -169, -208, -251, -298, -349, -404, -463, -526, -593, -664, -739, -818, -901, -988, -1079, -1174, -1273, -1376, -1483, -1594, -1709, -1828, -1951, -2078, -2209, -2344, -2483, -2626, -2773, -2924, -3079, -3238, -3401, -3568, -3739, -3914, -4093, -4276, -4463, -4654, -4849"
A158656,sub mul sqr mul n INT+ 3 INT+ 6 sign n,((((n mul 3))**2 mul 6) sub sign(n)),"53, 215, 485, 863, 1349, 1943, 2645, 3455, 4373, 5399, 6533, 7775, 9125, 10583, 12149, 13823, 15605, 17495, 19493, 21599, 23813, 26135, 28565, 31103, 33749, 36503, 39365, 42335, 45413, 48599, 51893, 55295, 58805, 62423, 66149, 69983, 73925, 77975, 82133, 86399"
A081009,sub mul x_0_1 INT+ 7 sub x_0_2 INT+ 5,((x_0_1 mul 7) sub (x_0_2 sub 5)),"1, 12, 88, 609, 4180, 28656, 196417, 1346268, 9227464, 63245985, 433494436, 2971215072, 20365011073, 139583862444, 956722026040, 6557470319841, 44945570212852, 308061521170128, 2111485077978049, 14472334024676220, 99194853094755496"
A271449,add sub x_0_1 INT- 6 x_0_5,((x_0_1 sub -6) add x_0_5),"0, 3, 6, 9, 12, 18"
A095002,sub mul INT+ 8 x_0_1 sub x_0_2 INT- 4,((8 mul x_0_1) sub (x_0_2 sub -4)),"1, 3, 19, 145, 1137, 8947, 70435, 554529, 4365793, 34371811, 270608691, 2130497713, 16773373009, 132056486355, 1039678517827, 8185371656257, 64443294732225, 507360986201539, 3994444594880083, 31448195772839121, 247591121587832881, 1949280776929823923"
A109501,sub mul INT+ 6 add x_0_2 x_0_1 x_0_1,((6 mul (x_0_2 add x_0_1)) sub x_0_1),"1, 0, 6, 30, 186, 1110, 6666, 39990, 239946, 1439670, 8638026, 51828150, 310968906, 1865813430, 11194880586, 67169283510, 403015701066, 2418094206390, 14508565238346, 87051391430070, 522308348580426"
A001040,add mul x_0_1 sub n INT+ 2 x_0_2,((x_0_1 mul (n sub 2)) add x_0_2),"0, 1, 1, 3, 10, 43, 225, 1393, 9976, 81201, 740785, 7489051, 83120346, 1004933203, 13147251985, 185066460993, 2789144166880, 44811373131073, 764582487395121, 13807296146243251, 263103209266016890, 5275871481466581051, 111056404320064218961, 2448516766522879398193"
A248720,mul mul n sqr sqr mul n add n INT- 1 add n INT- 1,((n mul (((n mul (n add -1)))**2)**2) mul (n add -1)),"0, 32, 7776, 248832, 3200000, 24300000, 130691232, 550731776, 1934917632, 5904900000, 16105100000, 40074642432, 92389579776, 199690286432, 408410100000, 796262400000, 1488827973632, 2682916351776, 4678757435232, 7923516800000, 13069123200000"
A063819,mul x_0_1 sub sqr INT+ 6 mod sign n x_0_1,(x_0_1 mul ((6)**2 sub (sign(n) mod x_0_1))),"1, 36, 1260, 44100, 1543500, 54022500, 1890787500, 66177562500, 2316214687500, 81067514062500, 2837362992187500, 99307704726562500, 3475769665429687500, 121651938290039062500, 4257817840151367187500, 149023624405297851562500"
A099214,mul INT+ 4 sub add x_0_1 x_0_3 x_0_2,(4 mul ((x_0_1 add x_0_3) sub x_0_2)),"1, 2, 4, 12, 40, 128, 400, 1248, 3904, 12224, 38272, 119808, 375040, 1174016, 3675136, 11504640, 36014080, 112738304, 352915456, 1104764928, 3458351104, 10826006528, 33889681408, 106088103936, 332097716224, 1039597174784"
A218734,add mul sqr INT+ 4 add x_0_1 x_0_1 sub sign n x_0_1,(((4)**2 mul (x_0_1 add x_0_1)) add (sign(n) sub x_0_1)),"0, 1, 32, 993, 30784, 954305, 29583456, 917087137, 28429701248, 881320738689, 27320942899360, 846949229880161, 26255426126284992, 813918209914834753, 25231464507359877344, 782175399728156197665, 24247437391572842127616, 751670559138758105956097"
A108204,mul sub n INT+ 2 add sub x_0_1 x_0_2 x_0_1,((n sub 2) mul ((x_0_1 sub x_0_2) add x_0_1)),"0, 1, 2, 6, 30, 216, 2010, 22824, 305466, 4704864, 81938358, 1591718520, 34116485502, 799695029808, 20348556463482, 558563850560184, 16451687169853290, 517516967826342336, 17315898224208133494"
A037763,add mul INT+ 9 x_0_1 mod sub n INT+ 2 INT+ 4,((9 mul x_0_1) add ((n sub 2) mod 4)),"3, 27, 244, 2198, 19785, 178065, 1602586, 14423276, 129809487, 1168285383, 10514568448, 94631116034, 851680044309, 7665120398781, 68986083589030, 620874752301272, 5587872770711451"
A074143,mul n mul n idiv x_0_1 sub n sign x_0_2,(n mul (n mul (x_0_1 idiv (n sub sign(x_0_2))))),"1, 2, 9, 48, 300, 2160, 17640, 161280, 1632960, 18144000, 219542400, 2874009600, 40475635200, 610248038400, 9807557760000, 167382319104000, 3023343138816000, 57621363351552000, 1155628453883904000, 24329020081766400000, 536454892802949120000"
A267682,add mod INT- 4 add x_0_1 add n n mod n INT+ 2,((-4 mod (x_0_1 add (n add n))) add (n mod 2)),"1, 1, 4, 8, 15, 23, 34, 46, 61, 77, 96, 116, 139, 163, 190, 218, 249, 281, 316, 352, 391, 431, 474, 518, 565, 613, 664, 716, 771, 827, 886, 946, 1009, 1073, 1140, 1208, 1279, 1351, 1426, 1502, 1581, 1661, 1744, 1828, 1915, 2003, 2094, 2186, 2281, 2377, 2476"
A069720,idiv mul x_0_1 add INT- 4 mul n INT+ 8 n,((x_0_1 mul (-4 add (n mul 8))) idiv n),"1, 6, 40, 280, 2016, 14784, 109824, 823680, 6223360, 47297536, 361181184, 2769055744, 21300428800, 164317593600, 1270722723840, 9848101109760, 76467608616960, 594748067020800, 4632774416793600, 36135640450990080, 282202144474398720, 2206307674981662720, 17266755717247795200"
A023038,sub mul INT+ 6 add x_0_1 x_0_1 x_0_2,((6 mul (x_0_1 add x_0_1)) sub x_0_2),"1, 6, 71, 846, 10081, 120126, 1431431, 17057046, 203253121, 2421980406, 28860511751, 343904160606, 4097989415521, 48831968825646, 581885636492231, 6933795669081126, 82623662392481281, 984550153040694246, 11731978174095849671, 139799187936109501806"
A158255,add mul n mul sqr INT- 6 INT+ 8 add n sign n,((n mul ((-6)**2 mul 8)) add (n add sign(n))),"290, 579, 868, 1157, 1446, 1735, 2024, 2313, 2602, 2891, 3180, 3469, 3758, 4047, 4336, 4625, 4914, 5203, 5492, 5781, 6070, 6359, 6648, 6937, 7226, 7515, 7804, 8093, 8382, 8671, 8960, 9249, 9538, 9827, 10116, 10405, 10694, 10983, 11272, 11561"
A090075,add sign x_0_6 INT+ 1 0,(sign(x_0_6) add 10),"11, 9, 8, 9, 12, 10, 11, 11, 11, 11, 11, 11, 11, 11, 11, 11, 11, 11, 11, 11, 11, 11, 11, 11, 11, 11"
A117441,idiv x_0_6 INT- 1,(x_0_6 idiv -1),"1, 1, 0, 1, -1, 0, -1, -1, 0, -1, 1, 0, 1, 1, 0, 1, -1, 0, -1, -1, 0, -1, 1, 0, 1, 1, 0, 1, -1, 0, -1, -1, 0, -1, 1, 0, 1, 1, 0, 1, -1, 0, -1, -1, 0, -1, 1, 0, 1, 1, 0, 1, -1, 0, -1, -1, 0, -1, 1, 0, 1, 1, 0, 1, -1, 0, -1, -1, 0, -1, 1, 0, 1, 1, 0, 1, -1, 0"
A037480,sub mul INT+ 3 x_0_1 mod x_0_1 INT- 3,((3 mul x_0_1) sub (x_0_1 mod -3)),"1, 5, 16, 50, 151, 455, 1366, 4100, 12301, 36905, 110716, 332150, 996451, 2989355, 8968066, 26904200, 80712601, 242137805, 726413416, 2179240250, 6537720751, 19613162255, 58839486766, 176518460300, 529555380901"
A017404,sqr sqr add mul INT- 1 0 sub sign n n n,((((-10 mul (sign(n) sub n)) add n))**2)**2,"1, 20736, 279841, 1336336, 4100625, 9834496, 20151121, 37015056, 62742241, 100000000, 151807041, 221533456, 312900721, 429981696, 577200625, 759333136, 981506241, 1249198336, 1568239201, 1944810000"
A122769,sub mul INT+ 7 add x_0_1 x_0_1 x_0_2,((7 mul (x_0_1 add x_0_1)) sub x_0_2),"1, 11, 153, 2131, 29681, 413403, 5757961, 80198051, 1117014753, 15558008491, 216695104121, 3018173449203, 42037733184721, 585510091136891, 8155103542731753, 113585939507107651, 1582048049556775361"
A004190,add mul x_0_1 INT+ 1 0 sub x_0_1 x_0_2,((x_0_1 mul 10) add (x_0_1 sub x_0_2)),"1, 11, 120, 1309, 14279, 155760, 1699081, 18534131, 202176360, 2205405829, 24057287759, 262424759520, 2862615066961, 31226340977051, 340627135680600, 3715672151509549, 40531766530924439, 442133759688659280"
A094259,sub mul INT+ 6 x_0_1 sub mul n INT+ 4 INT+ 5,((6 mul x_0_1) sub ((n mul 4) sub 5)),"1, 3, 11, 55, 315, 1871, 11203, 67191, 403115, 2418655, 14511891, 87071303, 522427771, 3134566575, 18807399395, 112844396311, 677066377803, 4062398266751, 24374389600435, 146246337602535, 877478025615131, 5264868153690703, 31589208922144131, 189535253532864695"
A015242,mul sqr add INT- 1 n add add INT- 9 n n,(((-1 add n))**2 mul ((-9 add n) add n)),"0, -5, -12, -9, 16, 75, 180, 343, 576, 891, 1300, 1815, 2448, 3211, 4116, 5175, 6400, 7803, 9396, 11191, 13200, 15435, 17908, 20631, 23616, 26875, 30420, 34263, 38416, 42891, 47700, 52855, 58368, 64251"
A102345,add mul x_0_2 INT+ 3 add x_0_1 x_0_1,((x_0_2 mul 3) add (x_0_1 add x_0_1)),"2, 2, 10, 26, 82, 242, 730, 2186, 6562, 19682, 59050, 177146, 531442, 1594322, 4782970, 14348906, 43046722, 129140162, 387420490, 1162261466, 3486784402, 10460353202, 31381059610, 94143178826, 282429536482, 847288609442"
A037552,add mul INT+ 3 x_0_1 mod add x_0_1 n INT+ 3,((3 mul x_0_1) add ((x_0_1 add n) mod 3)),"2, 7, 22, 68, 205, 616, 1850, 5551, 16654, 49964, 149893, 449680, 1349042, 4047127, 12141382, 36424148, 109272445, 327817336, 983452010, 2950356031, 8851068094, 26553204284, 79659612853, 238978838560, 716936515682"
A048467,add mul INT+ 4 sub x_0_1 x_0_2 INT- 5,((4 mul (x_0_1 sub x_0_2)) add -5),"1, 8, 23, 55, 123, 267, 571, 1211, 2555, 5371, 11259, 23547, 49147, 102395, 212987, 442363, 917499, 1900539, 3932155, 8126459, 16777211, 34603003, 71303163, 146800635, 301989883, 620756987, 1275068411, 2617245691"
A013810,mul x_0_1 sqr sqr sub INT+ 1 0 INT- 9,(x_0_1 mul (((10 sub -9))**2)**2),"19, 2476099, 322687697779, 42052983462257059, 5480386857784802185939, 714209495693373205673756419, 93076495688256089536609610280499, 12129821994589221844500501021364910179, 1580770532156861979997149793605296459437459"
A037483,sub mul x_0_1 INT+ 6 mod x_0_1 INT- 3,((x_0_1 mul 6) sub (x_0_1 mod -3)),"1, 8, 49, 296, 1777, 10664, 63985, 383912, 2303473, 13820840, 82925041, 497550248, 2985301489, 17911808936, 107470853617, 644825121704, 3868950730225, 23213704381352, 139282226288113, 835693357728680, 5014160146372081"
A082761,add mul INT+ 6 x_0_1 mul INT- 4 x_0_2,((6 mul x_0_1) add (-4 mul x_0_2)),"1, 4, 20, 104, 544, 2848, 14912, 78080, 408832, 2140672, 11208704, 58689536, 307302400, 1609056256, 8425127936, 44114542592, 230986743808, 1209462292480, 6332826779648, 33159111507968, 173623361929216, 909103725543424"
A122120,sub mul INT+ 4 x_0_1 mul INT- 9 x_0_2,((4 mul x_0_1) sub (-9 mul x_0_2)),"1, 3, 21, 111, 633, 3531, 19821, 111063, 622641, 3490131, 19564293, 109668351, 614752041, 3446023323, 19316861661, 108281656551, 606978381153, 3402448433571, 19072599164661, 106912432560783, 599303122725081"
A037744,add mul INT+ 4 x_0_1 mod sub n INT- 1 INT+ 4,((4 mul x_0_1) add ((n sub -1) mod 4)),"2, 11, 44, 177, 710, 2843, 11372, 45489, 181958, 727835, 2911340, 11645361, 46581446, 186325787, 745303148, 2981212593, 11924850374, 47699401499, 190797605996, 763190423985, 3052761695942, 12211046783771, 48844187135084"
A222335,mul x_0_1 add sqr INT+ 5 INT+ 6,(x_0_1 mul ((5)**2 add 6)),"6, 186, 5766, 178746, 5541126, 171774906, 5325022086, 165075684666, 5117346224646, 158637732964026, 4917769721884806, 152450861378428986, 4725976702731298566, 146505277784670255546, 4541663611324777921926"
A158253,sub mul sqr sub INT- 1 0 INT+ 7 n sign n,((((-10 sub 7))**2 mul n) sub sign(n)),"288, 577, 866, 1155, 1444, 1733, 2022, 2311, 2600, 2889, 3178, 3467, 3756, 4045, 4334, 4623, 4912, 5201, 5490, 5779, 6068, 6357, 6646, 6935, 7224, 7513, 7802, 8091, 8380, 8669, 8958, 9247, 9536, 9825, 10114, 10403, 10692, 10981, 11270, 11559"
A277980,mul add INT- 6 mul INT+ 6 n add add n n sign n,((-6 add (6 mul n)) mul ((n add n) add sign(n))),"0, 30, 84, 162, 264, 390, 540, 714, 912, 1134, 1380, 1650, 1944, 2262, 2604, 2970, 3360, 3774, 4212, 4674, 5160, 5670, 6204, 6762, 7344, 7950, 8580, 9234, 9912, 10614, 11340, 12090, 12864, 13662, 14484, 15330, 16200, 17094, 18012, 18954, 19920"
A250024,add mul INT+ 1 0 INT+ 4 x_0_1,((10 mul 4) add x_0_1),"19, 59, 99, 139, 179, 219, 259, 299, 339, 379, 419, 459, 499, 539, 579, 619, 659, 699, 739, 779, 819, 859, 899, 939, 979, 1019, 1059, 1099, 1139, 1179, 1219, 1259, 1299, 1339, 1379, 1419, 1459, 1499, 1539, 1579, 1619, 1659, 1699, 1739, 1779, 1819, 1859, 1899"
A189800,sub mul INT+ 6 x_0_1 mul INT- 8 x_0_2,((6 mul x_0_1) sub (-8 mul x_0_2)),"0, 1, 6, 44, 312, 2224, 15840, 112832, 803712, 5724928, 40779264, 290475008, 2069084160, 14738305024, 104982503424, 747801460736, 5326668791808, 37942424436736, 270267896954880, 1925146777223168, 13713023838978048, 97679317251653632, 695780094221746176"
A135032,sub mul INT+ 6 x_0_1 mul INT- 4 x_0_2,((6 mul x_0_1) sub (-4 mul x_0_2)),"0, 1, 6, 40, 264, 1744, 11520, 76096, 502656, 3320320, 21932544, 144876544, 956989440, 6321442816, 41756614656, 275825459200, 1821979213824, 12035177119744, 79498979573760, 525134585921536, 3468803433824256"
A170733,mul x_0_1 sub INT+ 9 mod x_0_1 INT- 6,(x_0_1 mul (9 sub (x_0_1 mod -6))),"1, 14, 182, 2366, 30758, 399854, 5198102, 67575326, 878479238, 11420230094, 148462991222, 1930018885886, 25090245516518, 326173191714734, 4240251492291542, 55123269399790046, 716602502197270598, 9315832528564517774, 121105822871338731062, 1574375697327403503806"
A254758,sub mul INT+ 6 x_0_1 x_0_2,((6 mul x_0_1) sub x_0_2),"1, 23, 137, 799, 4657, 27143, 158201, 922063, 5374177, 31322999, 182563817, 1064059903, 6201795601, 36146713703, 210678486617, 1227924205999, 7156866749377, 41713276290263, 243122790992201, 1417023469662943"
A013856,mul mul x_0_1 sqr sqr INT- 1 0 INT+ 1 0,((x_0_1 mul ((-10)**2)**2) mul 10),"1000, 100000000, 10000000000000, 1000000000000000000, 100000000000000000000000, 10000000000000000000000000000, 1000000000000000000000000000000000, 100000000000000000000000000000000000000, 10000000000000000000000000000000000000000000"
A013793,mul x_0_1 sqr sqr INT- 1 0,(x_0_1 mul ((-10)**2)**2),"1000, 10000000, 100000000000, 1000000000000000, 10000000000000000000, 100000000000000000000000, 1000000000000000000000000000, 10000000000000000000000000000000, 100000000000000000000000000000000000"
A304163,add mul n sub mul n INT+ 9 INT+ 3 sign n,((n mul ((n mul 9) sub 3)) add sign(n)),"7, 31, 73, 133, 211, 307, 421, 553, 703, 871, 1057, 1261, 1483, 1723, 1981, 2257, 2551, 2863, 3193, 3541, 3907, 4291, 4693, 5113, 5551, 6007, 6481, 6973, 7483, 8011, 8557, 9121, 9703, 10303, 10921, 11557, 12211, 12883, 13573, 14281"
A007655,sub mul INT+ 7 add x_0_1 x_0_1 x_0_2,((7 mul (x_0_1 add x_0_1)) sub x_0_2),"0, 1, 14, 195, 2716, 37829, 526890, 7338631, 102213944, 1423656585, 19828978246, 276182038859, 3846719565780, 53577891882061, 746243766783074, 10393834843080975, 144767444036350576, 2016350381665827089, 28084137899285228670, 391161580208327374291, 5448177985017298011404"
A088137,add mul x_0_3 INT- 6 x_0_2,((x_0_3 mul -6) add x_0_2),"0, 1, 2, 1, -4, -11, -10, 13, 56, 73, -22, -263, -460, -131, 1118, 2629, 1904, -4079, -13870, -15503, 10604, 67717, 103622, 4093, -302680, -617639, -327238, 1198441, 3378596, 3161869, -3812050, -17109707, -22783264, 5762593, 79874978, 142462177, 45299420, -336787691"
A178869,sub mul sub x_0_1 x_0_2 INT+ 9 x_0_2,(((x_0_1 sub x_0_2) mul 9) sub x_0_2),"0, 1, 9, 71, 549, 4231, 32589, 250991, 1933029, 14887351, 114655869, 883029311, 6800705109, 52376052871, 403377424749, 3106636294031, 23925952398789, 184267208648791, 1419145353851229, 10929636098173151, 84175271345046069"
A122747,mul sqr sub INT+ 6 mul n INT+ 4 x_0_1,(((6 sub (n mul 4)))**2 mul x_0_1),"1, 4, 144, 14400, 2822400, 914457600, 442597478400, 299195895398400, 269276305858560000, 311283409572495360000, 449493243422683299840000, 792906081397613340917760000, 1677789268237349829381980160000, 4194473170593374573454950400000000, 12231083765450280256194635366400000000"
A111566,mul INT+ 2 add x_0_1 sub x_0_1 x_0_2,(2 mul (x_0_1 add (x_0_1 sub x_0_2))),"1, 6, 22, 76, 260, 888, 3032, 10352, 35344, 120672, 412000, 1406656, 4802624, 16397184, 55983488, 191139584, 652591360, 2228086272, 7607162368, 25972476928, 88675582976, 302757378048, 1033678346240, 3529198628864"
A085600,sub INT+ 6 sign x_0_6,(6 sub sign(x_0_6)),"0, 0, 1, 3, 4, 5, 5, 5, 5, 5, 5, 5, 5, 5, 5, 5, 5, 5, 5, 5, 5, 5, 5, 5, 5, 5, 5"
A133586,sub mul x_0_2 INT+ 3 x_0_4,((x_0_2 mul 3) sub x_0_4),"1, 2, 3, 6, 8, 16, 21, 42, 55, 110, 144, 288, 377, 754, 987, 1974, 2584, 5168, 6765, 13530, 17711, 35422, 46368, 92736, 121393, 242786, 317811, 635622, 832040, 1664080, 2178309, 4356618, 5702887, 11405774, 14930352, 29860704, 39088169, 78176338, 102334155"
A017480,sqr sqr sqr add mul n INT- 1 0 sub INT+ 4 n,(((((n mul -10) add (4 sub n)))**2)**2)**2,"5764801, 11019960576, 500246412961, 6553600000000, 45767944570401, 218340105584896, 806460091894081, 2478758911082496, 6634204312890625, 15938480745308416, 35114532758015841, 72057594037927936, 139353667211683681, 256289062500000000, 451447246258894081"
A017504,sqr sqr sqr add mul n INT- 1 0 sub INT+ 2 n,(((((n mul -10) add (2 sub n)))**2)**2)**2,"43046721, 25600000000, 852891037441, 9682651996416, 62259690411361, 281474976710656, 1001129150390625, 2992179271065856, 7837433594376961, 18509302102818816, 40213853471634241, 81573072100000000"
A017516,sqr sqr sqr add mul n INT+ 1 0 add n INT- 1,(((((n mul 10) add (n add -1)))**2)**2)**2,"100000000, 37822859361, 1099511627776, 11688200277601, 72301961339136, 318644812890625, 1113034787454976, 3282116715437121, 8507630225817856, 19925626416901921, 42998169600000000, 86730203469006241"
A017416,sqr sqr add mul n INT- 1 0 sub INT+ 9 n,((((n mul -10) add (9 sub n)))**2)**2,"16, 28561, 331776, 1500625, 4477456, 10556001, 21381376, 38950081, 65610000, 104060401, 157351936, 228886641, 322417936, 442050625, 592240896, 777796321, 1003875856, 1275989841, 1600000000, 1982119441"
A017348,sqr sqr sqr add mul n INT- 1 0 INT+ 4,(((((n mul -10) add 4))**2)**2)**2,"1679616, 4294967296, 208827064576, 2821109907456, 20047612231936, 96717311574016, 360040606269696, 1113034787454976, 2992179271065856, 7213895789838336, 15938480745308416, 32784148919812096, 63527879748485376"
A037583,sub mul INT+ 4 x_0_1 mod x_0_1 INT- 4,((4 mul x_0_1) sub (x_0_1 mod -4)),"3, 13, 55, 221, 887, 3549, 14199, 56797, 227191, 908765, 3635063, 14540253, 58161015, 232644061, 930576247, 3722304989, 14889219959, 59556879837, 238227519351, 952910077405, 3811640309623, 15246561238493, 60986244953975"
A117802,add INT+ 1 0 add x_0_1 idiv mod n n x_0_6,(10 add (x_0_1 add ((n mod n) idiv x_0_6))),"8, 12, 28, 38, 48, 58, 68, 78, 88, 98, 108, 118, 128, 138, 148, 158, 168, 178, 188, 198, 208, 218, 228, 238, 248, 258, 268"
A037501,add mul x_0_1 INT+ 8 mod add n x_0_1 INT+ 3,((x_0_1 mul 8) add ((n add x_0_1) mod 3)),"1, 8, 66, 529, 4232, 33858, 270865, 2166920, 17335362, 138682897, 1109463176, 8875705410, 71005643281, 568045146248, 4544361169986, 36354889359889, 290839114879112, 2326712919032898"
A069511,add mul INT+ 1 0 x_0_1 mod add n x_0_1 INT+ 1 0,((10 mul x_0_1) add ((n add x_0_1) mod 10)),"1, 13, 136, 1360, 13605, 136051, 1360518, 13605186, 136051865, 1360518655, 13605186556, 136051865568, 1360518655681, 13605186556815, 136051865568150, 1360518655681506, 13605186556815063, 136051865568150631"
A022133,add x_0_1 mul x_0_2 sign n,(x_0_1 add (x_0_2 mul sign(n))),"4, 15, 19, 34, 53, 87, 140, 227, 367, 594, 961, 1555, 2516, 4071, 6587, 10658, 17245, 27903, 45148, 73051, 118199, 191250, 309449, 500699, 810148, 1310847, 2120995, 3431842, 5552837, 8984679, 14537516"
A013758,mul x_0_1 sqr sqr INT+ 8,(x_0_1 mul ((8)**2)**2),"16, 65536, 268435456, 1099511627776, 4503599627370496, 18446744073709551616, 75557863725914323419136, 309485009821345068724781056, 1267650600228229401496703205376, 5192296858534827628530496329220096"
A181773,sub mul n sqr sub mul n INT+ 4 INT+ 3 n,((n mul (((n mul 4) sub 3))**2) sub n),"0, 48, 240, 672, 1440, 2640, 4368, 6720, 9792, 13680, 18480, 24288, 31200, 39312, 48720, 59520, 71808, 85680, 101232, 118560, 137760, 158928, 182160, 207552, 235200, 265200, 297648, 332640, 370272, 410640"
A254527,sub x_0_1 mul INT- 4 sub mul n INT+ 4 INT+ 3,(x_0_1 sub (-4 mul ((n mul 4) sub 3))),"6, 26, 62, 114, 182, 266, 366, 482, 614, 762, 926, 1106, 1302, 1514, 1742, 1986, 2246, 2522, 2814, 3122, 3446, 3786, 4142, 4514, 4902, 5306, 5726, 6162, 6614, 7082, 7566, 8066, 8582, 9114, 9662, 10226, 10806, 11402, 12014, 12642, 13286, 13946, 14622, 15314"
A179540,mul add n sub n INT+ 2 add x_0_1 x_0_2,((n add (n sub 2)) mul (x_0_1 add x_0_2)),"0, 1, 4, 30, 272, 3020, 39504, 595336, 10157440, 193549968, 4074148160, 93889358816, 2351124167424, 63570351682240, 1845801323790592, 57281150264184960, 1892062450815217664, 66277682436699689216, 2454110815950536647680, 95774762938714980802048"
A259108,add mul sqr sqr sub sign n n INT+ 2 x_0_1,(((((sign(n) sub n))**2)**2 mul 2) add x_0_1),"0, 2, 34, 196, 708, 1958, 4550, 9352, 17544, 30666, 50666, 79948, 121420, 178542, 255374, 356624, 487696, 654738, 864690, 1125332, 1445332, 1834294, 2302806, 2862488, 3526040, 4307290, 5221242, 6284124, 7513436, 8927998, 10547998, 12395040, 14492192, 16864034, 19536706"
A013719,mul sqr INT- 7 mul x_0_1 INT+ 4,((-7)**2 mul (x_0_1 mul 4)),"14, 2744, 537824, 105413504, 20661046784, 4049565169664, 793714773254144, 155568095557812224, 30491346729331195904, 5976303958948914397184, 1171355575953987221848064, 229585692886981495482220544"
A290425,add mul INT+ 1 0 x_0_1 INT+ 3,((10 mul x_0_1) add 3),"23, 233, 2333, 23333"
A017192,sqr sqr sqr mod INT- 7 mul INT+ 9 n,((((-7 mod (9 mul n)))**2)**2)**2,"256, 214358881, 25600000000, 500246412961, 4347792138496, 23811286661761, 96717311574016, 318644812890625, 899194740203776, 2252292232139041, 5132188731375616, 10828567056280801, 21435888100000000, 40213853471634241"
A007486,add x_0_1 add x_0_3 x_0_2,(x_0_1 add (x_0_3 add x_0_2)),"1, 3, 4, 8, 15, 27, 50, 92, 169, 311, 572, 1052, 1935, 3559, 6546, 12040, 22145, 40731, 74916, 137792, 253439, 466147, 857378, 1576964, 2900489, 5334831, 9812284, 18047604, 33194719, 61054607, 112296930, 206546256, 379897793, 698740979, 1285185028"
A085539,mul mul sqr sqr add INT- 1 n add n INT- 1 add n INT- 2,(((((-1 add n))**2)**2 mul (n add -1)) mul (n add -2)),"0, 0, 32, 486, 3072, 12500, 38880, 100842, 229376, 472392, 900000, 1610510, 2737152, 4455516, 6991712, 10631250, 15728640, 22717712, 32122656, 44569782, 60800000, 81682020, 108226272, 141599546, 183140352, 234375000, 297034400, 373071582, 464679936"
A013814,mul mul sqr sqr INT- 7 INT+ 9 mul x_0_1 INT+ 9,((((-7)**2)**2 mul 9) mul (x_0_1 mul 9)),"21, 4084101, 794280046581, 154472377739119461, 30041942495081691894741, 5842587018385982521381124421, 1136272165922724266740722458520501, 220983347100817338120002444455525554981, 42977062327514056734916195400155065458259861"
A293411,add x_0_1 add x_0_3 x_0_4,(x_0_1 add (x_0_3 add x_0_4)),"1, 2, 3, 4, 7, 12, 19, 30, 49, 80, 129, 208, 337, 546, 883, 1428, 2311, 3740, 6051, 9790, 15841, 25632, 41473, 67104, 108577, 175682, 284259, 459940, 744199, 1204140, 1948339, 3152478, 5100817, 8253296, 13354113, 21607408, 34961521, 56568930, 91530451"
A015576,add mul INT+ 7 add x_0_1 x_0_2 x_0_1,((7 mul (x_0_1 add x_0_2)) add x_0_1),"0, 1, 8, 71, 624, 5489, 48280, 424663, 3735264, 32854753, 288984872, 2541862247, 22357792080, 196655372369, 1729747523512, 15214567794679, 133824775022016, 1177100174738881, 10353574823065160, 91068299807693447, 801021422223003696, 7045649476437883697, 61972345767064095448"
A015591,add mul INT+ 9 add x_0_1 x_0_2 x_0_1,((9 mul (x_0_1 add x_0_2)) add x_0_1),"0, 1, 10, 109, 1180, 12781, 138430, 1499329, 16239160, 175885561, 1905008050, 20633050549, 223475577940, 2420453234341, 26215812544870, 283942204557769, 3075364358481520, 33309123425835121, 360769513484684890, 3907477245679364989, 42321698078155813900"
A225374,sub mul mul x_0_1 sqr INT- 4 INT+ 7 x_0_1,(((x_0_1 mul (-4)**2) mul 7) sub x_0_1),"1, 111, 12321, 1367631, 151807041, 16850581551, 1870414552161, 207616015289871, 23045377697175681, 2558036924386500591, 283942098606901565601, 31517572945366073781711, 3498450596935634189769921, 388328016259855395064461231, 43104409804843948852155196641"
A146963,sub mul x_0_1 INT+ 6 add x_0_2 x_0_2,((x_0_1 mul 6) sub (x_0_2 add x_0_2)),"1, 3, 16, 90, 508, 2868, 16192, 91416, 516112, 2913840, 16450816, 92877216, 524361664, 2960415552, 16713769984, 94361788800, 532743192832, 3007735579392, 16980927090688, 95870091385344, 541258694130688"
A033135,add mul INT+ 8 x_0_1 mod sqr n INT+ 3,((8 mul x_0_1) add ((n)**2 mod 3)),"1, 9, 72, 577, 4617, 36936, 295489, 2363913, 18911304, 151290433, 1210323465, 9682587720, 77460701761, 619685614089, 4957484912712, 39659879301697, 317279034413577, 2538232275308616"
A157142,sub mul INT- 2 x_0_1 x_0_2,((-2 mul x_0_1) sub x_0_2),"1, -3, 5, -7, 9, -11, 13, -15, 17, -19, 21, -23, 25, -27, 29, -31, 33, -35, 37, -39, 41, -43, 45, -47, 49, -51, 53, -55, 57, -59, 61, -63, 65, -67, 69, -71, 73, -75, 77, -79, 81, -83, 85, -87, 89, -91, 93, -95, 97, -99, 101, -103, 105, -107, 109, -111, 113, -115"
A082639,sub mul x_0_1 INT+ 6 add x_0_2 INT- 4,((x_0_1 mul 6) sub (x_0_2 add -4)),"0, 2, 16, 98, 576, 3362, 19600, 114242, 665856, 3880898, 22619536, 131836322, 768398400, 4478554082, 26102926096, 152139002498, 886731088896, 5168247530882, 30122754096400, 175568277047522, 1023286908188736"
A013857,mul sqr sqr INT- 1 0 mul x_0_1 INT+ 1 0,(((-10)**2)**2 mul (x_0_1 mul 10)),"10000, 1000000000, 100000000000000, 10000000000000000000, 1000000000000000000000000, 100000000000000000000000000000, 10000000000000000000000000000000000, 1000000000000000000000000000000000000000"
A004019,mul sub x_0_1 INT- 1 add sign n x_0_1,((x_0_1 sub -1) mul (sign(n) add x_0_1)),"0, 1, 4, 25, 676, 458329, 210066388900, 44127887745906175987801, 1947270476915296449559703445493848930452791204, 3791862310265926082868235028027893277370233152247388584761734150717768254410341175325352025"
A037503,add mul INT+ 1 0 x_0_1 mod sub sqr n x_0_1 INT+ 3,((10 mul x_0_1) add (((n)**2 sub x_0_1) mod 3)),"1, 10, 102, 1021, 10210, 102102, 1021021, 10210210, 102102102, 1021021021, 10210210210, 102102102102, 1021021021021, 10210210210210, 102102102102102, 1021021021021021"
A204674,mul n add n sqr add n sub n INT+ 2,(n mul (n add ((n add (n sub 2)))**2)),"1, 12, 57, 160, 345, 636, 1057, 1632, 2385, 3340, 4521, 5952, 7657, 9660, 11985, 14656, 17697, 21132, 24985, 29280, 34041, 39292, 45057, 51360, 58225, 65676, 73737, 82432, 91785, 101820, 112561, 124032, 136257, 149260, 163065, 177696, 193177, 209532, 226785, 244960, 264081"
A017060,sqr sqr sqr add INT- 1 mul INT+ 7 n,((((-1 add (7 mul n)))**2)**2)**2,"1679616, 815730721, 25600000000, 282429536481, 1785793904896, 7984925229121, 28179280429056, 83733937890625, 218340105584896, 513798374428641, 1113034787454976, 2252292232139041, 4304672100000000"
A294178,sub add x_0_2 x_0_2 x_0_4,((x_0_2 add x_0_2) sub x_0_4),"1, 3, 3, 9, 5, 15, 7, 21, 9, 27, 11, 33, 13, 39, 15, 45, 17, 51, 19, 57, 21, 63, 23, 69, 25, 75, 27, 81, 29, 87, 31, 93, 33, 99, 35, 105, 37, 111, 39, 117, 41, 123, 43, 129, 45, 135, 47, 141, 49, 147, 51, 153"
A108122,add add x_0_1 add x_0_3 x_0_2 x_0_2,((x_0_1 add (x_0_3 add x_0_2)) add x_0_2),"1, 1, 1, 4, 7, 16, 34, 73, 157, 337, 724, 1555, 3340, 7174, 15409, 33097, 71089, 152692, 327967, 704440, 1513066, 3249913, 6980485, 14993377, 32204260, 69171499, 148573396, 319120654, 685438945, 1472253649, 3162252193, 6792198436, 14588956471, 31335605536"
A154024,sub mul sqr INT- 7 x_0_1 x_0_2,(((-7)**2 mul x_0_1) sub x_0_2),"0, 7, 343, 16800, 822857, 40303193, 1974033600, 96687343207, 4735705783543, 231952896050400, 11360956200686057, 556454900937566393, 27254929189740067200, 1334935075396325726407"
A204746,mod INT- 6 add x_0_2 add x_0_1 idiv mod n n x_0_6,(-6 mod (x_0_2 add (x_0_1 add ((n mod n) idiv x_0_6)))),"40, 46, 22, 32, 48, 74, 116, 184, 294, 472, 760, 1226, 1980, 3200, 5174, 8368, 13536, 21898, 35428, 57320, 92742, 150056, 242792, 392842"
A005314,add add x_0_1 x_0_2 x_0_4,((x_0_1 add x_0_2) add x_0_4),"0, 1, 2, 3, 5, 9, 16, 28, 49, 86, 151, 265, 465, 816, 1432, 2513, 4410, 7739, 13581, 23833, 41824, 73396, 128801, 226030, 396655, 696081, 1221537, 2143648, 3761840, 6601569, 11584946, 20330163, 35676949, 62608681, 109870576, 192809420, 338356945, 593775046"
A057579,mul INT+ 3 sub x_0_1 x_0_5,(3 mul (x_0_1 sub x_0_5)),"1, 1, 2, 6, 12, 33"
A013834,mul sqr sqr INT- 5 mul x_0_1 INT+ 5,(((-5)**2)**2 mul (x_0_1 mul 5)),"5, 15625, 48828125, 152587890625, 476837158203125, 1490116119384765625, 4656612873077392578125, 14551915228366851806640625, 45474735088646411895751953125, 142108547152020037174224853515625, 444089209850062616169452667236328125"
A017324,sqr sqr sqr mod INT- 6 mul INT+ 1 0 n,((((-6 mod (10 mul n)))**2)**2)**2,"65536, 1475789056, 110075314176, 1785793904896, 14048223625216, 72301961339136, 281474976710656, 899194740203776, 2478758911082496, 6095689385410816, 13685690504052736, 28525864220672256, 55895067029733376"
A133345,mul add x_0_1 mul x_0_2 INT+ 7 INT+ 2,((x_0_1 add (x_0_2 mul 7)) mul 2),"1, 1, 16, 46, 316, 1276, 6976, 31816, 161296, 768016, 3794176, 18340576, 89799616, 436367296, 2129929216, 10369000576, 50557010176, 246280028416, 1200358199296, 5848636796416, 28502288382976, 138885491915776"
A172994,add INT+ 2 sqr mul idiv INT+ 6 n add x_0_6 n,(2 add (((6 idiv n) mul (x_0_6 add n)))**2),"2, 460724, 610357585, 2096681555, 5351622936, 66, 2, 2, 2, 2, 2, 2, 2, 2, 2, 2, 2, 2, 2, 2, 2, 2, 2, 2, 2"
A254620,mul INT- 9 mul x_0_1 sub mul INT- 4 n INT- 2,(-9 mul (x_0_1 mul ((-4 mul n) sub -2))),"1, 54, 4860, 612360, 99202320, 19642059360, 4596241890240, 1240985310364800, 379741504971628800, 129871594700297049600, 49091462796712284748800, 20323865597838885886003200, 9145739519027498648701440000, 4444829406247364343268899840000"
A348845,add x_0_1 mul INT+ 6 INT+ 4,(x_0_1 add (6 mul 4)),"11, 35, 59, 83, 107, 131, 155, 179, 203, 227, 251, 275, 299, 323, 347, 371, 395, 419, 443, 467, 491, 515, 539, 563, 587, 611, 635, 659, 683, 707, 731, 755, 779, 803, 827, 851, 875, 899, 923, 947, 971, 995, 1019, 1043, 1067"
A016964,sqr sqr sqr add mul n INT- 6 INT+ 2,(((((n mul -6) add 2))**2)**2)**2,"65536, 100000000, 4294967296, 54875873536, 377801998336, 1785793904896, 6553600000000, 20047612231936, 53459728531456, 128063081718016, 281474976710656, 576480100000000, 1113034787454976, 2044140858654976, 3596345248055296, 6095689385410816, 10000000000000000"
A232896,add x_0_1 sub x_0_2 add INT- 4 n,(x_0_1 add (x_0_2 sub (-4 add n))),"1, 3, 5, 8, 12, 18, 27, 41, 63, 98, 154, 244, 389, 623, 1001, 1612, 2600, 4198, 6783, 10965, 17731, 28678, 46390, 75048, 121417, 196443, 317837, 514256, 832068, 1346298, 2178339, 3524609, 5702919, 9227498, 14930386, 24157852, 39088205, 63246023, 102334193"
A170737,mul x_0_1 sub sqr INT+ 4 idiv INT- 3 n,(x_0_1 mul ((4)**2 sub (-3 idiv n))),"1, 18, 306, 5202, 88434, 1503378, 25557426, 434476242, 7386096114, 125563633938, 2134581776946, 36287890208082, 616894133537394, 10487200270135698, 178282404592306866, 3030800878069216722, 51523614927176684274, 875901453762003632658, 14890324713954061755186"
A083424,add mul x_0_2 INT+ 8 add x_0_1 x_0_1,((x_0_2 mul 8) add (x_0_1 add x_0_1)),"1, 3, 14, 52, 216, 848, 3424, 13632, 54656, 218368, 873984, 3494912, 13981696, 55922688, 223698944, 894779392, 3579150336, 14316535808, 57266274304, 229064835072, 916259864576, 3665038409728, 14660155736064, 58640618749952"
A154110,mul x_0_1 sqr sqr sqr INT- 9,(x_0_1 mul (((-9)**2)**2)**2),"9, 387420489"
A013850,mul mul x_0_1 sqr sqr INT+ 9 INT+ 9,((x_0_1 mul ((9)**2)**2) mul 9),"9, 531441, 31381059609, 1853020188851841, 109418989131512359209, 6461081889226673298932241, 381520424476945831628649898809, 22528399544939174411840147874772641, 1330279464729113309844748891857449678409"
A017428,sqr sqr sub mul INT+ 1 0 n sub INT+ 8 n,((((10 mul n) sub (8 sub n)))**2)**2,"81, 38416, 390625, 1679616, 4879681, 11316496, 22667121, 40960000, 68574961, 108243216, 163047361, 236421376, 332150625, 454371856, 607573201, 796594176, 1026625681, 1303210000, 1632240801, 2019963136"
A017660,sqr sqr sqr add INT- 1 mul add n n INT+ 6,((((-1 add ((n add n) mul 6)))**2)**2)**2,"214358881, 78310985281, 2251875390625, 23811286661761, 146830437604321, 645753531245761, 2252292232139041, 6634204312890625, 17181861798319201, 40213853471634241, 86730203469006241, 174859124550883201"
A048779,idiv mul x_0_1 sub INT- 1 0 mul INT- 8 n n,((x_0_1 mul (-10 sub (-8 mul n))) idiv n),"1, 3, 14, 77, 462, 2926, 19228, 129789, 894102, 6258714, 44379972, 318056466, 2299792908, 16755634044, 122874649656, 906200541213, 6716545187814, 50000947509282, 373691291911476, 2802684689336070, 21086865757861860, 159109987082048580, 1203701641403324040"
A339252,sub mul INT+ 4 sub x_0_1 x_0_2 idiv INT+ 3 n,((4 mul (x_0_1 sub x_0_2)) sub (3 idiv n)),"1, 4, 11, 28, 68, 160, 368, 832, 1856, 4096, 8960, 19456, 41984, 90112, 192512, 409600, 868352, 1835008, 3866624, 8126464, 17039360, 35651584, 74448896, 155189248, 322961408, 671088640, 1392508928, 2885681152, 5972688896, 12348030976, 25501368320, 52613349376"
A045430,mod add x_0_6 INT+ 1 0 n,((x_0_6 add 10) mod n),"1, 1, 2, 2, 3, 3, 4, 3, 3, 2, 2, 1, 1"
A253811,sub mul INT+ 6 x_0_1 x_0_2,((6 mul x_0_1) sub x_0_2),"3, 19, 111, 647, 3771, 21979, 128103, 746639, 4351731, 25363747, 147830751, 861620759, 5021893803, 29269742059, 170596558551, 994309609247, 5795261096931, 33777256972339, 196868280737103, 1147432427450279, 6687726283964571, 38978925276337147"
A182432,sub mul x_0_1 INT+ 8 add x_0_2 INT+ 3,((x_0_1 mul 8) sub (x_0_2 add 3)),"1, 4, 28, 217, 1705, 13420, 105652, 831793, 6548689, 51557716, 405913036, 3195746569, 25160059513, 198084729532, 1559517776740, 12278057484385, 96664942098337, 761041479302308, 5991666892320124, 47172293659258681, 371386682381749321"
A180222,mul add x_0_1 add x_0_2 x_0_2 INT+ 4,((x_0_1 add (x_0_2 add x_0_2)) mul 4),"0, 1, 4, 24, 128, 704, 3840, 20992, 114688, 626688, 3424256, 18710528, 102236160, 558628864, 3052404736, 16678649856, 91133837312, 497964548096, 2720928890880, 14867431948288, 81237158920192, 443888091267072, 2425449636429824, 13252903275855872"
A161181,mul x_0_1 add idiv n INT- 1 0 mul INT+ 3 x_0_1,(x_0_1 mul ((n idiv -10) add (3 mul x_0_1))),"1, 2, 10, 290, 252010, 190526868290, 108901462620994495704010, 35578585682975584013618831758290462042094536290, 3797507277602505611886017656109365392377072888898472983341161302567287339676755374368286356010"
A173806,sub sign n mul INT- 1 0 sub x_0_1 INT- 6,(sign(n) sub (-10 mul (x_0_1 sub -6))),"1, 71, 771, 7771, 77771, 777771, 7777771, 77777771, 777777771, 7777777771, 77777777771, 777777777771, 7777777777771, 77777777777771, 777777777777771, 7777777777777771, 77777777777777771, 777777777777777771"
A013855,mul INT+ 1 0 mul sqr sqr INT- 1 0 x_0_1,(10 mul (((-10)**2)**2 mul x_0_1)),"100, 10000000, 1000000000000, 100000000000000000, 10000000000000000000000, 1000000000000000000000000000, 100000000000000000000000000000000, 10000000000000000000000000000000000000, 1000000000000000000000000000000000000000000"
A090727,sub mul sqr INT- 4 x_0_1 x_0_2,(((-4)**2 mul x_0_1) sub x_0_2),"2, 16, 254, 4048, 64514, 1028176, 16386302, 261152656, 4162056194, 66331746448, 1057145886974, 16848002445136, 268510893235202, 4279326289318096, 68200709735854334, 1086932029484351248, 17322711762013765634, 276076456162735898896"
A005247,sub mul x_0_2 INT+ 3 x_0_4,((x_0_2 mul 3) sub x_0_4),"2, 1, 3, 2, 7, 5, 18, 13, 47, 34, 123, 89, 322, 233, 843, 610, 2207, 1597, 5778, 4181, 15127, 10946, 39603, 28657, 103682, 75025, 271443, 196418, 710647, 514229, 1860498, 1346269, 4870847, 3524578, 12752043, 9227465, 33385282, 24157817"
A114753,sub add x_0_2 x_0_2 x_0_4,((x_0_2 add x_0_2) sub x_0_4),"1, 3, 3, 7, 5, 11, 7, 15, 9, 19, 11, 23, 13, 27, 15, 31, 17, 35, 19, 39, 21, 43, 23, 47, 25, 51, 27, 55, 29, 59, 31, 63, 33, 67, 35, 71, 37, 75, 39, 79, 41, 83, 43, 87, 45, 91, 47, 95, 49, 99, 51, 103, 53, 107, 55, 111, 57, 115, 59, 119, 61, 123, 63, 127, 65, 131, 67, 135, 69"
A164001,add x_0_2 mul x_0_3 sign x_0_5,(x_0_2 add (x_0_3 mul sign(x_0_5))),"1, 2, 3, 4, 5, 7, 9, 12, 16, 21, 28, 37, 49, 65, 86, 114, 151, 200, 265, 351, 465, 616, 816, 1081, 1432, 1897, 2513, 3329, 4410, 5842, 7739, 10252, 13581, 17991, 23833, 31572, 41824, 55405, 73396, 97229, 128801, 170625, 226030, 299426"
A143988,add add INT+ 1 0 INT+ 8 mod x_0_2 sqr mul n n,((10 add 8) add (x_0_2 mod ((n mul n))**2)),"5, 13, 23, 31, 41, 49, 59, 67, 77, 85, 95, 103, 113, 121, 131, 139, 149, 157, 167, 175, 185, 193, 203, 211, 221, 229, 239, 247, 257, 265, 275, 283, 293, 301, 311, 319, 329, 337, 347, 355, 365, 373, 383, 391, 401, 409, 419, 427, 437, 445, 455, 463, 473, 481"
A247560,sub mul INT+ 4 sub x_0_1 x_0_2 x_0_1,((4 mul (x_0_1 sub x_0_2)) sub x_0_1),"1, 1, -1, -7, -17, -23, -1, 89, 271, 457, 287, -967, -4049, -8279, -8641, 7193, 56143, 139657, 194399, 24569, -703889, -2209943, -3814273, -2603047, 7447951, 32756041, 68476319, 74404793, -50690897, -449691863, -1146312001, -1640168551, -335257649, 5554901257"
A139011,sub mul INT- 4 sub x_0_2 x_0_1 x_0_2,((-4 mul (x_0_2 sub x_0_1)) sub x_0_2),"1, 2, 3, 2, -7, -38, -117, -278, -527, -718, -237, 2642, 11753, 33802, 76443, 136762, 164833, -24478, -922077, -3565918, -9653287, -20783558, -34867797, -35553398, 32125393, 306268562, 1064447283, 2726446322, 5583548873, 8701963882"
A013729,mul x_0_1 sqr mul INT+ 3 INT+ 8,(x_0_1 mul ((3 mul 8))**2),"24, 13824, 7962624, 4586471424, 2641807540224, 1521681143169024, 876488338465357824, 504857282956046106624, 290797794982682557415424, 167499529910025153071284224, 96479729228174488169059713024"
A013830,mul x_0_1 sqr mul INT+ 4 INT+ 8,(x_0_1 mul ((4 mul 8))**2),"4, 4096, 4194304, 4294967296, 4398046511104, 4503599627370496, 4611686018427387904, 4722366482869645213696, 4835703278458516698824704, 4951760157141521099596496896, 5070602400912917605986812821504"
A017620,sqr sqr sub INT+ 4 mul add n n INT+ 6,(((4 sub ((n add n) mul 6)))**2)**2,"4096, 160000, 1048576, 3748096, 9834496, 21381376, 40960000, 71639296, 116985856, 181063936, 268435456, 384160000, 533794816, 723394816, 959512576, 1249198336, 1600000000, 2019963136, 2517630976"
A190987,mul INT+ 5 add x_0_1 sub x_0_1 x_0_2,(5 mul (x_0_1 add (x_0_1 sub x_0_2))),"0, 1, 10, 95, 900, 8525, 80750, 764875, 7245000, 68625625, 650031250, 6157184375, 58321687500, 552430953125, 5232701093750, 49564856171875, 469485056250000, 4447026281640625, 42122837535156250, 398993243943359375, 3779318251757812500, 35798216297861328125"
A180250,mul INT+ 5 add x_0_1 add x_0_2 x_0_2,(5 mul (x_0_1 add (x_0_2 add x_0_2))),"0, 1, 5, 35, 225, 1475, 9625, 62875, 410625, 2681875, 17515625, 114396875, 747140625, 4879671875, 31869765625, 208145546875, 1359425390625, 8878582421875, 57987166015625, 378721654296875, 2473479931640625, 16154616201171875, 105507880322265625"
A192382,add mul x_0_2 INT+ 8 add x_0_1 x_0_1,((x_0_2 mul 8) add (x_0_1 add x_0_1)),"0, 2, 4, 24, 80, 352, 1344, 5504, 21760, 87552, 349184, 1398784, 5591040, 22372352, 89473024, 357924864, 1431633920, 5726666752, 22906404864, 91626143744, 366503526400, 1466016202752, 5864060616704, 23456250855424, 93824986644480"
A084858,mul INT+ 4 sub x_0_1 mul x_0_2 sign x_0_3,(4 mul (x_0_1 sub (x_0_2 mul sign(x_0_3)))),"1, 3, 9, 24, 60, 144, 336, 768, 1728, 3840, 8448, 18432, 39936, 86016, 184320, 393216, 835584, 1769472, 3735552, 7864320, 16515072, 34603008, 72351744, 150994944, 314572800, 654311424, 1358954496, 2818572288, 5838471168, 12079595520"
A017048,sqr sqr sqr mod INT- 2 mul INT+ 7 n,((((-2 mod (7 mul n)))**2)**2)**2,"390625, 429981696, 16983563041, 208827064576, 1406408618241, 6553600000000, 23811286661761, 72301961339136, 191707312997281, 457163239653376, 1001129150390625, 2044140858654976, 3936588805702081"
A017372,sqr sqr sqr mod INT- 2 mul INT+ 1 0 n,((((-2 mod (10 mul n)))**2)**2)**2,"16777216, 11019960576, 377801998336, 4347792138496, 28179280429056, 128063081718016, 457163239653376, 1370114370683136, 3596345248055296, 8507630225817856, 18509302102818816, 37588592026706176, 72057594037927936, 131532383853732096, 230193853492166656"
A087215,sub mul INT+ 9 add x_0_1 x_0_1 x_0_2,((9 mul (x_0_1 add x_0_1)) sub x_0_2),"2, 18, 322, 5778, 103682, 1860498, 33385282, 599074578, 10749957122, 192900153618, 3461452808002, 62113250390418, 1114577054219522, 20000273725560978, 358890350005878082, 6440026026380244498, 115561578124838522882, 2073668380220713167378"
A100604,mul x_0_1 sub add n n sign x_0_3,(x_0_1 mul ((n add n) sub sign(x_0_3))),"2, 3, 4, 28"
A080856,add x_0_1 sub x_0_1 sub x_0_2 sqr INT- 4,(x_0_1 add (x_0_1 sub (x_0_2 sub (-4)**2))),"1, 5, 25, 61, 113, 181, 265, 365, 481, 613, 761, 925, 1105, 1301, 1513, 1741, 1985, 2245, 2521, 2813, 3121, 3445, 3785, 4141, 4513, 4901, 5305, 5725, 6161, 6613, 7081, 7565, 8065, 8581, 9113, 9661, 10225, 10805, 11401, 12013, 12641, 13285, 13945, 14621"
A136392,add x_0_1 mul INT+ 4 sub mul INT+ 3 n INT+ 4,(x_0_1 add (4 mul ((3 mul n) sub 4))),"1, 9, 29, 61, 105, 161, 229, 309, 401, 505, 621, 749, 889, 1041, 1205, 1381, 1569, 1769, 1981, 2205, 2441, 2689, 2949, 3221, 3505, 3801, 4109, 4429, 4761, 5105, 5461, 5829, 6209, 6601, 7005, 7421, 7849, 8289, 8741, 9205, 9681, 10169"
A075841,sub mul INT+ 6 x_0_1 x_0_2,((6 mul x_0_1) sub x_0_2),"3, 15, 87, 507, 2955, 17223, 100383, 585075, 3410067, 19875327, 115841895, 675176043, 3935214363, 22936110135, 133681446447, 779152568547, 4541233964835, 26468251220463, 154268273357943, 899141388927195"
A261544,add mul x_0_1 mul sqr INT- 1 0 INT+ 1 0 sign x_0_1,((x_0_1 mul ((-10)**2 mul 10)) add sign(x_0_1)),"1, 1001, 1001001, 1001001001, 1001001001001, 1001001001001001, 1001001001001001001, 1001001001001001001001, 1001001001001001001001001, 1001001001001001001001001001, 1001001001001001001001001001001, 1001001001001001001001001001001001"
A122573,sub mul INT+ 4 x_0_2 x_0_4,((4 mul x_0_2) sub x_0_4),"1, 1, 1, 1, 3, 3, 11, 11, 41, 41, 153, 153, 571, 571, 2131, 2131, 7953, 7953, 29681, 29681, 110771, 110771, 413403, 413403, 1542841, 1542841, 5757961, 5757961, 21489003, 21489003, 80198051, 80198051, 299303201, 299303201, 1117014753"
A337928,sub mul x_0_1 INT+ 7 sub x_0_2 INT- 3,((x_0_1 mul 7) sub (x_0_2 sub -3)),"1, 5, 31, 209, 1429, 9791, 67105, 459941, 3152479, 21607409, 148099381, 1015088255, 6957518401, 47687540549, 326855265439, 2240299317521, 15355239957205, 105246380382911, 721369422723169, 4944339578679269, 33889007628031711, 232278713817542705"
A135030,add mul INT+ 6 x_0_1 add x_0_2 x_0_2,((6 mul x_0_1) add (x_0_2 add x_0_2)),"0, 1, 6, 38, 240, 1516, 9576, 60488, 382080, 2413456, 15244896, 96296288, 608267520, 3842197696, 24269721216, 153302722688, 968355778560, 6116740116736, 38637152257536, 244056393778688, 1541612667187200"
A129923,mul x_0_1 add INT+ 4 n,(x_0_1 mul (4 add n)),"24, 144, 1008, 8064, 72576, 725760, 7983360, 95800320, 1245404160, 17435658240, 261534873600, 4184557977600, 71137485619200, 1280474741145600, 24329020081766400, 486580401635328000, 10218188434341888000"
A013847,mul mul sqr sqr INT- 8 INT+ 8 x_0_1,((((-8)**2)**2 mul 8) mul x_0_1),"64, 2097152, 68719476736, 2251799813685248, 73786976294838206464, 2417851639229258349412352, 79228162514264337593543950336, 2596148429267413814265248164610048, 85070591730234615865843651857942052864"
A013832,mul sqr sqr INT+ 4 mul x_0_1 INT+ 4,(((4)**2)**2 mul (x_0_1 mul 4)),"64, 65536, 67108864, 68719476736, 70368744177664, 72057594037927936, 73786976294838206464, 75557863725914323419136, 77371252455336267181195264, 79228162514264337593543950336, 81129638414606681695789005144064"
A057076,add mul x_0_1 INT+ 1 0 sub x_0_1 x_0_2,((x_0_1 mul 10) add (x_0_1 sub x_0_2)),"2, 11, 119, 1298, 14159, 154451, 1684802, 18378371, 200477279, 2186871698, 23855111399, 260219353691, 2838557779202, 30963916217531, 337764520613639, 3684445810532498, 40191139395243839, 438418087537149731"
A041481,add mul x_0_1 mul INT+ 8 INT+ 4 x_0_2,((x_0_1 mul (8 mul 4)) add x_0_2),"1, 32, 1025, 32832, 1051649, 33685600, 1078990849, 34561392768, 1107043559425, 35459955294368, 1135825612979201, 36381879570628800, 1165355971873100801, 37327772979509854432, 1195654091316188442625, 38298258695097540018432, 1226739932334437469032449"
A051869,add sub x_0_1 sub x_0_2 x_0_1 sub INT+ 9 INT- 6,((x_0_1 sub (x_0_2 sub x_0_1)) add (9 sub -6)),"0, 1, 17, 48, 94, 155, 231, 322, 428, 549, 685, 836, 1002, 1183, 1379, 1590, 1816, 2057, 2313, 2584, 2870, 3171, 3487, 3818, 4164, 4525, 4901, 5292, 5698, 6119, 6555, 7006, 7472, 7953, 8449, 8960, 9486, 10027, 10583, 11154, 11740, 12341"
A051868,add sub x_0_1 sub x_0_2 x_0_1 sub INT+ 8 INT- 6,((x_0_1 sub (x_0_2 sub x_0_1)) add (8 sub -6)),"0, 1, 16, 45, 88, 145, 216, 301, 400, 513, 640, 781, 936, 1105, 1288, 1485, 1696, 1921, 2160, 2413, 2680, 2961, 3256, 3565, 3888, 4225, 4576, 4941, 5320, 5713, 6120, 6541, 6976, 7425, 7888, 8365, 8856, 9361, 9880, 10413, 10960, 11521"
A051866,add sub x_0_1 sub x_0_2 x_0_1 sub INT+ 6 INT- 6,((x_0_1 sub (x_0_2 sub x_0_1)) add (6 sub -6)),"0, 1, 14, 39, 76, 125, 186, 259, 344, 441, 550, 671, 804, 949, 1106, 1275, 1456, 1649, 1854, 2071, 2300, 2541, 2794, 3059, 3336, 3625, 3926, 4239, 4564, 4901, 5250, 5611, 5984, 6369, 6766, 7175, 7596, 8029, 8474, 8931, 9400, 9881, 10374"
A102591,mul INT+ 4 add sub x_0_1 x_0_2 x_0_1,(4 mul ((x_0_1 sub x_0_2) add x_0_1)),"1, 6, 44, 328, 2448, 18272, 136384, 1017984, 7598336, 56714752, 423324672, 3159738368, 23584608256, 176037912576, 1313964867584, 9807567290368, 73204678852608, 546407161659392, 4078438577864704, 30441879976280064"
A053141,sub mul INT+ 6 x_0_1 sub x_0_2 INT+ 2,((6 mul x_0_1) sub (x_0_2 sub 2)),"0, 2, 14, 84, 492, 2870, 16730, 97512, 568344, 3312554, 19306982, 112529340, 655869060, 3822685022, 22280241074, 129858761424, 756872327472, 4411375203410, 25711378892990, 149856898154532, 873430010034204"
A013845,mul sqr sqr INT- 7 mul x_0_1 INT+ 7,(((-7)**2)**2 mul (x_0_1 mul 7)),"2401, 40353607, 678223072849, 11398895185373143, 191581231380566414401, 3219905755813179726837607, 54116956037952111668959660849, 909543680129861140820205019889143, 15286700631942576193765185769276826401"
A162770,add mul x_0_2 INT+ 4 add x_0_1 x_0_1,((x_0_2 mul 4) add (x_0_1 add x_0_1)),"2, 7, 22, 72, 232, 752, 2432, 7872, 25472, 82432, 266752, 863232, 2793472, 9039872, 29253632, 94666752, 306348032, 991363072, 3208118272, 10381688832, 33595850752, 108718456832, 351820316672, 1138514460672, 3684310188032"
A076861,add x_0_3 mul INT+ 4 sub x_0_1 x_0_2,(x_0_3 add (4 mul (x_0_1 sub x_0_2))),"1, 4, 9, 21, 52"
A138340,mul INT- 4 sub mul x_0_2 INT+ 4 x_0_1,(-4 mul ((x_0_2 mul 4) sub x_0_1)),"1, -4, -32, -64, 256, 2048, 4096, -16384, -131072, -262144, 1048576, 8388608, 16777216, -67108864, -536870912, -1073741824, 4294967296, 34359738368, 68719476736, -274877906944, -2199023255552, -4398046511104, 17592186044416"
A067420,mul x_0_1 add INT+ 7 mod INT+ 8 mul n x_0_1,(x_0_1 mul (7 add (8 mod (n mul x_0_1)))),"1, 7, 105, 1575, 23625, 354375, 5315625, 79734375, 1196015625, 17940234375, 269103515625, 4036552734375, 60548291015625, 908224365234375, 13623365478515625, 204350482177734375, 3065257232666015625"
A017648,sqr sqr sqr mod INT- 2 mul add n n INT+ 6,((((-2 mod ((n add n) mul 6)))**2)**2)**2,"100000000, 54875873536, 1785793904896, 20047612231936, 128063081718016, 576480100000000, 2044140858654976, 6095689385410816, 15938480745308416, 37588592026706176, 81573072100000000, 165312903998914816"
A067405,mul x_0_1 sqr sub INT+ 5 idiv n x_0_1,(x_0_1 mul ((5 sub (n idiv x_0_1)))**2),"1, 9, 225, 5625, 140625, 3515625, 87890625, 2197265625, 54931640625, 1373291015625, 34332275390625, 858306884765625, 21457672119140625, 536441802978515625, 13411045074462890625, 335276126861572265625, 8381903171539306640625, 209547579288482666015625, 5238689482212066650390625"
A081340,add mul INT+ 4 add x_0_1 x_0_2 x_0_2,((4 mul (x_0_1 add x_0_2)) add x_0_2),"1, 2, 13, 62, 313, 1562, 7813, 39062, 195313, 976562, 4882813, 24414062, 122070313, 610351562, 3051757813, 15258789062, 76293945313, 381469726562, 1907348632813, 9536743164062, 47683715820313, 238418579101562"
A002533,add mul x_0_2 INT+ 5 add x_0_1 x_0_1,((x_0_2 mul 5) add (x_0_1 add x_0_1)),"1, 1, 7, 19, 73, 241, 847, 2899, 10033, 34561, 119287, 411379, 1419193, 4895281, 16886527, 58249459, 200931553, 693110401, 2390878567, 8247309139, 28449011113, 98134567921, 338514191407, 1167701222419, 4027973401873"
A123877,mul add x_0_2 x_0_1 INT- 3,((x_0_2 add x_0_1) mul -3),"1, -1, 0, 3, -9, 18, -27, 27, 0, -81, 243, -486, 729, -729, 0, 2187, -6561, 13122, -19683, 19683, 0, -59049, 177147, -354294, 531441, -531441, 0, 1594323, -4782969, 9565938, -14348907, 14348907, 0, -43046721"
A259968,add add x_0_1 x_0_2 x_0_4,((x_0_1 add x_0_2) add x_0_4),"1, 1, 3, 6, 10, 17, 30, 53, 93, 163, 286, 502, 881, 1546, 2713, 4761, 8355, 14662, 25730, 45153, 79238, 139053, 244021, 428227, 751486, 1318766, 2314273, 4061266, 7127025, 12507057, 21948355, 38516678, 67592058, 118615793, 208156206, 365288677, 641036941"
A047234,sub add x_0_1 x_0_3 x_0_4,((x_0_1 add x_0_3) sub x_0_4),"0, 1, 4, 6, 7, 10, 12, 13, 16, 18, 19, 22, 24, 25, 28, 30, 31, 34, 36, 37, 40, 42, 43, 46, 48, 49, 52, 54, 55, 58, 60, 61, 64, 66, 67, 70, 72, 73, 76, 78, 79, 82, 84, 85, 88, 90, 91, 94, 96, 97, 100, 102, 103, 106, 108, 109, 112, 114, 115, 118, 120, 121, 124"
A010098,mul sub x_0_1 INT- x_0_2,((x_0_1 sub 0) mul x_0_2),"1, 3, 3, 9, 27, 243, 6561, 1594323, 10460353203, 16677181699666569, 174449211009120179071170507, 2909321189362570808630465826492242446680483, 507528786056415600719754159741696356908742250191663887263627442114881"
A053524,mul add x_0_1 mul x_0_2 INT+ 3 INT+ 4,((x_0_1 add (x_0_2 mul 3)) mul 4),"0, 1, 4, 28, 160, 976, 5824, 35008, 209920, 1259776, 7558144, 45349888, 272097280, 1632587776, 9795518464, 58773127168, 352638730240, 2115832446976, 12694994550784, 76169967566848, 457019804876800, 2742118830309376, 16452712979759104"
A058281,add x_0_3 sub x_0_3 x_0_6,(x_0_3 add (x_0_3 sub x_0_6)),"1, 1, 1, 1, 5, 1, 1, 9, 1, 1, 13, 1, 1, 17, 1, 1, 21, 1, 1, 25, 1, 1, 29, 1, 1, 33, 1, 1, 37, 1, 1, 41, 1, 1, 45, 1, 1, 49, 1, 1, 53, 1, 1, 57, 1, 1, 61, 1, 1, 65, 1, 1, 69, 1, 1, 73, 1, 1, 77, 1, 1, 81, 1, 1, 85, 1, 1, 89, 1, 1, 93, 1, 1, 97, 1, 1, 101, 1, 1, 105, 1, 1, 109, 1, 1, 113, 1, 1"
A096221,add INT+ 8 mul x_0_3 sign x_0_6,(8 add (x_0_3 mul sign(x_0_6))),"1, 2, 3, 5, 7, 10, 13, 15, 18"
A133356,mul add x_0_1 mul x_0_2 INT+ 8 INT+ 2,((x_0_1 add (x_0_2 mul 8)) mul 2),"1, 1, 18, 52, 392, 1616, 9504, 44864, 241792, 1201408, 6271488, 31765504, 163874816, 835997696, 4293992448, 21963948032, 112631775232, 576686718976, 2955481841664, 15137951186944, 77563611840512, 397334442672128"
A203789,mul x_0_1 add INT+ 4 INT+ 3,(x_0_1 mul (4 add 3)),"112, 784, 5488, 38416, 268912, 1882384, 13176688, 92236816, 645657712, 4519603984, 31637227888, 221460595216, 1550224166512, 10851569165584, 75960984159088, 531726889113616, 3722088223795312, 26054617566567184"
A177073,mul sub mul n INT+ 9 INT+ 5 add mul n INT+ 9 INT- 4,(((n mul 9) sub 5) mul ((n mul 9) add -4)),"20, 182, 506, 992, 1640, 2450, 3422, 4556, 5852, 7310, 8930, 10712, 12656, 14762, 17030, 19460, 22052, 24806, 27722, 30800, 34040, 37442, 41006, 44732, 48620, 52670, 56882, 61256, 65792, 70490, 75350, 80372, 85556, 90902, 96410, 102080, 107912, 113906, 120062"
A037683,sub mul x_0_1 INT+ 6 mod x_0_2 INT- 4,((x_0_1 mul 6) sub (x_0_2 mod -4)),"1, 6, 39, 236, 1417, 8502, 51015, 306092, 1836553, 11019318, 66115911, 396695468, 2380172809, 14281036854, 85686221127, 514117326764, 3084703960585, 18508223763510, 111049342581063, 666296055486380, 3997776332918281"
A051872,add add x_0_1 sub x_0_1 x_0_2 sub INT+ 9 INT- 9,((x_0_1 add (x_0_1 sub x_0_2)) add (9 sub -9)),"0, 1, 20, 57, 112, 185, 276, 385, 512, 657, 820, 1001, 1200, 1417, 1652, 1905, 2176, 2465, 2772, 3097, 3440, 3801, 4180, 4577, 4992, 5425, 5876, 6345, 6832, 7337, 7860, 8401, 8960, 9537, 10132, 10745, 11376, 12025, 12692, 13377, 14080"
A002697,mul INT+ 8 sub x_0_1 add x_0_2 x_0_2,(8 mul (x_0_1 sub (x_0_2 add x_0_2))),"0, 1, 8, 48, 256, 1280, 6144, 28672, 131072, 589824, 2621440, 11534336, 50331648, 218103808, 939524096, 4026531840, 17179869184, 73014444032, 309237645312, 1305670057984, 5497558138880, 23089744183296"
A004274,add INT+ 6 mul x_0_3 sign x_0_6,(6 add (x_0_3 mul sign(x_0_6))),"0, 1, 2, 3, 5, 7, 9, 11, 13, 15, 17, 19, 21, 23, 25, 27, 29, 31, 33, 35, 37, 39, 41, 43, 45, 47, 49, 51, 53, 55, 57, 59, 61, 63, 65, 67, 69, 71, 73, 75, 77, 79, 81, 83, 85, 87, 89, 91, 93, 95, 97, 99, 101, 103, 105, 107, 109, 111, 113, 115, 117, 119, 121, 123, 125, 127, 129, 131"
A285184,add x_0_1 add x_0_3 x_0_1,(x_0_1 add (x_0_3 add x_0_1)),"1, 3, 5, 11, 25, 55, 121, 267, 589, 1299, 2865, 6319, 13937, 30739, 67797, 149531, 329801, 727399, 1604329, 3538459, 7804317, 17212963, 37964385, 83733087, 184679137, 407322659, 898378405, 1981435947, 4370194553, 9638767511, 21258970969, 46888136491, 103415040493, 228089051955"
A170738,add mul INT+ 9 add x_0_1 x_0_1 idiv INT+ 2 n,((9 mul (x_0_1 add x_0_1)) add (2 idiv n)),"1, 19, 342, 6156, 110808, 1994544, 35901792, 646232256, 11632180608, 209379250944, 3768826516992, 67838877305856, 1221099791505408, 21979796247097344, 395636332447752192, 7121453984059539456, 128186171713071710208, 2307351090835290783744, 41532319635035234107392"
A053983,sub mul x_0_1 sub add n n INT+ 3 x_0_2,((x_0_1 mul ((n add n) sub 3)) sub x_0_2),"1, 1, 2, 9, 61, 540, 5879, 75887, 1132426, 19175355, 363199319, 7608010344, 174621038593, 4357917954481, 117489163732394, 3402827830284945, 105370173575100901, 3473812900148044788, 121478081331606466679, 4491215196369291222335, 175035914577070751204386"
A013804,mul x_0_1 sqr sqr sqr INT- 4,(x_0_1 mul (((-4)**2)**2)**2),"16, 1048576, 68719476736, 4503599627370496, 295147905179352825856, 19342813113834066795298816, 1267650600228229401496703205376, 83076749736557242056487941267521536, 5444517870735015415413993718908291383296"
A181983,sub x_0_2 sub x_0_1 x_0_3,(x_0_2 sub (x_0_1 sub x_0_3)),"0, 1, -2, 3, -4, 5, -6, 7, -8, 9, -10, 11, -12, 13, -14, 15, -16, 17, -18, 19, -20, 21, -22, 23, -24, 25, -26, 27, -28, 29, -30, 31, -32, 33, -34, 35, -36, 37, -38, 39, -40, 41, -42, 43, -44, 45, -46, 47, -48, 49, -50, 51, -52, 53, -54, 55, -56, 57, -58, 59"
A013851,mul x_0_1 mul sqr sqr INT- 9 INT+ 9,(x_0_1 mul (((-9)**2)**2 mul 9)),"81, 4782969, 282429536481, 16677181699666569, 984770902183611232881, 58149737003040059690390169, 3433683820292512484657849089281, 202755595904452569706561330872953769, 11972515182562019788602740026717047105681"
A013745,mul x_0_1 mul sqr INT- 9 INT+ 9,(x_0_1 mul ((-9)**2 mul 9)),"81, 59049, 43046721, 31381059609, 22876792454961, 16677181699666569, 12157665459056928801, 8862938119652501095929, 6461081889226673298932241, 4710128697246244834921603689, 3433683820292512484657849089281"
A017216,sqr sqr sqr add INT- 5 mul INT+ 9 n,((((-5 add (9 mul n)))**2)**2)**2,"65536, 815730721, 54875873536, 852891037441, 6553600000000, 33232930569601, 128063081718016, 406067677556641, 1113034787454976, 2724905250390625, 6095689385410816, 12667700813876161, 24759631762948096"
A017360,sqr sqr sqr add INT- 3 mul INT+ 1 0 n,((((-3 add (10 mul n)))**2)**2)**2,"5764801, 6975757441, 282429536481, 3512479453921, 23811286661761, 111429157112001, 406067677556641, 1235736291547681, 3282116715437121, 7837433594376961, 17181861798319201, 35114532758015841, 67675234241018881"
A017036,sqr sqr sqr add INT- 3 mul INT+ 7 n,((((-3 add (7 mul n)))**2)**2)**2,"65536, 214358881, 11019960576, 152587890625, 1099511627776, 5352009260481, 20047612231936, 62259690411361, 167961600000000, 406067677556641, 899194740203776, 1853020188851841, 3596345248055296"
A017612,sqr sqr sqr sub INT+ 5 mul add n n INT+ 6,((((5 sub ((n add n) mul 6)))**2)**2)**2,"5764801, 16983563041, 852891037441, 11688200277601, 83733937890625, 406067677556641, 1517108809906561, 4702525276151521, 12667700813876161, 30590228625390625, 67675234241018881, 139353667211683681"
A017624,sqr sqr sqr sub INT+ 4 mul add n n INT+ 6,((((4 sub ((n add n) mul 6)))**2)**2)**2,"16777216, 25600000000, 1099511627776, 14048223625216, 96717311574016, 457163239653376, 1677721600000000, 5132188731375616, 13685690504052736, 32784148919812096, 72057594037927936, 147578905600000000"
A017108,sqr sqr sqr sub INT+ 5 mul n INT+ 8,((((5 sub (n mul 8)))**2)**2)**2,"6561, 214358881, 16983563041, 282429536481, 2251875390625, 11688200277601, 45767944570401, 146830437604321, 406067677556641, 1001129150390625, 2252292232139041, 4702525276151521, 9227446944279201"
A015525,sub mul INT+ 3 x_0_1 mul INT- 8 x_0_2,((3 mul x_0_1) sub (-8 mul x_0_2)),"0, 1, 3, 17, 75, 361, 1683, 7937, 37275, 175321, 824163, 3875057, 18218475, 85655881, 402715443, 1893393377, 8901903675, 41852858041, 196773803523, 925144274897, 4349623252875, 20450023957801, 96147057896403"
A067421,mul x_0_1 add INT+ 8 mod INT+ 1 0 sqr x_0_1,(x_0_1 mul (8 add (10 mod (x_0_1)**2))),"1, 8, 144, 2592, 46656, 839808, 15116544, 272097792, 4897760256, 88159684608, 1586874322944, 28563737812992, 514147280633856, 9254651051409408, 166583718925369344, 2998506940656648192"
A273052,sub mul sqr INT- 4 x_0_1 x_0_2,(((-4)**2 mul x_0_1) sub x_0_2),"2, 34, 542, 8638, 137666, 2194018, 34966622, 557271934, 8881384322, 141544877218, 2255836651166, 35951841541438, 572973628011842, 9131626206648034, 145533045678356702, 2319397104647059198, 36964820628674590466, 589117732954146388258, 9388918906637667621662"
A041113,add mul sqr INT+ 4 x_0_1 x_0_2,(((4)**2 mul x_0_1) add x_0_2),"1, 16, 257, 4128, 66305, 1065008, 17106433, 274767936, 4413393409, 70889062480, 1138638393089, 18289103351904, 293764292023553, 4718517775728752, 75790048703683585, 1217359297034666112, 19553538801258341377, 314073980117168128144, 5044737220675948391681, 81029869510932342395040"
A005252,add x_0_1 sub x_0_1 sub x_0_2 x_0_4,(x_0_1 add (x_0_1 sub (x_0_2 sub x_0_4))),"1, 1, 1, 1, 2, 4, 7, 11, 17, 27, 44, 72, 117, 189, 305, 493, 798, 1292, 2091, 3383, 5473, 8855, 14328, 23184, 37513, 60697, 98209, 158905, 257114, 416020, 673135, 1089155, 1762289, 2851443, 4613732, 7465176, 12078909, 19544085, 31622993"
A078001,add x_0_1 sub x_0_1 add x_0_3 x_0_2,(x_0_1 add (x_0_1 sub (x_0_3 add x_0_2))),"1, 1, 1, 0, -2, -5, -8, -9, -5, 7, 28, 54, 73, 64, 1, -135, -335, -536, -602, -333, 472, 1879, 3619, 4887, 4276, 46, -9071, -22464, -35903, -40271, -22175, 31824, 126094, 242539, 327160, 285687, 1675, -609497, -1506356, -2404890, -2693927, -1476608, 2145601, 8461737, 16254481, 21901624"
A117917,add mul INT+ 3 x_0_1 add sub n sign n x_0_2,((3 mul x_0_1) add ((n sub sign(n)) add x_0_2)),"1, 4, 15, 52, 175, 582, 1927, 6370, 21045, 69514, 229597, 758316, 2504557, 8272000, 27320571, 90233728, 298021771, 984299058, 3250918963, 10737055966, 35462086881, 117123316630, 386832036793, 1277619427032, 4219690317913"
A110593,mul INT+ 3 mul x_0_1 sign x_0_2,(3 mul (x_0_1 mul sign(x_0_2))),"3, 6, 18, 54, 162, 486, 1458, 4374, 13122, 39366, 118098, 354294, 1062882, 3188646, 9565938, 28697814, 86093442, 258280326, 774840978, 2324522934, 6973568802, 20920706406, 62762119218, 188286357654, 564859072962, 1694577218886"
A094967,sub mul INT+ 3 x_0_2 x_0_4,((3 mul x_0_2) sub x_0_4),"1, 1, 2, 2, 5, 5, 13, 13, 34, 34, 89, 89, 233, 233, 610, 610, 1597, 1597, 4181, 4181, 10946, 10946, 28657, 28657, 75025, 75025, 196418, 196418, 514229, 514229, 1346269, 1346269, 3524578, 3524578, 9227465, 9227465, 24157817, 24157817, 63245986, 63245986, 165580141, 165580141"
A210695,sub mul x_0_1 INT+ 6 add x_0_2 INT- 6,((x_0_1 mul 6) sub (x_0_2 add -6)),"0, 1, 12, 77, 456, 2665, 15540, 90581, 527952, 3077137, 17934876, 104532125, 609257880, 3551015161, 20696833092, 120629983397, 703083067296, 4097868420385, 23884127455020, 139206896309741, 811357250403432, 4728936606110857, 27562262386261716"
A051873,add sub x_0_1 sub x_0_2 x_0_1 sub INT+ 1 0 INT- 9,((x_0_1 sub (x_0_2 sub x_0_1)) add (10 sub -9)),"0, 1, 21, 60, 118, 195, 291, 406, 540, 693, 865, 1056, 1266, 1495, 1743, 2010, 2296, 2601, 2925, 3268, 3630, 4011, 4411, 4830, 5268, 5725, 6201, 6696, 7210, 7743, 8295, 8866, 9456, 10065, 10693, 11340, 12006, 12691, 13395, 14118"
A051865,add sub x_0_1 sub x_0_2 x_0_1 sub INT+ 9 INT- 2,((x_0_1 sub (x_0_2 sub x_0_1)) add (9 sub -2)),"0, 1, 13, 36, 70, 115, 171, 238, 316, 405, 505, 616, 738, 871, 1015, 1170, 1336, 1513, 1701, 1900, 2110, 2331, 2563, 2806, 3060, 3325, 3601, 3888, 4186, 4495, 4815, 5146, 5488, 5841, 6205, 6580, 6966, 7363, 7771, 8190, 8620, 9061, 9513"
A250654,sub mul INT+ 3 x_0_1 mod INT- 6 x_0_1,((3 mul x_0_1) sub (-6 mod x_0_1)),"64, 134, 274, 554, 1114, 2234, 4474, 8954, 17914, 35834, 71674, 143354, 286714, 573434, 1146874, 2293754, 4587514, 9175034, 18350074, 36700154, 73400314, 146800634, 293601274, 587202554, 1174405114, 2348810234, 4697620474"
A205248,sub mul x_0_1 INT+ 3 INT+ 8,((x_0_1 mul 3) sub 8),"16, 40, 112, 328, 976, 2920, 8752, 26248, 78736, 236200, 708592, 2125768, 6377296, 19131880, 57395632, 172186888, 516560656, 1549681960, 4649045872, 13947137608, 41841412816, 125524238440, 376572715312, 1129718145928, 3389154437776"
A320469,sub mul INT+ 3 x_0_1 mul INT- 1 0 x_0_2,((3 mul x_0_1) sub (-10 mul x_0_2)),"1, 1, 13, 49, 277, 1321, 6733, 33409, 167557, 836761, 4185853, 20925169, 104634037, 523153801, 2615801773, 13078943329, 65394847717, 326973976441, 1634870406493, 8174350983889, 40871757016597, 204358780888681, 1021793912832013, 5108969547382849, 25544847770468677"
A007052,sub mul x_0_1 INT+ 4 add x_0_2 x_0_2,((x_0_1 mul 4) sub (x_0_2 add x_0_2)),"1, 3, 10, 34, 116, 396, 1352, 4616, 15760, 53808, 183712, 627232, 2141504, 7311552, 24963200, 85229696, 290992384, 993510144, 3392055808, 11581202944, 39540700160, 135000394752, 460920178688, 1573679925248"
A010384,add INT+ 7 add x_0_6 INT+ 4,(7 add (x_0_6 add 4)),"0, 1, 3, 4, 5, 9, 11, 12, 14, 15, 16, 20"
A207832,sub mul INT+ 9 add x_0_1 x_0_1 x_0_2,((9 mul (x_0_1 add x_0_1)) sub x_0_2),"0, 2, 36, 646, 11592, 208010, 3732588, 66978574, 1201881744, 21566892818, 387002188980, 6944472508822, 124613502969816, 2236098580947866, 40125160954091772, 720016798592704030"
A122117,sub mul INT+ 4 add x_0_1 x_0_2 x_0_1,((4 mul (x_0_1 add x_0_2)) sub x_0_1),"1, 2, 10, 38, 154, 614, 2458, 9830, 39322, 157286, 629146, 2516582, 10066330, 40265318, 161061274, 644245094, 2576980378, 10307921510, 41231686042, 164926744166, 659706976666, 2638827906662, 10555311626650, 42221246506598"
A225883,sub mul x_0_1 INT- 3 add x_0_2 x_0_2,((x_0_1 mul -3) sub (x_0_2 add x_0_2)),"0, 1, -3, 7, -15, 31, -63, 127, -255, 511, -1023, 2047, -4095, 8191, -16383, 32767, -65535, 131071, -262143, 524287, -1048575, 2097151, -4194303, 8388607, -16777215, 33554431, -67108863, 134217727, -268435455, 536870911, -1073741823, 2147483647, -4294967295"
A013805,mul x_0_1 sqr sqr sqr INT- 4,(x_0_1 mul (((-4)**2)**2)**2),"4096, 268435456, 17592186044416, 1152921504606846976, 75557863725914323419136, 4951760157141521099596496896, 324518553658426726783156020576256, 21267647932558653966460912964485513216, 1393796574908163946345982392040522594123776"
A013849,mul sqr sqr INT- 8 mul x_0_1 INT+ 8,(((-8)**2)**2 mul (x_0_1 mul 8)),"4096, 134217728, 4398046511104, 144115188075855872, 4722366482869645213696, 154742504910672534362390528, 5070602400912917605986812821504, 166153499473114484112975882535043072, 5444517870735015415413993718908291383296"
A017440,sqr sqr add mul n INT- 1 0 sub INT+ 7 n,((((n mul -10) add (7 sub n)))**2)**2,"256, 50625, 456976, 1874161, 5308416, 12117361, 24010000, 43046721, 71639296, 112550881, 168896016, 244140625, 342102016, 466948881, 623201296, 815730721, 1049760000, 1330863361, 1664966416, 2058346161, 2517630976, 3049800625, 3662186256, 4362470401, 5158686976, 6059221281"
A190958,add mul INT- 1 0 x_0_2 add x_0_1 x_0_1,((-10 mul x_0_2) add (x_0_1 add x_0_1)),"0, 1, 2, -6, -32, -4, 312, 664, -1792, -10224, -2528, 97184, 219648, -532544, -3261568, -1197696, 30220288, 72417536, -157367808, -1038910976, -504143872, 9380822016, 23803082752, -46202054656, -330434936832, -198849327104, 2906650714112, 7801794699264"
A159675,sub mul x_0_1 mul INT+ 8 INT+ 4 x_0_2,((x_0_1 mul (8 mul 4)) sub x_0_2),"1, 33, 1055, 33727, 1078209, 34468961, 1101928543, 35227244415, 1126169892737, 36002209323169, 1150944528448671, 36794222701034303, 1176264181904649025, 37603659598247734497, 1202140842962022854879, 38430903315186483621631, 1228586765243005453037313"
A337929,sub mul x_0_1 INT+ 7 sub x_0_2 INT+ 3,((x_0_1 mul 7) sub (x_0_2 sub 3)),"1, 11, 79, 545, 3739, 25631, 175681, 1204139, 8253295, 56568929, 387729211, 2657535551, 18215019649, 124847601995, 855718194319, 5865179758241, 40200540113371, 275538601035359, 1888569667134145, 12944449068903659, 88722573815191471, 608113567637436641"
A209084,add mul x_0_2 INT+ 4 add x_0_1 x_0_1,((x_0_2 mul 4) add (x_0_1 add x_0_1)),"0, 4, 8, 32, 96, 320, 1024, 3328, 10752, 34816, 112640, 364544, 1179648, 3817472, 12353536, 39976960, 129368064, 418643968, 1354760192, 4384096256, 14187233280, 45910851584, 148570636288, 480784678912, 1555851902976, 5034842521600, 16293092655104"
A075844,sub mul INT+ 1 0 add x_0_1 x_0_1 x_0_2,((10 mul (x_0_1 add x_0_1)) sub x_0_2),"0, 6, 120, 2394, 47760, 952806, 19008360, 379214394, 7565279520, 150926376006, 3010962240600, 60068318435994, 1198355406479280, 23907039811149606, 476942440816512840, 9514941776519107194, 189821893089565631040"
A350922,sub mul x_0_1 INT+ 7 add x_0_2 INT+ 4,((x_0_1 mul 7) sub (x_0_2 add 4)),"2, 5, 29, 194, 1325, 9077, 62210, 426389, 2922509, 20031170, 137295677, 941038565, 6449974274, 44208781349, 303011495165, 2076871684802, 14235090298445, 97568760404309, 668746232531714, 4583654867317685, 31416837838692077, 215334210003526850, 1475922632185995869"
A243670,sub mul x_0_1 INT+ 8 add x_0_2 x_0_2,((x_0_1 mul 8) sub (x_0_2 add x_0_2)),"1, 7, 54, 418, 3236"
A247563,sub mul sub x_0_1 x_0_2 INT+ 3 x_0_2,(((x_0_1 sub x_0_2) mul 3) sub x_0_2),"2, 3, 1, -9, -31, -57, -47, 87, 449, 999, 1201, -393, -5983, -16377, -25199, -10089, 70529, 251943, 473713, 413367, -654751, -3617721, -8234159, -10231593, 2241857, 47651943, 133988401, 211357431, 98118689, -551073657, -2045695727, -3932792553, -3615594751"
A057069,idiv sqr sqr sqr INT- 7 mul INT+ 7 n,((((-7)**2)**2)**2 idiv (7 mul n)),"823543, 411771, 274514, 205885, 164708, 137257, 117649, 102942, 91504, 82354, 74867, 68628, 63349, 58824, 54902, 51471, 48443, 45752, 43344, 41177, 39216, 37433, 35806, 34314, 32941, 31674, 30501, 29412, 28398, 27451, 26565, 25735"
A287839,add mul INT+ 1 0 x_0_1 mul INT+ 7 x_0_2,((10 mul x_0_1) add (7 mul x_0_2)),"1, 11, 117, 1247, 13289, 141619, 1509213, 16083463, 171399121, 1826575451, 19465548357, 207441511727, 2210673955769, 23558830139779, 251063019088173, 2675542001860183, 28512861152219041, 303857405535211691, 3238164083417650197, 34508642672922983807"
A007582,sub mul x_0_1 INT+ 6 mul INT+ 8 x_0_2,((x_0_1 mul 6) sub (8 mul x_0_2)),"1, 3, 10, 36, 136, 528, 2080, 8256, 32896, 131328, 524800, 2098176, 8390656, 33558528, 134225920, 536887296, 2147516416, 8590000128, 34359869440, 137439215616, 549756338176, 2199024304128, 8796095119360, 35184376283136"
A098648,sub mul x_0_1 INT+ 6 mul INT+ 4 x_0_2,((x_0_1 mul 6) sub (4 mul x_0_2)),"1, 3, 14, 72, 376, 1968, 10304, 53952, 282496, 1479168, 7745024, 40553472, 212340736, 1111830528, 5821620224, 30482399232, 159607914496, 835717890048, 4375875682304, 22912382533632, 119970792472576, 628175224700928, 3289168178315264, 17222308171087872"
A049072,sub mul INT+ 4 sub x_0_1 x_0_2 x_0_1,((4 mul (x_0_1 sub x_0_2)) sub x_0_1),"1, 3, 5, 3, -11, -45, -91, -93, 85, 627, 1541, 2115, 181, -7917, -24475, -41757, -27371, 84915, 364229, 753027, 802165, -605613, -5025499, -12654045, -17860139, -2964237, 62547845, 199500483, 348310069, 246928275, -652455451, -2945079453, -6225416555"
A141520,mul add x_0_1 x_0_3 x_0_2,((x_0_1 add x_0_3) mul x_0_2),"0, 1, 1, 1, 2, 3, 8, 30, 264, 8160, 2162160, 17645379840, 38152152118080000, 673209215875134265982054400, 25684380411361480419900838705211915059200000"
A170739,mul x_0_1 sub mul INT+ 6 INT+ 3 idiv INT- 3 n,(x_0_1 mul ((6 mul 3) sub (-3 idiv n))),"1, 20, 380, 7220, 137180, 2606420, 49521980, 940917620, 17877434780, 339671260820, 6453753955580, 122621325156020, 2329805177964380, 44266298381323220, 841059669245141180, 15980133715657682420, 303622540597495965980, 5768828271352423353620, 109607737155696043718780"
A164604,sub mul INT+ 6 x_0_1 x_0_2,((6 mul x_0_1) sub x_0_2),"1, 19, 113, 659, 3841, 22387, 130481, 760499, 4432513, 25834579, 150574961, 877615187, 5115116161, 29813081779, 173763374513, 1012767165299, 5902839617281, 34404270538387, 200522783613041, 1168732431139859"
A218736,add mul x_0_1 mul INT+ 8 INT+ 4 add sign n x_0_1,((x_0_1 mul (8 mul 4)) add (sign(n) add x_0_1)),"0, 1, 34, 1123, 37060, 1222981, 40358374, 1331826343, 43950269320, 1450358887561, 47861843289514, 1579440828553963, 52121547342280780, 1720011062295265741, 56760365055743769454, 1873092046839544391983, 61812037545704964935440, 2039797239008263842869521"
A061167,mul add INT- 1 n add sqr sqr add INT- 1 n INT- 1,((-1 add n) mul ((((-1 add n))**2)**2 add -1)),"0, 0, 30, 240, 1020, 3120, 7770, 16800, 32760, 59040, 99990, 161040, 248820, 371280, 537810, 759360, 1048560, 1419840, 1889550, 2476080, 3199980, 4084080, 5153610, 6436320, 7962600, 9765600, 11881350, 14348880, 17210340, 20511120, 24299970, 28629120"
A054604,mul add INT- 1 n add sqr sqr add n INT- 1 INT+ 4,((-1 add n) mul ((((n add -1))**2)**2 add 4)),"0, 5, 40, 255, 1040, 3145, 7800, 16835, 32800, 59085, 100040, 161095, 248880, 371345, 537880, 759435, 1048640, 1419925, 1889640, 2476175, 3200080, 4084185, 5153720, 6436435, 7962720, 9765725, 11881480, 14349015, 17210480, 20511265"
A205354,sub INT- 6 mul INT- 4 x_0_1,(-6 sub (-4 mul x_0_1)),"14, 50, 194, 770, 3074, 12290, 49154, 196610, 786434, 3145730, 12582914, 50331650, 201326594, 805306370, 3221225474, 12884901890, 51539607554, 206158430210, 824633720834, 3298534883330, 13194139533314, 52776558133250"
A097780,sub mul sqr INT+ 5 x_0_1 x_0_2,(((5)**2 mul x_0_1) sub x_0_2),"1, 25, 624, 15575, 388751, 9703200, 242191249, 6045078025, 150884759376, 3766073906375, 94000962899999, 2346257998593600, 58562449001940001, 1461714967049906425, 36484311727245720624, 910646078214093109175"
A158551,sub mul n add mul n sqr INT- 5 n sign n,((n mul ((n mul (-5)**2) add n)) sub sign(n)),"25, 103, 233, 415, 649, 935, 1273, 1663, 2105, 2599, 3145, 3743, 4393, 5095, 5849, 6655, 7513, 8423, 9385, 10399, 11465, 12583, 13753, 14975, 16249, 17575, 18953, 20383, 21865, 23399, 24985, 26623, 28313, 30055, 31849, 33695, 35593, 37543, 39545, 41599, 43705"
A256833,mul add INT- 2 mul INT+ 8 n add add n n INT- 1,((-2 add (8 mul n)) mul ((n add n) add -1)),"6, 42, 110, 210, 342, 506, 702, 930, 1190, 1482, 1806, 2162, 2550, 2970, 3422, 3906, 4422, 4970, 5550, 6162, 6806, 7482, 8190, 8930, 9702, 10506, 11342, 12210, 13110, 14042, 15006, 16002, 17030, 18090, 19182, 20306, 21462, 22650, 23870, 25122, 26406"
A094085,mul INT+ 8 mul x_0_1 sign x_0_2,(8 mul (x_0_1 mul sign(x_0_2))),"3, 96, 768, 6144, 49152, 393216, 3145728, 25165824, 201326592, 1610612736, 12884901888, 103079215104, 824633720832, 6597069766656, 52776558133248, 422212465065984, 3377699720527872, 27021597764222976, 216172782113783808"
A199114,sub mul x_0_1 INT+ 3 INT+ 2,((x_0_1 mul 3) sub 2),"12, 34, 100, 298, 892, 2674, 8020, 24058, 72172, 216514, 649540, 1948618, 5845852, 17537554, 52612660, 157837978, 473513932, 1420541794, 4261625380, 12784876138, 38354628412, 115063885234, 345191655700, 1035574967098, 3106724901292"
A099938,sub mul x_0_1 INT+ 6 sub x_0_2 INT- 4,((x_0_1 mul 6) sub (x_0_2 sub -4)),"2, 4, 18, 100, 578, 3364, 19602, 114244, 665858, 3880900, 22619538, 131836324, 768398402, 4478554084, 26102926098, 152139002500, 886731088898, 5168247530884, 30122754096402, 175568277047524, 1023286908188738, 5964153172084900, 34761632124320658"
A091927,sub mul INT+ 6 add x_0_1 x_0_2 x_0_2,((6 mul (x_0_1 add x_0_2)) sub x_0_2),"1, 0, 5, 30, 205, 1380, 9305, 62730, 422905, 2851080, 19221005, 129581430, 873593605, 5889468780, 39704780705, 267676028130, 1804580072305, 12165860574480, 82018063808405, 552937685722830, 3727716433379005"
A056182,sub mul INT- 6 sub x_0_2 x_0_1 x_0_1,((-6 mul (x_0_2 sub x_0_1)) sub x_0_1),"0, 2, 10, 38, 130, 422, 1330, 4118, 12610, 38342, 116050, 350198, 1054690, 3172262, 9533170, 28632278, 85962370, 258018182, 774316690, 2323474358, 6971471650, 20916512102, 62753730610, 188269580438, 564825518530"
A152268,sub mul sub x_0_1 x_0_2 INT+ 8 x_0_1,(((x_0_1 sub x_0_2) mul 8) sub x_0_1),"0, 1, 7, 41, 231, 1289, 7175, 39913, 221991, 1234633, 6866503, 38188457, 212387175, 1181202569, 6569320583, 36535623529, 203194800039, 1130078612041, 6284991883975, 34954314291497, 194400264968679, 1081167340448777"
A110523,sub mul INT- 3 x_0_2 x_0_1,((-3 mul x_0_2) sub x_0_1),"1, 0, -3, 3, 6, -15, -3, 48, -39, -105, 222, 93, -759, 480, 1797, -3237, -2154, 11865, -5403, -30192, 46401, 44175, -183378, 50853, 499281, -651840, -846003, 2801523, -263514, -8141055, 8931597, 15491568, -42286359, -4188345, 131047422, -118482387, -274659879, 630107040, 193872597"
A015551,sub mul INT+ 6 add x_0_1 x_0_2 x_0_2,((6 mul (x_0_1 add x_0_2)) sub x_0_2),"0, 1, 6, 41, 276, 1861, 12546, 84581, 570216, 3844201, 25916286, 174718721, 1177893756, 7940956141, 53535205626, 360916014461, 2433172114896, 16403612761681, 110587537144566, 745543286675801, 5026197405777636"
A015540,sub mul INT+ 6 add x_0_2 x_0_1 x_0_1,((6 mul (x_0_2 add x_0_1)) sub x_0_1),"0, 1, 5, 31, 185, 1111, 6665, 39991, 239945, 1439671, 8638025, 51828151, 310968905, 1865813431, 11194880585, 67169283511, 403015701065, 2418094206391, 14508565238345, 87051391430071, 522308348580425"
A013852,mul mul x_0_1 sqr sqr INT- 9 INT+ 9,((x_0_1 mul ((-9)**2)**2) mul 9),"729, 43046721, 2541865828329, 150094635296999121, 8862938119652501095929, 523347633027360537213511521, 30903154382632612361920641803529, 1824800363140073127359051977856583921, 107752636643058178097424660240453423951129"
A291582,mul INT+ 6 sub mul INT+ 6 sqr n n,(6 mul ((6 mul (n)**2) sub n)),"30, 132, 306, 552, 870, 1260, 1722, 2256, 2862, 3540, 4290, 5112, 6006, 6972, 8010, 9120, 10302, 11556, 12882, 14280, 15750, 17292, 18906, 20592, 22350, 24180, 26082, 28056, 30102, 32220, 34410, 36672, 39006, 41412, 43890, 46440, 49062, 51756, 54522, 57360, 60270, 63252"
A077243,sub mul INT+ 8 x_0_1 x_0_2,((8 mul x_0_1) sub x_0_2),"2, 17, 134, 1055, 8306, 65393, 514838, 4053311, 31911650, 251239889, 1978007462, 15572819807, 122604550994, 965263588145, 7599504154166, 59830769645183, 471046653007298, 3708542454413201, 29197292982298310"
A037636,sub add mul x_0_1 INT+ 8 INT+ 3 mod n INT+ 3,(((x_0_1 mul 8) add 3) sub (n mod 3)),"2, 17, 139, 1114, 8913, 71307, 570458, 4563665, 36509323, 292074586, 2336596689, 18692773515, 149542188122, 1196337504977, 9570700039819, 76565600318554, 612524802548433, 4900198420387467"
A302757,add add x_0_1 mul INT+ 4 sub x_0_1 x_0_2 INT+ 2,((x_0_1 add (4 mul (x_0_1 sub x_0_2))) add 2),"1, 3, 13, 55, 225, 907, 3637, 14559, 58249, 233011, 932061, 3728263, 14913073, 59652315, 238609285, 954437167, 3817748697, 15270994819, 61083979309, 244335917271, 977343669121, 3909374676523, 15637498706133, 62549994824575, 250199979298345, 1000799917193427"
A026565,mul INT+ 6 mul x_0_2 sign x_0_3,(6 mul (x_0_2 mul sign(x_0_3))),"1, 3, 9, 18, 54, 108, 324, 648, 1944, 3888, 11664, 23328, 69984, 139968, 419904, 839808, 2519424, 5038848, 15116544, 30233088, 90699264, 181398528, 544195584, 1088391168, 3265173504, 6530347008, 19591041024, 39182082048"
A081016,sub mul x_0_1 INT+ 7 sub x_0_2 INT- 1,((x_0_1 mul 7) sub (x_0_2 sub -1)),"1, 6, 40, 273, 1870, 12816, 87841, 602070, 4126648, 28284465, 193864606, 1328767776, 9107509825, 62423800998, 427859097160, 2932589879121, 20100270056686, 137769300517680, 944284833567073, 6472224534451830"
A246036,add x_0_1 sub x_0_1 mul INT- 8 x_0_2,(x_0_1 add (x_0_1 sub (-8 mul x_0_2))),"1, 6, 20, 88, 336, 1376, 5440, 21888, 87296, 349696, 1397760, 5593088, 22368256, 89481216, 357908480, 1431666688, 5726601216, 22906535936, 91625881600, 366504050688, 1466015154176, 5864062713856, 23456246661120, 93824995033088, 375299963355136, 1501199886974976, 6004799480791040, 24019198057381888"
A097781,sub mul INT+ 9 mul INT+ 3 x_0_1 x_0_2,((9 mul (3 mul x_0_1)) sub x_0_2),"1, 27, 728, 19629, 529255, 14270256, 384767657, 10374456483, 279725557384, 7542215592885, 203360095450511, 5483180361570912, 147842509666964113, 3986264580646460139, 107481301167787459640, 2898008866949614950141"
A056207,mul add x_0_1 INT+ 3 add sign n x_0_1,((x_0_1 add 3) mul (sign(n) add x_0_1)),"3, 24, 675, 458328, 210066388899, 44127887745906175987800, 1947270476915296449559703445493848930452791203, 3791862310265926082868235028027893277370233152247388584761734150717768254410341175325352024"
A001652,sub mul x_0_1 INT+ 6 sub x_0_2 INT+ 2,((x_0_1 mul 6) sub (x_0_2 sub 2)),"0, 3, 20, 119, 696, 4059, 23660, 137903, 803760, 4684659, 27304196, 159140519, 927538920, 5406093003, 31509019100, 183648021599, 1070379110496, 6238626641379, 36361380737780, 211929657785303, 1235216565974040"
A077249,sub mul INT+ 1 0 x_0_1 x_0_2,((10 mul x_0_1) sub x_0_2),"2, 21, 208, 2059, 20382, 201761, 1997228, 19770519, 195707962, 1937309101, 19177383048, 189836521379, 1879187830742, 18602041786041, 184141230029668, 1822810258510639, 18043961355076722, 178616803292256581, 1768124071567489088, 17502623912382634299"
A064374,add x_0_1 mul INT+ 3 x_0_5,(x_0_1 add (3 mul x_0_5)),"2, 4, 6, 10, 12, 18, 30"
A152224,add mul x_0_2 INT+ 6 mul INT+ 4 x_0_1,((x_0_2 mul 6) add (4 mul x_0_1)),"1, 6, 30, 156, 804, 4152, 21432, 110640, 571152, 2948448, 15220704, 78573504, 405618240, 2093913984, 10809365376, 55800945408, 288059973888, 1487045568000, 7676542115328, 39628441869312, 204573020169216, 1056062731892736, 5451689048586240, 28143132585701376"
A163302,mul add x_0_3 x_0_2 INT+ 8,((x_0_3 add x_0_2) mul 8),"1, 6, 16, 56, 176, 576, 1856, 6016, 19456, 62976, 203776, 659456, 2134016, 6905856, 22347776, 72318976, 234029056, 757334016, 2450784256, 7930904576, 25664946176, 83053510656, 268766806016, 869747654656, 2814562533376, 9108115685376, 29474481504256"
A137199,add mul x_0_2 INT+ 3 add x_0_1 x_0_3,((x_0_2 mul 3) add (x_0_1 add x_0_3)),"1, 1, 1, 5, 9, 25, 57, 141, 337, 817, 1969, 4757, 11481, 27721, 66921, 161565, 390049, 941665, 2273377, 5488421, 13250217, 31988857, 77227929, 186444717, 450117361, 1086679441, 2623476241, 6333631925, 15290740089, 36915112105, 89120964297"
A106854,add mul x_0_2 INT- 5 x_0_1,((x_0_2 mul -5) add x_0_1),"1, 1, -4, -9, 11, 56, 1, -279, -284, 1111, 2531, -3024, -15679, -559, 77836, 80631, -308549, -711704, 831041, 4389561, 234356, -21713449, -22885229, 85682016, 200108161, -228301919, -1228842724, -87333129, 6056880491, 6493546136, -23790856319, -56258586999, 62695694596, 343988629591"
A108146,sub mul INT+ 4 x_0_1 add x_0_3 x_0_2,((4 mul x_0_1) sub (x_0_3 add x_0_2)),"1, 1, 1, 2, 6, 21, 76, 277, 1011, 3691, 13476, 49202, 179641, 655886, 2394701, 8743277, 31922521, 116552106, 425542626, 1553695877, 5672688776, 20711516601, 75619681751, 276094521627, 1008046888156, 3680473349246, 13437751987201"
A139617,mul add INT- 7 mul INT+ 8 n sub INT+ 1 0 INT- 7,((-7 add (8 mul n)) mul (10 sub -7)),"17, 153, 289, 425, 561, 697, 833, 969, 1105, 1241, 1377, 1513, 1649, 1785, 1921, 2057, 2193, 2329, 2465, 2601, 2737, 2873, 3009, 3145, 3281, 3417, 3553, 3689, 3825, 3961, 4097, 4233, 4369, 4505, 4641, 4777, 4913, 5049, 5185, 5321"
A052534,add x_0_1 add sub x_0_1 x_0_3 x_0_2,(x_0_1 add ((x_0_1 sub x_0_3) add x_0_2)),"1, 2, 4, 9, 20, 45, 101, 227, 510, 1146, 2575, 5786, 13001, 29213, 65641, 147494, 331416, 744685, 1673292, 3759853, 8448313, 18983187, 42654834, 95844542, 215360731, 483911170, 1087338529, 2443227497, 5489882353, 12335653674"
A272912,add x_0_2 mul x_0_4 sign x_0_6,(x_0_2 add (x_0_4 mul sign(x_0_6))),"1, 1, 1, 1, 2, 1, 3, 2, 5, 3, 8, 5, 13, 8, 21, 13, 34, 21, 55, 34, 89, 55, 144, 89, 233, 144, 377, 233, 610, 377, 987, 610, 1597, 987, 2584, 1597, 4181, 2584, 6765, 4181, 10946, 6765, 17711, 10946, 28657, 17711, 46368, 28657, 75025, 46368, 121393, 75025"
A196731,sub mul INT+ 6 add x_0_1 x_0_1 idiv INT+ 2 n,((6 mul (x_0_1 add x_0_1)) sub (2 idiv n)),"1, 11, 132, 1584, 19008, 228096, 2737152, 32845824, 394149888, 4729798656, 56757583872, 681091006464, 8173092077568, 98077104930816, 1176925259169792, 14123103110037504, 169477237320450048"
A011945,sub mul INT+ 7 add x_0_1 x_0_1 x_0_2,((7 mul (x_0_1 add x_0_1)) sub x_0_2),"0, 6, 84, 1170, 16296, 226974, 3161340, 44031786, 613283664, 8541939510, 118973869476, 1657092233154, 23080317394680, 321467351292366, 4477462600698444, 62363009058485850, 868604664218103456, 12098102289994962534, 168504827395711372020, 2346969481249964245746"
A218729,add mul x_0_1 sqr INT- 5 add sign n x_0_1,((x_0_1 mul (-5)**2) add (sign(n) add x_0_1)),"0, 1, 27, 703, 18279, 475255, 12356631, 321272407, 8353082583, 217180147159, 5646683826135, 146813779479511, 3817158266467287, 99246114928149463, 2580398988131886039, 67090373691429037015, 1744349715977154962391"
A164093,add mul INT+ 4 x_0_1 sub INT- 1 0 INT- 4,((4 mul x_0_1) add (-10 sub -4)),"38, 146, 578, 2306, 9218, 36866, 147458, 589826, 2359298, 9437186, 37748738, 150994946, 603979778, 2415919106, 9663676418, 38654705666, 154618822658, 618475290626, 2473901162498, 9895604649986, 39582418599938"
A206372,add mul INT+ 4 x_0_1 INT+ 3,((4 mul x_0_1) add 3),"13, 55, 223, 895, 3583, 14335, 57343, 229375, 917503, 3670015, 14680063, 58720255, 234881023, 939524095, 3758096383, 15032385535, 60129542143, 240518168575, 962072674303, 3848290697215, 15393162788863, 61572651155455, 246290604621823, 985162418487295"
A076139,sub mul INT+ 7 add x_0_1 x_0_1 add x_0_2 INT- 1,((7 mul (x_0_1 add x_0_1)) sub (x_0_2 add -1)),"0, 1, 15, 210, 2926, 40755, 567645, 7906276, 110120220, 1533776805, 21362755051, 297544793910, 4144264359690, 57722156241751, 803965923024825, 11197800766105800, 155965244802456376, 2172315626468283465, 30256453525753512135, 421418033734080886426"
A115598,sub mul x_0_1 INT+ 6 sub x_0_2 INT+ 2,((x_0_1 mul 6) sub (x_0_2 sub 2)),"1, 8, 49, 288, 1681, 9800, 57121, 332928, 1940449, 11309768, 65918161, 384199200, 2239277041, 13051463048, 76069501249, 443365544448, 2584123765441, 15061377048200, 87784138523761, 511643454094368, 2982076586042449, 17380816062160328, 101302819786919521"
A092184,sub mul x_0_1 INT+ 4 sub x_0_2 INT+ 2,((x_0_1 mul 4) sub (x_0_2 sub 2)),"0, 1, 6, 25, 96, 361, 1350, 5041, 18816, 70225, 262086, 978121, 3650400, 13623481, 50843526, 189750625, 708158976, 2642885281, 9863382150, 36810643321, 137379191136, 512706121225, 1913445293766, 7141075053841, 26650854921600, 99462344632561, 371198523608646"
A049870,add x_0_1 sub x_0_1 sub x_0_3 x_0_4,(x_0_1 add (x_0_1 sub (x_0_3 sub x_0_4))),"1, 2, 4, 6, 11, 20, 38, 71, 133, 248, 463, 864, 1613, 3011, 5621, 10493, 19588, 36566, 68260, 127425, 237872, 444050, 828935, 1547423, 2888668, 5392451, 10066414, 18791583, 35079383, 65484803, 122244437, 228201074, 425996728"
A277955,add add INT- 2 x_0_1 add x_0_2 x_0_2,((-2 add x_0_1) add (x_0_2 add x_0_2)),"1, 3, 3, 7, 11, 23, 43, 87, 171, 343, 683, 1367, 2731, 5463, 10923, 21847, 43691, 87383, 174763, 349527, 699051, 1398103, 2796203, 5592407, 11184811, 22369623, 44739243, 89478487, 178956971, 357913943, 715827883, 1431655767, 2863311531, 5726623063"
A006054,add add x_0_1 sub x_0_1 x_0_3 x_0_2,((x_0_1 add (x_0_1 sub x_0_3)) add x_0_2),"0, 0, 1, 2, 5, 11, 25, 56, 126, 283, 636, 1429, 3211, 7215, 16212, 36428, 81853, 183922, 413269, 928607, 2086561, 4688460, 10534874, 23671647, 53189708, 119516189, 268550439, 603427359, 1355888968, 3046654856, 6845771321, 15382308530, 34563733525"
A242227,sub mul x_0_1 add add n n INT- 3 x_0_2,((x_0_1 mul ((n add n) add -3)) sub x_0_2),"1, 2, 5, 23, 156, 1381, 15035, 194074, 2896075, 49039201, 928848744, 19456784423, 446577192985, 11144973040202, 300467694892469, 8702418178841399, 269474495849190900, 8883955944844458301, 310668983573706849635, 11485868436282308978194"
A077413,sub mul x_0_1 INT+ 6 x_0_2,((x_0_1 mul 6) sub x_0_2),"2, 13, 76, 443, 2582, 15049, 87712, 511223, 2979626, 17366533, 101219572, 589950899, 3438485822, 20040964033, 116807298376, 680802826223, 3968009658962, 23127255127549, 134795521106332, 785645871510443, 4579079707956326, 26688832376227513, 155553914549408752"
A047381,add INT+ 7 x_0_5,(7 add x_0_5),"0, 1, 2, 4, 5, 7, 8, 9, 11, 12, 14, 15, 16, 18, 19, 21, 22, 23, 25, 26, 28, 29, 30, 32, 33, 35, 36, 37, 39, 40, 42, 43, 44, 46, 47, 49, 50, 51, 53, 54, 56, 57, 58, 60, 61, 63, 64, 65, 67, 68, 70, 71, 72, 74, 75, 77, 78"
A019274,sub x_0_1 sub x_0_3 x_0_1,(x_0_1 sub (x_0_3 sub x_0_1)),"0, 0, 2, 4, 8, 14, 24, 40, 66, 108, 176, 286, 464, 752, 1218, 1972, 3192, 5166, 8360, 13528, 21890, 35420, 57312, 92734, 150048, 242784, 392834, 635620, 1028456, 1664078, 2692536, 4356616, 7049154, 11405772, 18454928, 29860702, 48315632"
A037555,add mul INT+ 6 x_0_1 mod add n x_0_1 INT+ 3,((6 mul x_0_1) add ((n add x_0_1) mod 3)),"2, 13, 79, 476, 2857, 17143, 102860, 617161, 3702967, 22217804, 133306825, 799840951, 4799045708, 28794274249, 172765645495, 1036593872972, 6219563237833, 37317379426999, 223904276561996, 1343425659371977"
A013846,mul sqr sqr INT- 8 mul x_0_1 INT+ 8,(((-8)**2)**2 mul (x_0_1 mul 8)),"8, 262144, 8589934592, 281474976710656, 9223372036854775808, 302231454903657293676544, 9903520314283042199192993792, 324518553658426726783156020576256, 10633823966279326983230456482242756608"
A017464,sqr sqr add mul n INT- 1 0 sub INT+ 5 n,((((n mul -10) add (5 sub n)))**2)**2,"1296, 83521, 614656, 2313441, 6250000, 13845841, 26873856, 47458321, 78074896, 121550625, 181063936, 260144641, 362673936, 492884401, 655360000, 855036081, 1097199376, 1387488001, 1731891456, 2136750625, 2608757776, 3154956561, 3782742016, 4499860561, 5314410000"
A083043,sub mul INT+ 1 0 add x_0_1 x_0_1 x_0_2,((10 mul (x_0_1 add x_0_1)) sub x_0_2),"1, 21, 419, 8359, 166761, 3326861, 66370459, 1324082319, 26415275921, 526981436101, 10513213446099, 209737287485879, 4184232536271481, 83474913437943741, 1665314036222603339, 33222805811014123039"
A174751,sub mul mul x_0_1 INT+ 1 0 INT+ 5 x_0_2,(((x_0_1 mul 10) mul 5) sub x_0_2),"1, 25, 1249, 62425, 3120001, 155937625, 7793761249, 389532124825, 19468812480001, 973051091875225, 48633085781281249, 2430681237972187225, 121485428812828080001, 6071840759403431812825, 303470552541358762561249"
A009117,mul INT+ 4 sub sub x_0_2 x_0_1 x_0_2,(4 mul ((x_0_2 sub x_0_1) sub x_0_2)),"1, -2, 8, -32, 128, -512, 2048, -8192, 32768, -131072, 524288, -2097152, 8388608, -33554432, 134217728, -536870912, 2147483648, -8589934592, 34359738368, -137438953472, 549755813888, -2199023255552, 8796093022208, -35184372088832, 140737488355328, -562949953421312"
A273155,mod sub INT+ 1 0 x_0_3 add n n,((10 sub x_0_3) mod (n add n)),"1, 3, 0, 1, 7"
A242436,mul add INT- 2 sqr sqr sub n sign n add n INT- 1,((-2 add (((n sub sign(n)))**2)**2) mul (n add -1)),"0, -1, 28, 237, 1016, 3115, 7764, 16793, 32752, 59031, 99980, 161029, 248808, 371267, 537796, 759345, 1048544, 1419823, 1889532, 2476061, 3199960, 4084059, 5153588, 6436297, 7962576, 9765575, 11881324, 14348853, 17210312, 20511091, 24299940, 28629089, 33554368, 39135327, 45435356"
A114040,sub mul x_0_1 INT+ 6 sub x_0_2 INT- 4,((x_0_1 mul 6) sub (x_0_2 sub -4)),"1, 9, 49, 281, 1633, 9513, 55441, 323129, 1883329, 10976841, 63977713, 372889433, 2173358881, 12667263849, 73830224209, 430314081401, 2508054264193, 14618011503753, 85200014758321, 496582077046169, 2894292447518689, 16869172608065961, 98320743200877073"
A116975,add x_0_1 add x_0_4 x_0_5,(x_0_1 add (x_0_4 add x_0_5)),"1, 1, 1, 2, 3, 5, 7, 10, 15, 23, 35, 52, 77, 115, 173, 260, 389, 581, 869, 1302, 1951, 2921, 4371, 6542, 9795, 14667, 21959, 32872, 49209, 73671, 110297, 165128, 247209, 370089, 554057, 829482, 1241819, 1859117, 2783263, 4166802"
A094726,add mul x_0_2 INT+ 9 add x_0_1 x_0_1,((x_0_2 mul 9) add (x_0_1 add x_0_1)),"1, 5, 19, 83, 337, 1421, 5875, 24539, 101953, 424757, 1767091, 7356995, 30617809, 127448573, 530457427, 2207952011, 9190020865, 38251609829, 159213407443, 662691303347, 2758303273681, 11480828277485, 47786386018099"
A090409,sub mul INT+ 8 add x_0_2 x_0_1 x_0_1,((8 mul (x_0_2 add x_0_1)) sub x_0_1),"1, 6, 50, 398, 3186, 25486, 203890, 1631118, 13048946, 104391566, 835132530, 6681060238, 53448481906, 427587855246, 3420702841970, 27365622735758, 218924981886066, 1751399855088526, 14011198840708210, 112089590725665678"
A122996,add x_0_1 mul x_0_2 sqr INT+ 7,(x_0_1 add (x_0_2 mul (7)**2)),"1, 7, 56, 399, 3143, 22694, 176701, 1288707, 9947056, 73093699, 560499443, 4142090694, 31606563401, 234569007407, 1783290614056, 13277171976999, 100658412065743, 751239838938694, 5683502030160101, 42494254138156107"
A180255,add mul sqr sub n sign n x_0_1 sub n sign n,((((n sub sign(n)))**2 mul x_0_1) add (n sub sign(n))),"0, 1, 6, 57, 916, 22905, 824586, 40404721, 2585902152, 209458074321, 20945807432110, 2534442699285321, 364959748697086236, 61678197529807573897, 12088926715842284483826, 2720008511064514008860865"
A158869,mul add x_0_1 sub x_0_1 x_0_2 INT+ 3,((x_0_1 add (x_0_1 sub x_0_2)) mul 3),"1, 5, 27, 147, 801, 4365, 23787, 129627, 706401, 3849525, 20977947, 114319107, 622980801, 3394927485, 18500622507, 100818952587, 549411848001, 2994014230245, 16315849837467, 88913056334067"
A015589,sub mul INT+ 1 0 x_0_1 mul INT- 7 x_0_2,((10 mul x_0_1) sub (-7 mul x_0_2)),"0, 1, 10, 107, 1140, 12149, 129470, 1379743, 14703720, 156695401, 1669880050, 17795668307, 189645843420, 2021028112349, 21537802027430, 229525217060743, 2446016784799440, 26066844367419601, 277790561167792090, 2960373522249858107, 31548269150673125700"
A015568,sub mul INT+ 7 x_0_1 mul INT- 1 0 x_0_2,((7 mul x_0_1) sub (-10 mul x_0_2)),"0, 1, 7, 59, 483, 3971, 32627, 268099, 2202963, 18101731, 148741747, 1222209539, 10042884243, 82522285091, 678084838067, 5571816717379, 45783565402323, 376203124990051, 3091257528953587, 25400833952575619, 208718412957565203, 1715037230228712611, 14092444741176640307"
A015561,sub mul INT+ 7 x_0_1 mul INT- 4 x_0_2,((7 mul x_0_1) sub (-4 mul x_0_2)),"0, 1, 7, 53, 399, 3005, 22631, 170437, 1283583, 9666829, 72802135, 548282261, 4129184367, 31097419613, 234198674759, 1763780401765, 13283257511391, 100037924186797, 753398499353143, 5673941192219189, 42731182342946895"
A015559,sub mul INT+ 7 x_0_1 mul INT- 3 x_0_2,((7 mul x_0_1) sub (-3 mul x_0_2)),"0, 1, 7, 52, 385, 2851, 21112, 156337, 1157695, 8572876, 63483217, 470101147, 3481157680, 25778407201, 190892323447, 1413581485732, 10467747370465, 77514976050451, 574008074464552, 4250601449403217, 31476234369216175"
A097313,sub mul mul INT+ 6 INT+ 5 x_0_1 x_0_2,(((6 mul 5) mul x_0_1) sub x_0_2),"0, 1, 30, 899, 26940, 807301, 24192090, 724955399, 21724469880, 651009141001, 19508549760150, 584605483663499, 17518655960144820, 524975073320681101, 15731733543660288210, 471427031236487965199, 14127079203550978667760"
A049660,sub mul INT+ 9 add x_0_1 x_0_1 x_0_2,((9 mul (x_0_1 add x_0_1)) sub x_0_2),"0, 1, 18, 323, 5796, 104005, 1866294, 33489287, 600940872, 10783446409, 193501094490, 3472236254411, 62306751484908, 1118049290473933, 20062580477045886, 360008399296352015, 6460088606857290384, 115921586524134874897, 2080128468827570457762"
A099133,mul INT+ 4 add mul x_0_2 INT+ 4 x_0_1,(4 mul ((x_0_2 mul 4) add x_0_1)),"0, 1, 4, 32, 192, 1280, 8192, 53248, 344064, 2228224, 14417920, 93323264, 603979776, 3909091328, 25300041728, 163745628160, 1059783180288, 6859062771712, 44392781971456, 287316132233216, 1859549040476160, 12035254277636096, 77893801758162944"
A091904,mul INT+ 4 add mul x_0_2 INT+ 8 x_0_1,(4 mul ((x_0_2 mul 8) add x_0_1)),"0, 1, 4, 48, 320, 2816, 21504, 176128, 1392640, 11206656, 89391104, 716177408, 5725224960, 45818576896, 366481506304, 2932120485888, 23455890145280, 187651416129536, 1501194149167104, 12009621912813568, 96076700424601600"
A108904,sub mul x_0_1 INT+ 1 0 sub INT+ 4 INT- 7,((x_0_1 mul 10) sub (4 sub -7)),"979, 9779, 97779, 977779, 9777779, 97777779, 977777779, 9777777779, 97777777779, 977777777779, 9777777777779, 97777777777779, 977777777777779, 9777777777777779, 97777777777777779, 977777777777777779"
A051871,add x_0_1 sub x_0_1 sub x_0_2 sub INT+ 9 INT- 8,(x_0_1 add (x_0_1 sub (x_0_2 sub (9 sub -8)))),"0, 1, 19, 54, 106, 175, 261, 364, 484, 621, 775, 946, 1134, 1339, 1561, 1800, 2056, 2329, 2619, 2926, 3250, 3591, 3949, 4324, 4716, 5125, 5551, 5994, 6454, 6931, 7425, 7936, 8464, 9009, 9571, 10150, 10746, 11359, 11989, 12636, 13300"
A027992,add mul INT+ 4 sub x_0_1 x_0_2 INT+ 2,((4 mul (x_0_1 sub x_0_2)) add 2),"1, 6, 22, 66, 178, 450, 1090, 2562, 5890, 13314, 29698, 65538, 143362, 311298, 671746, 1441794, 3080194, 6553602, 13893634, 29360130, 61865986, 130023426, 272629762, 570425346, 1191182338, 2483027970, 5167382530, 10737418242"
A126501,add mul INT+ 4 add x_0_2 x_0_1 x_0_1,((4 mul (x_0_2 add x_0_1)) add x_0_1),"1, 6, 34, 194, 1106, 6306, 35954, 204994, 1168786, 6663906, 37994674, 216628994, 1235123666, 7042134306, 40151166194, 228924368194, 1305226505746, 7441830001506, 42430056030514, 241917600158594, 1379308224915026"
A108982,add mul INT+ 4 add x_0_1 x_0_2 x_0_2,((4 mul (x_0_1 add x_0_2)) add x_0_2),"1, 6, 29, 146, 729, 3646, 18229, 91146, 455729, 2278646, 11393229, 56966146, 284830729, 1424153646, 7120768229, 35603841146, 178019205729, 890096028646, 4450480143229, 22252400716146, 111262003580729, 556310017903646"
A189604,add mul INT+ 3 x_0_1 add x_0_2 x_0_2,((3 mul x_0_1) add (x_0_2 add x_0_2)),"1, 6, 20, 72, 256, 912, 3248, 11568, 41200, 146736, 522608, 1861296, 6629104, 23609904, 84087920, 299483568, 1066626544, 3798846768, 13529793392, 48187073712, 171620807920, 611236571184, 2176951329392, 7753327130544"
A253475,sub mul INT+ 1 0 x_0_1 sub x_0_2 INT- 4,((10 mul x_0_1) sub (x_0_2 sub -4)),"1, 6, 55, 540, 5341, 52866, 523315, 5180280, 51279481, 507614526, 5024865775, 49741043220, 492385566421, 4874114620986, 48248760643435, 477613491813360, 4727886157490161, 46801248083088246, 463284594673392295, 4586044698650834700, 45397162391834954701"
A049629,sub mul INT+ 9 add x_0_1 x_0_1 x_0_2,((9 mul (x_0_1 add x_0_1)) sub x_0_2),"1, 19, 341, 6119, 109801, 1970299, 35355581, 634430159, 11384387281, 204284540899, 3665737348901, 65778987739319, 1180356041958841, 21180629767519819, 380070979773397901, 6820097006153642399, 122381675130992165281, 2196050055351705332659, 39406519321199703822581"
A322888,sub mul x_0_1 mul INT+ 8 INT+ 4 x_0_2,((x_0_1 mul (8 mul 4)) sub x_0_2),"1, 16, 511, 16336, 522241, 16695376, 533729791, 17062657936, 545471324161, 17438019715216, 557471159562751, 17821639086292816, 569734979601807361, 18213697708171542736, 582268591681887560191, 18614381236112230383376, 595077930963909484707841"
A037730,add mul INT+ 4 x_0_1 mod add x_0_1 INT- 1 INT+ 4,((4 mul x_0_1) add ((x_0_1 add -1) mod 4)),"2, 9, 36, 147, 590, 2361, 9444, 37779, 151118, 604473, 2417892, 9671571, 38686286, 154745145, 618980580, 2475922323, 9903689294, 39614757177, 158459028708, 633836114835, 2535344459342, 10141377837369, 40565511349476"
A306472,mul x_0_1 add idiv n x_0_1 mul INT+ 3 INT+ 9,(x_0_1 mul ((n idiv x_0_1) add (3 mul 9))),"37, 999, 26973, 728271, 19663317, 530909559, 14334558093, 387033068511, 10449892849797, 282147106944519, 7617971887502013, 205685240962554351, 5553501505988967477, 149944540661702121879, 4048502597865957290733, 109309570142380846849791, 2951358393844282864944357"
A157870,mul add INT- 6 mul n INT+ 8 add add n n INT- 1,((-6 add (n mul 8)) mul ((n add n) add -1)),"2, 30, 90, 182, 306, 462, 650, 870, 1122, 1406, 1722, 2070, 2450, 2862, 3306, 3782, 4290, 4830, 5402, 6006, 6642, 7310, 8010, 8742, 9506, 10302, 11130, 11990, 12882, 13806, 14762, 15750, 16770, 17822, 18906, 20022, 21170, 22350, 23562, 24806, 26082, 27390, 28730, 30102, 31506, 32942"
A147518,add mul x_0_2 INT+ 6 mul INT+ 4 x_0_1,((x_0_2 mul 6) add (4 mul x_0_1)),"1, 3, 18, 90, 468, 2412, 12456, 64296, 331920, 1713456, 8845344, 45662112, 235720512, 1216854720, 6281741952, 32428096128, 167402836224, 864179921664, 4461136704000, 23029626345984, 118885325607936, 613719060507648"
A262546,mul sub mul x_0_2 INT+ 1 0 INT+ 6 x_0_1,(((x_0_2 mul 10) sub 6) mul x_0_1),"1, 1, 4, 16, 544"
A145505,mod INT- 2 mul x_0_1 add x_0_1 INT+ 2,(-2 mod (x_0_1 mul (x_0_1 add 2))),"5, 33, 1153, 1331713, 1773462177793, 3145168096065837266706433, 9892082352510403757550172975146702122837936996353"
A157878,sub mul mul INT+ 6 x_0_1 INT+ 5 x_0_2,(((6 mul x_0_1) mul 5) sub x_0_2),"1, 31, 929, 27839, 834241, 24999391, 749147489, 22449425279, 672733610881, 20159558901151, 604114033423649, 18103261443808319, 542493729280825921, 16256708616980969311, 487158764780148253409, 14598506234787466632959, 437468028278843850735361"
A100525,sub mul INT+ 6 x_0_1 x_0_2,((6 mul x_0_1) sub x_0_2),"4, 22, 128, 746, 4348, 25342, 147704, 860882, 5017588, 29244646, 170450288, 993457082, 5790292204, 33748296142, 196699484648, 1146448611746, 6681992185828, 38945504503222, 226991034833504, 1323000704497802, 7711013192153308, 44943078448422046"
A175162,mul sub INT+ 8 x_0_1 INT- 2,((8 sub x_0_1) mul -2),"32, 48, 80, 144, 272, 528, 1040, 2064, 4112, 8208, 16400, 32784, 65552, 131088, 262160, 524304, 1048592, 2097168, 4194320, 8388624, 16777232, 33554448, 67108880, 134217744, 268435472"
A188623,add n x_0_3,(n add x_0_3),"1, 2, 2, 5, 7, 8, 12, 15, 17, 22, 26, 29, 35, 40, 44, 51, 57, 62, 70, 77, 83, 92, 100, 107, 117, 126, 134, 145, 155, 164, 176, 187, 197, 210, 222, 233, 247, 260, 272, 287, 301, 314, 330, 345, 359, 376, 392, 407, 425, 442, 458, 477, 495, 512, 532, 551, 569, 590, 610, 629, 651, 672, 692, 715, 737, 758, 782, 805, 827, 852, 876, 899, 925, 950, 974, 1001"
A056124,sub mul x_0_1 INT+ 3 add x_0_2 INT- 8,((x_0_1 mul 3) sub (x_0_2 add -8)),"1, 11, 40, 117, 319, 848, 2233, 5859, 15352, 40205, 105271, 275616, 721585, 1889147, 4945864, 12948453, 33899503, 88750064, 232350697, 608302035, 1592555416, 4169364221, 10915537255, 28577247552, 74816205409"
A095004,sub mul x_0_1 INT+ 8 add x_0_2 INT- 2,((x_0_1 mul 8) sub (x_0_2 add -2)),"1, 10, 81, 640, 5041, 39690, 312481, 2460160, 19368801, 152490250, 1200553201, 9451935360, 74414929681, 585867502090, 4612525087041, 36314333194240, 285902140466881, 2250902790540810, 17721320183859601, 139519658680336000, 1098435949258828401, 8647967935390291210"
A243669,sub mul x_0_1 INT+ 6 add x_0_2 x_0_2,((x_0_1 mul 6) sub (x_0_2 add x_0_2)),"1, 5, 28, 158, 892"
A107839,sub mul x_0_1 INT+ 5 add x_0_2 x_0_2,((x_0_1 mul 5) sub (x_0_2 add x_0_2)),"1, 5, 23, 105, 479, 2185, 9967, 45465, 207391, 946025, 4315343, 19684665, 89792639, 409593865, 1868384047, 8522732505, 38876894431, 177339007145, 808941246863, 3690028220025, 16832258606399, 76781236591945, 350241665746927, 1597645855550745, 7287745946259871"
A083086,sub mul x_0_2 INT+ 8 add x_0_1 x_0_1,((x_0_2 mul 8) sub (x_0_1 add x_0_1)),"1, 0, 8, -16, 96, -320, 1408, -5376, 22016, -87040, 350208, -1396736, 5595136, -22364160, 89489408, -357892096, 1431699456, -5726535680, 22906667008, -91625619456, 366504574976, -1466014105600, 5864064811008, -23456242466816, 93825003421696, -375299946577920"
A106434,add x_0_1 mul INT+ 2 add x_0_1 x_0_2,(x_0_1 add (2 mul (x_0_1 add x_0_2))),"0, 2, 6, 22, 78, 278, 990, 3526, 12558, 44726, 159294, 567334, 2020590, 7196438, 25630494, 91284358, 325114062, 1157910902, 4123960830, 14687704294, 52311034542, 186308512214, 663547605726, 2363259841606, 8416874736270, 29977143892022, 106765181148606"
A015552,sub mul INT+ 7 add x_0_1 x_0_2 x_0_1,((7 mul (x_0_1 add x_0_2)) sub x_0_1),"0, 1, 6, 43, 300, 2101, 14706, 102943, 720600, 5044201, 35309406, 247165843, 1730160900, 12111126301, 84777884106, 593445188743, 4154116321200, 29078814248401, 203551699738806, 1424861898171643, 9974033287201500"
A081179,sub mul INT+ 7 sub x_0_1 x_0_2 x_0_1,((7 mul (x_0_1 sub x_0_2)) sub x_0_1),"0, 1, 6, 29, 132, 589, 2610, 11537, 50952, 224953, 993054, 4383653, 19350540, 85417669, 377052234, 1664389721, 7346972688, 32431108081, 143157839670, 631929281453, 2789470811028, 12313319895997, 54353623698786"
A137501,sub mul x_0_1 INT- 2 sub x_0_2 INT+ 2,((x_0_1 mul -2) sub (x_0_2 sub 2)),"0, 0, 2, -2, 4, -4, 6, -6, 8, -8, 10, -10, 12, -12, 14, -14, 16, -16, 18, -18, 20, -20, 22, -22, 24, -24, 26, -26, 28, -28, 30, -30, 32, -32, 34, -34, 36, -36, 38, -38, 40, -40, 42, -42, 44, -44, 46, -46, 48, -48, 50, -50, 52, -52, 54, -54, 56, -56, 58, -58, 60, -60, 62, -62, 64, -64, 66, -66, 68, -68, 70, -70, 72, -72, 74"
A214733,sub mul x_0_2 INT- 3 x_0_1,((x_0_2 mul -3) sub x_0_1),"0, 1, -1, -2, 5, 1, -16, 13, 35, -74, -31, 253, -160, -599, 1079, 718, -3955, 1801, 10064, -15467, -14725, 61126, -16951, -166427, 217280, 282001, -933841, 87838, 2713685, -2977199, -5163856, 14095453, 1396115, -43682474, 39494129, 91553293, -210035680"
A090133,sub x_0_1 mul INT+ 5 add x_0_2 x_0_1,(x_0_1 sub (5 mul (x_0_2 add x_0_1))),"1, 0, -5, 20, -55, 120, -205, 220, 145, -1680, 5995, -15580, 32345, -51480, 44195, 80620, -543455, 1770720, -4365605, 8608820, -12607255, 7384920, 33496595, -170910980, 516160945, -1210088880, 2259550795, -2987758780, 653281145, 12325669320"
A001057,sub x_0_3 sub x_0_1 x_0_2,(x_0_3 sub (x_0_1 sub x_0_2)),"0, 1, -1, 2, -2, 3, -3, 4, -4, 5, -5, 6, -6, 7, -7, 8, -8, 9, -9, 10, -10, 11, -11, 12, -12, 13, -13, 14, -14, 15, -15, 16, -16, 17, -17, 18, -18, 19, -19, 20, -20, 21, -21, 22, -22, 23, -23, 24, -24, 25, -25, 26, -26, 27, -27, 28, -28, 29, -29, 30, -30, 31, -31"
A013853,mul sqr sqr INT- 9 mul x_0_1 INT+ 9,(((-9)**2)**2 mul (x_0_1 mul 9)),"6561, 387420489, 22876792454961, 1350851717672992089, 79766443076872509863361, 4710128697246244834921603689, 278128389443693511257285776231761, 16423203268260658146231467800709255289, 969773729787523602876821942164080815560161"
A013741,mul sqr INT- 7 mul x_0_1 INT+ 7,((-7)**2 mul (x_0_1 mul 7)),"49, 16807, 5764801, 1977326743, 678223072849, 232630513987207, 79792266297612001, 27368747340080916343, 9387480337647754305649, 3219905755813179726837607, 1104427674243920646305299201, 378818692265664781682717625943"
A013841,mul sqr sqr INT- 6 mul x_0_1 INT+ 6,(((-6)**2)**2 mul (x_0_1 mul 6)),"1296, 10077696, 78364164096, 609359740010496, 4738381338321616896, 36845653286788892983296, 286511799958070431838109696, 2227915756473955677973140996096, 17324272922341479351919144385642496, 134713546244127343440523266742756048896"
A013839,mul sqr sqr INT- 6 mul x_0_1 INT+ 6,(((-6)**2)**2 mul (x_0_1 mul 6)),"36, 279936, 2176782336, 16926659444736, 131621703842267136, 1023490369077469249536, 7958661109946400884391936, 61886548790943213277031694336, 481229803398374426442198455156736, 3742042951225759540014535187298779136"
A159664,sub mul mul INT+ 6 INT+ 4 x_0_1 x_0_2,(((6 mul 4) mul x_0_1) sub x_0_2),"1, 23, 551, 13201, 316273, 7577351, 181540151, 4349386273, 104203730401, 2496540143351, 59812759710023, 1433009692897201, 34332419869822801, 822545067182850023, 19706749192518577751, 472139435553263016001, 11311639704085793806273, 271007213462505788334551"
A077423,sub mul mul INT+ 6 x_0_1 INT+ 4 x_0_2,(((6 mul x_0_1) mul 4) sub x_0_2),"1, 24, 575, 13776, 330049, 7907400, 189447551, 4538833824, 108742564225, 2605282707576, 62418042417599, 1495427735314800, 35827847605137601, 858372914787987624, 20565122107306565375, 492704557660569581376"
A114051,sub mul mul INT+ 6 x_0_1 INT+ 8 x_0_2,(((6 mul x_0_1) mul 8) sub x_0_2),"1, 24, 1151, 55224, 2649601, 127125624, 6099380351, 292643131224, 14040770918401, 673664360952024, 32321848554778751, 1550775066268428024, 74404881332329766401, 3569883528885560359224, 171280004505174567476351, 8217870332719493678505624"
A015531,add mul INT+ 4 add x_0_1 x_0_2 x_0_2,((4 mul (x_0_1 add x_0_2)) add x_0_2),"0, 1, 4, 21, 104, 521, 2604, 13021, 65104, 325521, 1627604, 8138021, 40690104, 203450521, 1017252604, 5086263021, 25431315104, 127156575521, 635782877604, 3178914388021, 15894571940104, 79472859700521"
A159669,sub mul mul x_0_1 INT+ 7 INT+ 4 x_0_2,(((x_0_1 mul 7) mul 4) sub x_0_2),"1, 29, 811, 22679, 634201, 17734949, 495944371, 13868707439, 387827863921, 10845311482349, 303280893641851, 8481019710489479, 237165271000063561, 6632146568291290229, 185462938641156062851, 5186330135384078469599, 145031780852113041085921"
A011943,sub mul INT+ 7 add x_0_1 x_0_1 x_0_2,((7 mul (x_0_1 add x_0_1)) sub x_0_2),"1, 7, 97, 1351, 18817, 262087, 3650401, 50843527, 708158977, 9863382151, 137379191137, 1913445293767, 26650854921601, 371198523608647, 5170128475599457, 72010600134783751, 1002978273411373057, 13969685227624439047, 194572614913330773601, 2710046923559006391367"
A023039,sub mul INT+ 9 add x_0_1 x_0_1 x_0_2,((9 mul (x_0_1 add x_0_1)) sub x_0_2),"1, 9, 161, 2889, 51841, 930249, 16692641, 299537289, 5374978561, 96450076809, 1730726404001, 31056625195209, 557288527109761, 10000136862780489, 179445175002939041, 3220013013190122249, 57780789062419261441"
A122112,sub mul x_0_2 INT+ 4 x_0_1,((x_0_2 mul 4) sub x_0_1),"1, -2, 6, -14, 38, -94, 246, -622, 1606, -4094, 10518, -26894, 68966, -176542, 452406, -1158574, 2968198, -7602494, 19475286, -49885262, 127786406, -327327454, 838473078, -2147782894, 5501675206, -14092806782, 36099507606, -92470734734"
A280828,add x_0_1 mul INT+ 9 add x_0_1 INT- 2,(x_0_1 add (9 mul (x_0_1 add -2))),"4, 22, 202"
A023473,sub mod n sqr mul INT- 7 n mul INT- 4 INT- 8,((n mod ((-7 mul n))**2) sub (-4 mul -8)),"-31, -30, -29, -28, -27, -26, -25, -24, -23, -22, -21, -20, -19, -18, -17, -16, -15, -14, -13, -12, -11, -10, -9, -8, -7, -6, -5, -4, -3, -2, -1, 0, 1, 2, 3, 4, 5, 6, 7, 8, 9, 10, 11, 12, 13, 14, 15, 16, 17, 18, 19, 20, 21, 22, 23, 24, 25, 26, 27, 28, 29"
A015579,add mul INT+ 9 x_0_1 add x_0_2 x_0_2,((9 mul x_0_1) add (x_0_2 add x_0_2)),"0, 1, 9, 83, 765, 7051, 64989, 599003, 5521005, 50887051, 469025469, 4323003323, 39845080845, 367251734251, 3384955769949, 31199105398043, 287561860122285, 2650454951896651, 24429218287314429, 225163874489623163, 2075333306981237325, 19128327511810382251"
A067423,mul mul INT+ 6 mod INT+ 4 add x_0_2 x_0_1 x_0_1,((6 mul (4 mod (x_0_2 add x_0_1))) mul x_0_1),"1, 10, 240, 5760, 138240, 3317760, 79626240, 1911029760, 45864714240, 1100753141760, 26418075402240, 634033809653760, 15216811431690240, 365203474360565760, 8764883384653578240, 210357201231685877760"
A000255,add x_0_1 mul sub n INT+ 2 add x_0_1 x_0_2,(x_0_1 add ((n sub 2) mul (x_0_1 add x_0_2))),"1, 1, 3, 11, 53, 309, 2119, 16687, 148329, 1468457, 16019531, 190899411, 2467007773, 34361893981, 513137616783, 8178130767479, 138547156531409, 2486151753313617, 47106033220679059, 939765362752547227, 19690321886243846661, 432292066866171724421"
A301383,sub mul x_0_1 INT+ 6 sub x_0_2 INT+ 2,((x_0_1 mul 6) sub (x_0_2 sub 2)),"1, 10, 61, 358, 2089, 12178, 70981, 413710, 2411281, 14053978, 81912589, 477421558, 2782616761, 16218279010, 94527057301, 550944064798, 3211137331489, 18715879924138, 109084142213341, 635788973355910, 3705649697922121, 21598109214176818, 125883005587138789, 733699924308655918"
A049858,add x_0_1 sub x_0_1 sub x_0_3 x_0_4,(x_0_1 add (x_0_1 sub (x_0_3 sub x_0_4))),"0, 1, 2, 3, 5, 9, 17, 32, 60, 112, 209, 390, 728, 1359, 2537, 4736, 8841, 16504, 30809, 57513, 107363, 200421, 374138, 698426, 1303794, 2433871, 4543454, 8481540, 15833003, 29556423, 55174760, 102998057, 192272694, 358927051"
A052913,sub mul x_0_1 INT+ 5 add x_0_2 x_0_2,((x_0_1 mul 5) sub (x_0_2 add x_0_2)),"1, 4, 18, 82, 374, 1706, 7782, 35498, 161926, 738634, 3369318, 15369322, 70107974, 319801226, 1458790182, 6654348458, 30354161926, 138462112714, 631602239718, 2881086973162, 13142230386374, 59948977985546, 273460429154982, 1247404189803818, 5690100090709126"
A079484,sub mul x_0_1 sqr add n sub n INT+ 2 x_0_1,((x_0_1 mul ((n add (n sub 2)))**2) sub x_0_1),"1, 3, 45, 1575, 99225, 9823275, 1404728325, 273922023375, 69850115960625, 22561587455281875, 9002073394657468125, 4348001449619557104375, 2500100833531245335015625, 1687568062633590601135546875, 1321365793042101440689133203125"
A154026,sub mul sqr INT- 9 x_0_1 x_0_2,(((-9)**2 mul x_0_1) sub x_0_2),"0, 9, 729, 59040, 4781511, 387243351, 31361929920, 2539929080169, 205702893563769, 16659394449585120, 1349205247522830951, 109268965654899721911, 8849437012799354643840, 716695129071092826429129, 58043456017745719586115609, 4700803242308332193648935200"
A138395,mul INT+ 3 add x_0_1 sub x_0_1 x_0_2,(3 mul (x_0_1 add (x_0_1 sub x_0_2))),"1, 6, 33, 180, 981, 5346, 29133, 158760, 865161, 4714686, 25692633, 140011740, 762992541, 4157920026, 22658542533, 123477495120, 672889343121, 3666903573366, 19982753410833, 108895809744900, 593426598236901, 3233872160186706, 17622953166409533"
A087192,sub x_0_1 idiv x_0_1 sub INT- 2 sign n,(x_0_1 sub (x_0_1 idiv (-2 sub sign(n)))),"1, 2, 3, 4, 6, 8, 11, 15, 20, 27, 36, 48, 64, 86, 115, 154, 206, 275, 367, 490, 654, 872, 1163, 1551, 2068, 2758, 3678, 4904, 6539, 8719, 11626, 15502, 20670, 27560, 36747, 48996, 65328, 87104, 116139, 154852, 206470, 275294, 367059, 489412, 652550"
A037685,add mul INT+ 8 x_0_1 mod add x_0_1 INT- 1 INT+ 4,((8 mul x_0_1) add ((x_0_1 add -1) mod 4)),"1, 8, 67, 538, 4305, 34440, 275523, 2204186, 17633489, 141067912, 1128543299, 9028346394, 72226771153, 577814169224, 4622513353795, 36980106830362, 295840854642897, 2366726837143176"
A203927,mul x_0_1 add INT+ 1 0 sign n,(x_0_1 mul (10 add sign(n))),"396, 4356, 47916, 527076, 5797836, 63776196, 701538156, 7716919716, 84886116876, 933747285636, 10271220141996, 112983421561956, 1242817637181516, 13670994008996676, 150380934098963436, 1654190275088597796"
A274103,sub mul n x_0_1 mod INT- 2 n,((n mul x_0_1) sub (-2 mod n)),"3, 6, 17, 66, 327"
A110953,add mul x_0_2 INT+ 8 add x_0_1 x_0_1,((x_0_2 mul 8) add (x_0_1 add x_0_1)),"2, 12, 40, 176, 672, 2752, 10880, 43776, 174592, 699392, 2795520, 11186176, 44736512, 178962432, 715816960, 2863333376, 11453202432, 45813071872, 183251763200, 733008101376"
A189741,add mul INT+ 4 x_0_1 add x_0_2 x_0_2,((4 mul x_0_1) add (x_0_2 add x_0_2)),"4, 2, 16, 68, 304, 1352, 6016, 26768, 119104, 529952, 2358016, 10491968, 46683904, 207719552, 924246016, 4112423168, 18298184704, 81417585152, 362266710016, 1611902010368, 7172141461504, 31912369866752, 141993762390016, 631799789293568, 2811186681954304"
A019525,add x_0_1 mul INT+ 3 sub x_0_2 sign n,(x_0_1 add (3 mul (x_0_2 sub sign(n)))),"2, 3, 6, 12, 27, 60, 138, 315, 726, 1668, 3843, 8844, 20370, 46899, 108006, 248700, 572715, 1318812, 3036954, 6993387, 16104246, 37084404, 85397139, 196650348, 452841762, 1042792803, 2401318086, 5529696492, 12733650747, 29322740220"
A215270,mul x_0_1 add INT+ x_0_2,(x_0_1 mul (0 add x_0_2)),"1, 6, 6, 36, 216, 7776, 1679616, 13060694016, 21936950640377856, 286511799958070431838109696, 6285195213566005335561053533150026217291776, 1800782593726645086383198950649858141454002621435149880441896326660096"
A122690,add mul add x_0_1 x_0_2 INT+ 4 x_0_1,(((x_0_1 add x_0_2) mul 4) add x_0_1),"1, 4, 24, 136, 776, 4424, 25224, 143816, 819976, 4675144, 26655624, 151978696, 866515976, 4940494664, 28168537224, 160604664776, 915697472776, 5220906022984, 29767320006024, 169720224122056, 967670400634376"
A015536,add mul INT+ 5 x_0_1 mul INT+ 3 x_0_2,((5 mul x_0_1) add (3 mul x_0_2)),"0, 1, 5, 28, 155, 859, 4760, 26377, 146165, 809956, 4488275, 24871243, 137821040, 763718929, 4232057765, 23451445612, 129953401355, 720121343611, 3990466922120, 22112698641433, 122534893973525, 679012565791924, 3762667510880195, 20850375251776747"
A057174,sub mul INT- 2 x_0_1 add x_0_2 INT- 8,((-2 mul x_0_1) sub (x_0_2 add -8)),"1, 2, 3, 0, 5, -2, 7, -4, 9, -6, 11, -8, 13, -10, 15, -12, 17, -14, 19, -16, 21, -18, 23, -20, 25, -22, 27, -24, 29, -26, 31, -28, 33, -30, 35, -32, 37, -34, 39, -36, 41, -38, 43, -40, 45, -42, 47, -44, 49, -46, 51, -48, 53, -50, 55, -52, 57, -54, 59, -56, 61, -58, 63, -60, 65, -62, 67, -64, 69, -66, 71, -68, 73, -70, 75, -72"
A037484,sub mul INT+ 7 x_0_1 sub INT- 2 mod n INT- 2,((7 mul x_0_1) sub (-2 sub (n mod -2))),"1, 9, 64, 450, 3151, 22059, 154414, 1080900, 7566301, 52964109, 370748764, 2595241350, 18166689451, 127166826159, 890167783114, 6231174481800, 43618221372601, 305327549608209, 2137292847257464"
A105723,add mul INT+ 3 x_0_2 add x_0_1 x_0_1,((3 mul x_0_2) add (x_0_1 add x_0_1)),"0, 4, 8, 28, 80, 244, 728, 2188, 6560, 19684, 59048, 177148, 531440, 1594324, 4782968, 14348908, 43046720, 129140164, 387420488, 1162261468, 3486784400, 10460353204, 31381059608, 94143178828, 282429536480, 847288609444, 2541865828328, 7625597484988"
A275794,sub mul INT+ 6 x_0_1 x_0_2,((6 mul x_0_1) sub x_0_2),"2, 15, 88, 513, 2990, 17427, 101572, 592005, 3450458, 20110743, 117214000, 683173257, 3981825542, 23207779995, 135264854428, 788381346573, 4595023225010, 26781758003487, 156095524795912, 909791390771985, 5302652819835998, 30906125528244003"
A041060,sub x_0_2 mul INT- 6 add x_0_1 x_0_1,(x_0_2 sub (-6 mul (x_0_1 add x_0_1))),"6, 73, 882, 10657, 128766, 1555849, 18798954, 227143297, 2744518518, 33161365513, 400680904674, 4841332221601, 58496667563886, 706801342988233, 8540112783422682, 103188154744060417, 1246797969712147686"
A052984,sub mul x_0_1 INT+ 5 add x_0_2 x_0_2,((x_0_1 mul 5) sub (x_0_2 add x_0_2)),"1, 3, 13, 59, 269, 1227, 5597, 25531, 116461, 531243, 2423293, 11053979, 50423309, 230008587, 1049196317, 4785964411, 21831429421, 99585218283, 454263232573, 2072145726299, 9452202166349, 43116719379147, 196679192563037"
A088132,sub mul INT+ 4 x_0_1 x_0_3,((4 mul x_0_1) sub x_0_3),"1, 3, 12, 47, 185, 728, 2865, 11275, 44372, 174623, 687217, 2704496, 10643361, 41886227, 164840412, 648718287, 2552986921, 10047107272, 39539710801, 155605856283, 612376317860, 2409965560639, 9484256386273, 37324649227232"
A322677,mul mul n sqr sub INT+ 4 mul n INT+ 8 add n INT- 1,((n mul ((4 sub (n mul 8)))**2) mul (n add -1)),"0, 288, 2400, 9408, 25920, 58080, 113568, 201600, 332928, 519840, 776160, 1117248, 1560000, 2122848, 2825760, 3690240, 4739328, 5997600, 7491168, 9247680, 11296320, 13667808, 16394400, 19509888, 23049600, 27050400, 31550688, 36590400, 42211008, 48455520"
A159277,mul INT+ 4 sub x_0_1 mul INT- 8 x_0_2,(4 mul (x_0_1 sub (-8 mul x_0_2))),"0, 8, 32, 384, 2560, 22528, 172032, 1409024, 11141120, 89653248, 715128832, 5729419264, 45801799680, 366548615168, 2931852050432, 23456963887104, 187647121162240, 1501211329036288, 12009553193336832, 96076975302508544"
A052564,mul sub n sign x_0_3 add x_0_1 x_0_1,((n sub sign(x_0_3)) mul (x_0_1 add x_0_1)),"0, 1, 2, 12, 96, 960, 11520, 161280, 2580480, 46448640, 928972800, 20437401600, 490497638400, 12752938598400, 357082280755200, 10712468422656000, 342798989524992000, 11655165643849728000, 419585963178590208000"
A067427,mul mul INT+ 7 INT+ 4 mul x_0_1 sign x_0_2,((7 mul 4) mul (x_0_1 mul sign(x_0_2))),"1, 10, 280, 7840, 219520, 6146560, 172103680, 4818903040, 134929285120, 3778019983360, 105784559534080, 2961967666954240, 82935094674718720, 2322182650892124160, 65021114224979476480, 1820591198299425341440"
A199414,sub mul x_0_1 INT+ 6 INT+ 5,((x_0_1 mul 6) sub 5),"11, 61, 361, 2161, 12961, 77761, 466561, 2799361, 16796161, 100776961, 604661761, 3627970561, 21767823361, 130606940161, 783641640961, 4701849845761, 28211099074561, 169266594447361, 1015599566684161, 6093597400104961, 36561584400629761"
A086944,add x_0_1 mul INT+ 9 add INT+ 8 x_0_1,(x_0_1 add (9 mul (8 add x_0_1))),"42, 492, 4992, 49992, 499992, 4999992, 49999992, 499999992, 4999999992, 49999999992, 499999999992, 4999999999992, 49999999999992, 499999999999992, 4999999999999992, 49999999999999992, 499999999999999992"
A086943,sub x_0_1 mul INT- 9 add x_0_1 INT+ 7,(x_0_1 sub (-9 mul (x_0_1 add 7))),"23, 293, 2993, 29993, 299993, 2999993, 29999993, 299999993, 2999999993, 29999999993, 299999999993, 2999999999993, 29999999999993, 299999999999993, 2999999999999993, 29999999999999993, 299999999999999993"
A083812,sub mul INT+ 1 0 x_0_1 add INT- 9 INT- 9,((10 mul x_0_1) sub (-9 add -9)),"18, 198, 1998, 19998, 199998, 1999998, 19999998, 199999998, 1999999998, 19999999998, 199999999998, 1999999999998, 19999999999998, 199999999999998, 1999999999999998, 19999999999999998, 199999999999999998, 1999999999999999998, 19999999999999999998"
A218732,add mul sub sqr INT- 6 INT+ 7 x_0_1 sign n,((((-6)**2 sub 7) mul x_0_1) add sign(n)),"0, 1, 30, 871, 25260, 732541, 21243690, 616067011, 17865943320, 518112356281, 15025258332150, 435732491632351, 12636242257338180, 366451025462807221, 10627079738421409410, 308185312414220872891, 8937374060012405313840, 259183847740359754101361"
A173735,add x_0_1 mul INT+ 1 0 sub x_0_1 x_0_2,(x_0_1 add (10 mul (x_0_1 sub x_0_2))),"3, 4, 14, 114, 1114, 11114, 111114, 1111114, 11111114, 111111114, 1111111114, 11111111114, 111111111114, 1111111111114, 11111111111114, 111111111111114, 1111111111111114, 11111111111111114, 111111111111111114"
A037499,sub mul x_0_1 INT+ 6 mod sub sign n x_0_1 INT- 3,((x_0_1 mul 6) sub ((sign(n) sub x_0_1) mod -3)),"1, 6, 38, 229, 1374, 8246, 49477, 296862, 1781174, 10687045, 64122270, 384733622, 2308401733, 13850410398, 83102462390, 498614774341, 2991688646046, 17950131876278, 107700791257669, 646204747546014, 3877228485276086"
A165229,mul INT+ 6 sub add x_0_1 x_0_1 x_0_2,(6 mul ((x_0_1 add x_0_1) sub x_0_2)),"1, 6, 66, 756, 8676, 99576, 1142856, 13116816, 150544656, 1727834976, 19830751776, 227602011456, 2612239626816, 29981263453056, 344101723675776, 3949333103390976, 45327386898637056, 520232644163298816, 5970827408567763456, 68528533037833368576, 786517432002593842176"
A193578,add mul INT+ 6 add x_0_1 sub x_0_1 sign n x_0_1,((6 mul (x_0_1 add (x_0_1 sub sign(n)))) add x_0_1),"1, 7, 85, 1099, 14281, 185647, 2413405, 31374259, 407865361, 5302249687, 68929245925, 896080197019, 11649042561241, 151437553296127, 1968688192849645, 25592946507045379, 332708304591589921, 4325207959690668967, 56227703475978696565, 730960145187723055339"
A015088,idiv x_0_6 idiv n INT+ 7,(x_0_6 idiv (n idiv 7)),"1, 1, 1, 1, 1, 1, 1, 1, 1, 1, 1, 1, 1, 0, 0, 0, 0, 0, 0, 0, 0, 0, 0, 0, 0, 0, 0, 0, 0, 0, 0, 0, 0, 0, 0, 0, 0, 0, 0, 0, 0, 0, 0, 0, 0, 0, 0, 0, 0, 0, 0, 0, 0, 0, 0, 0, 0, 0, 0, 0, 0, 0, 0, 0, 0, 0, 0, 0, 0, 0, 0, 0, 0, 0, 0, 0, 0, 0, 0, 0, 0"
A084120,mul INT+ 3 add x_0_1 sub x_0_1 x_0_2,(3 mul (x_0_1 add (x_0_1 sub x_0_2))),"1, 3, 15, 81, 441, 2403, 13095, 71361, 388881, 2119203, 11548575, 62933841, 342957321, 1868942403, 10184782455, 55501867521, 302456857761, 1648235544003, 8982042690735, 48947549512401, 266739169002201"
A170762,mul x_0_1 add idiv n x_0_1 mul INT+ 6 INT+ 7 x_0_6,(x_0_1 mul ((n idiv x_0_1) add (6 mul 7))),"1, 43, 1806, 75852, 3185784, 133802928, 5619722976, 236028364992, 9913191329664, 416354035845888, 17486869505527296, 734448519232146432, 30846837807750150144, 1295567187925506306048, 54413821892871264854016, 2285380519500593123868672"
A170734,mul x_0_1 sub add INT+ 8 INT+ 6 idiv x_0_2 x_0_1,(x_0_1 mul ((8 add 6) sub (x_0_2 idiv x_0_1))),"1, 15, 210, 2940, 41160, 576240, 8067360, 112943040, 1581202560, 22136835840, 309915701760, 4338819824640, 60743477544960, 850408685629440, 11905721598812160, 166680102383370240, 2333521433367183360, 32669300067140567040, 457370200939967938560, 6403182813159551139840"
A049859,add x_0_1 sub x_0_1 sub x_0_3 x_0_4,(x_0_1 add (x_0_1 sub (x_0_3 sub x_0_4))),"0, 1, 3, 4, 7, 12, 23, 43, 81, 151, 282, 526, 982, 1833, 3422, 6388, 11925, 22261, 41556, 77575, 144814, 270333, 504647, 942055, 1758591, 3282868, 6128328, 11440120, 21355963, 39866466, 74421140, 138926437, 259342371, 484130068"
A182531,add x_0_2 sub n sign x_0_6,(x_0_2 add (n sub sign(x_0_6))),"0, 1, 3, 4, 6, 9, 12, 16, 20, 25, 30, 36, 42, 49, 56, 64, 72, 81, 90, 100, 110, 121, 132, 144, 156, 169, 182, 196, 210, 225, 240, 256, 272"
A008346,add mul x_0_2 sub INT+ 4 INT+ 2 x_0_3,((x_0_2 mul (4 sub 2)) add x_0_3),"1, 0, 2, 1, 4, 4, 9, 12, 22, 33, 56, 88, 145, 232, 378, 609, 988, 1596, 2585, 4180, 6766, 10945, 17712, 28656, 46369, 75024, 121394, 196417, 317812, 514228, 832041, 1346268, 2178310, 3524577, 5702888, 9227464, 14930353, 24157816, 39088170, 63245985, 102334156"
A277105,mul add x_0_1 mul INT+ 3 INT+ 7 INT+ 3,((x_0_1 add (3 mul 7)) mul 3),"9, 90, 333, 1062, 3249, 9810, 29493, 88542, 265689, 797130, 2391453, 7174422, 21523329, 64570050, 193710213, 581130702, 1743392169, 5230176570, 15690529773, 47071589382, 141214768209, 423644304690, 1270932914133, 3812798742462, 11438396227449, 34315188682410, 102945566047293, 308836698141942, 926510094425889"
A081008,sub mul x_0_1 INT+ 7 sub x_0_2 INT+ 5,((x_0_1 mul 7) sub (x_0_2 sub 5)),"0, 7, 54, 376, 2583, 17710, 121392, 832039, 5702886, 39088168, 267914295, 1836311902, 12586269024, 86267571271, 591286729878, 4052739537880, 27777890035287, 190392490709134, 1304969544928656, 8944394323791463, 61305790721611590, 420196140727489672"
A099868,sub mul INT+ 6 x_0_1 add x_0_2 x_0_1,((6 mul x_0_1) sub (x_0_2 add x_0_1)),"3, 25, 122, 585, 2803, 13430, 64347, 308305, 1477178, 7077585, 33910747, 162476150, 778470003, 3729873865, 17870899322, 85624622745, 410252214403, 1965636449270, 9417930031947, 45124013710465, 216202138520378, 1035886678891425, 4963231255936747"
A065928,sub mul x_0_1 INT+ 6 add x_0_2 sign n,((x_0_1 mul 6) sub (x_0_2 add sign(n))),"2, 11, 63, 366, 2132, 12425, 72417, 422076, 2460038, 14338151, 83568867, 487075050, 2838881432, 16546213541, 96438399813, 562084185336, 3276066712202, 19094316087875, 111289829815047, 648644662802406, 3780578146999388, 22034824219193921, 128428367168164137"
A060645,sub mul INT+ 9 add x_0_1 x_0_1 x_0_2,((9 mul (x_0_1 add x_0_1)) sub x_0_2),"0, 4, 72, 1292, 23184, 416020, 7465176, 133957148, 2403763488, 43133785636, 774004377960, 13888945017644, 249227005939632, 4472197161895732, 80250321908183544, 1440033597185408060, 25840354427429161536"
A188050,add x_0_1 mul mul INT+ 1 0 sqr sub n sign n INT+ 2,(x_0_1 add ((10 mul ((n sub sign(n)))**2) mul 2)),"0, 20, 100, 280, 600, 1100, 1820, 2800, 4080, 5700, 7700, 10120, 13000, 16380, 20300, 24800, 29920, 35700, 42180, 49400, 57400, 66220, 75900, 86480, 98000, 110500, 124020, 138600, 154280, 171100, 189100, 208320, 228800, 250580, 273700"
A093858,add x_0_2 mul x_0_1 sub n INT+ 2,(x_0_2 add (x_0_1 mul (n sub 2))),"1, 2, 3, 8, 27, 116, 607, 3758, 26913, 219062, 1998471, 20203772, 224239963, 2711083328, 35468323227, 499267608506, 7524482450817, 120890986821578, 2062671258417643, 37248973638339152, 709793170386861531"
A100302,add mul x_0_2 INT+ 8 add x_0_1 INT- 6,((x_0_2 mul 8) add (x_0_1 add -6)),"1, 1, 3, 5, 23, 57, 235, 685, 2559, 8033, 28499, 92757, 320743, 1062793, 3628731, 12131069, 41160911, 138209457, 467496739, 1573172389, 5313146295, 17898525401, 60403695755, 203591898957, 686821464991, 2315556656641, 7810128376563, 26334581629685, 88815608642183"
A083100,add mul x_0_2 INT+ 7 add x_0_1 x_0_1,((x_0_2 mul 7) add (x_0_1 add x_0_1)),"1, 9, 25, 113, 401, 1593, 5993, 23137, 88225, 338409, 1294393, 4957649, 18976049, 72655641, 278143625, 1064876737, 4076758849, 15607654857, 59752621657, 228758827313, 875786006225, 3352883803641, 12836269650857, 49142725927201"
A058006,sub x_0_1 mul sub n sign n sub x_0_1 x_0_2,(x_0_1 sub ((n sub sign(n)) mul (x_0_1 sub x_0_2))),"1, 0, 2, -4, 20, -100, 620, -4420, 35900, -326980, 3301820, -36614980, 442386620, -5784634180, 81393657020, -1226280710980, 19696509177020, -335990918918980, 6066382786809020, -115578717622022980, 2317323290554617020, -48773618881154822980"
A182228,sub mul INT+ 3 x_0_2 x_0_1,((3 mul x_0_2) sub x_0_1),"0, 1, -1, 4, -7, 19, -40, 97, -217, 508, -1159, 2683, -6160, 14209, -32689, 75316, -173383, 399331, -919480, 2117473, -4875913, 11228332, -25856071, 59541067, -137109280, 315732481, -727060321, 1674257764, -3855438727, 8878212019, -20444528200, 47079164257, -108412748857"
A015580,sub mul x_0_1 INT+ 9 mul x_0_2 INT- 4,((x_0_1 mul 9) sub (x_0_2 mul -4)),"0, 1, 9, 85, 801, 7549, 71145, 670501, 6319089, 59553805, 561260601, 5289560629, 49851088065, 469818035101, 4427766668169, 41729172153925, 393273616058001, 3706379233137709, 34930507562471385, 329200084994793301, 3102522795203025249, 29239505496806400445"
A015533,sub mul x_0_2 INT+ 9 mul INT- 4 x_0_1,((x_0_2 mul 9) sub (-4 mul x_0_1)),"0, 1, 4, 25, 136, 769, 4300, 24121, 135184, 757825, 4247956, 23812249, 133480600, 748232641, 4194255964, 23511117625, 131792774176, 738771155329, 4141219588900, 23213818753561, 130126251314344, 729429374039425, 4088853757986796, 22920279398302009"
A124395,mul sub x_0_1 x_0_3 INT+ 2,((x_0_1 sub x_0_3) mul 2),"1, 0, 0, -2, -4, -8, -12, -16, -16, -8, 16, 64, 144, 256, 384, 480, 448, 128, -704, -2304, -4864, -8320, -12032, -14336, -12032, 0, 28672, 81408, 162816, 268288, 373760, 421888, 307200, -133120, -1110016, -2834432, -5402624, -8585216, -11501568, -12197888"
A196664,sub mul sqr INT- 4 x_0_1 idiv INT+ 5 x_0_1,(((-4)**2 mul x_0_1) sub (5 idiv x_0_1)),"1, 11, 176, 2816, 45056, 720896, 11534336, 184549376, 2952790016, 47244640256, 755914244096, 12094627905536, 193514046488576, 3096224743817216, 49539595901075456, 792633534417207296, 12682136550675316736, 202914184810805067776, 3246626956972881084416"
A015535,add mul INT+ 5 x_0_1 add x_0_2 x_0_2,((5 mul x_0_1) add (x_0_2 add x_0_2)),"0, 1, 5, 27, 145, 779, 4185, 22483, 120785, 648891, 3486025, 18727907, 100611585, 540513739, 2903791865, 15599986803, 83807517745, 450237562331, 2418802847145, 12994489360387, 69810052496225, 375039241201899, 2014816311001945, 10824160037413523"
A017163,mul mul sqr sub INT+ 9 mul n INT+ 9 INT+ 9 add n INT- 1,((((9 sub (n mul 9)))**2 mul 9) mul (n add -1)),"0, 729, 5832, 19683, 46656, 91125, 157464, 250047, 373248, 531441, 729000, 970299, 1259712, 1601613, 2000376, 2460375, 2985984, 3581577, 4251528, 5000211, 5832000, 6751269, 7762392, 8869743"
A164539,add mul x_0_2 INT+ 7 add x_0_1 x_0_1,((x_0_2 mul 7) add (x_0_1 add x_0_1)),"1, 13, 33, 157, 545, 2189, 8193, 31709, 120769, 463501, 1772385, 6789277, 25985249, 99495437, 380887617, 1458243293, 5582699905, 21373102861, 81825105057, 313261930141, 1199299595681, 4591432702349, 17577962574465, 67295954065373"
A196289,mul add INT- 1 n add sqr sqr sqr sub n sign n INT- 1,((-1 add n) mul (((((n sub sign(n)))**2)**2)**2 add -1)),"0, 0, 510, 19680, 262140, 1953120, 10077690, 40353600, 134217720, 387420480, 999999990, 2357947680, 5159780340, 10604499360, 20661046770, 38443359360, 68719476720, 118587876480, 198359290350, 322687697760, 511999999980, 794280046560, 1207269217770, 1801152661440, 2641807540200"
A301575,add x_0_1 mul INT- 1 0 add add INT- 7 n n,(x_0_1 add (-10 mul ((-7 add n) add n))),"24, 54, 64"
A091928,sub mul add x_0_1 x_0_2 INT+ 6 x_0_2,(((x_0_1 add x_0_2) mul 6) sub x_0_2),"1, 5, 35, 235, 1585, 10685, 72035, 485635, 3273985, 22072085, 148802435, 1003175035, 6763062385, 45594249485, 307380808835, 2072256100435, 13970440646785, 94183924382885, 634955749531235, 4280654119101835"
A027445,mul sub sqr n n sub sqr sub n sign n INT- 1,(((n)**2 sub n) mul (((n sub sign(n)))**2 sub -1)),"0, 4, 30, 120, 340, 780, 1554, 2800, 4680, 7380, 11110, 16104, 22620, 30940, 41370, 54240, 69904, 88740, 111150, 137560, 168420, 204204, 245410, 292560, 346200, 406900, 475254, 551880, 637420, 732540, 837930, 954304, 1082400, 1222980, 1376830, 1544760, 1727604"
A227665,add mul x_0_1 INT+ 7 add x_0_2 x_0_2,((x_0_1 mul 7) add (x_0_2 add x_0_2)),"1, 6, 44, 320, 2328, 16936, 123208, 896328, 6520712, 47437640, 345104904, 2510609608, 18264477064, 132872558664, 966636864776, 7032203170760, 51158695924872, 372175277815624, 2707544336559112, 19697160911545032, 143295215053933448, 1042460827200624200"
A101386,sub mul x_0_1 INT+ 6 x_0_2,((x_0_1 mul 6) sub x_0_2),"5, 27, 157, 915, 5333, 31083, 181165, 1055907, 6154277, 35869755, 209064253, 1218515763, 7102030325, 41393666187, 241259966797, 1406166134595, 8195736840773, 47768254910043, 278413792619485, 1622714500806867, 9457873212221717, 55124524772523435"
A138229,sub x_0_1 sub mul INT+ 6 x_0_2 x_0_1,(x_0_1 sub ((6 mul x_0_2) sub x_0_1)),"1, 1, -4, -14, -4, 76, 176, -104, -1264, -1904, 3776, 18976, 15296, -83264, -258304, -17024, 1515776, 3133696, -2827264, -24456704, -31949824, 82840576, 357380096, 217716736, -1708847104, -4723994624, 805093376"
A007805,sub mul INT+ 9 add x_0_1 x_0_1 x_0_2,((9 mul (x_0_1 add x_0_1)) sub x_0_2),"1, 17, 305, 5473, 98209, 1762289, 31622993, 567451585, 10182505537, 182717648081, 3278735159921, 58834515230497, 1055742538989025, 18944531186571953, 339945818819306129, 6100080207560938369"
A000582,idiv mul x_0_1 add n INT+ 8 sub n sign n,((x_0_1 mul (n add 8)) idiv (n sub sign(n))),"1, 10, 55, 220, 715, 2002, 5005, 11440, 24310, 48620, 92378, 167960, 293930, 497420, 817190, 1307504, 2042975, 3124550, 4686825, 6906900, 10015005, 14307150, 20160075, 28048800, 38567100, 52451256, 70607460, 94143280, 124403620, 163011640, 211915132"
A077244,sub mul INT+ 8 x_0_1 x_0_2,((8 mul x_0_1) sub x_0_2),"3, 22, 173, 1362, 10723, 84422, 664653, 5232802, 41197763, 324349302, 2553596653, 20104423922, 158281794723, 1246149933862, 9810917676173, 77241191475522, 608118614128003, 4787707721548502, 37693543158260013, 296760637544531602, 2336391557197992803"
A111282,sub mul INT+ 3 x_0_1 mul x_0_2 sign x_0_3,((3 mul x_0_1) sub (x_0_2 mul sign(x_0_3))),"1, 2, 6, 16, 42, 110, 288, 754, 1974, 5168, 13530, 35422, 92736, 242786, 635622, 1664080, 4356618, 11405774, 29860704, 78176338, 204668310, 535828592, 1402817466, 3672623806, 9615053952, 25172538050, 65902560198, 172535142544"
A052536,sub mul INT+ 3 x_0_1 x_0_3,((3 mul x_0_1) sub x_0_3),"1, 2, 6, 17, 49, 141, 406, 1169, 3366, 9692, 27907, 80355, 231373, 666212, 1918281, 5523470, 15904198, 45794313, 131859469, 379674209, 1093228314, 3147825473, 9063802210, 26098178316, 75146709475, 216376326215, 623030800329"
A163613,sub mul INT+ 4 x_0_1 add x_0_2 x_0_2,((4 mul x_0_1) sub (x_0_2 add x_0_2)),"1, 8, 30, 104, 356, 1216, 4152, 14176, 48400, 165248, 564192, 1926272, 6576704, 22454272, 76663680, 261746176, 893657344, 3051137024, 10417233408, 35566659584, 121432171520, 414595366912, 1415517124608, 4832877764608"
A014907,add mul x_0_1 mul INT+ 3 INT+ 7 add n x_0_1,((x_0_1 mul (3 mul 7)) add (n add x_0_1)),"1, 24, 531, 11686, 257097, 5656140, 124435087, 2737571922, 60226582293, 1324984810456, 29149665830043, 641292648260958, 14108438261741089, 310385641758303972, 6828484118682687399, 150226650611019122794"
A190560,sub mul INT+ 8 x_0_1 mul INT- 6 x_0_2,((8 mul x_0_1) sub (-6 mul x_0_2)),"0, 1, 8, 70, 608, 5284, 45920, 399064, 3468032, 30138640, 261917312, 2276170336, 19780866560, 171903954496, 1493916835328, 12982758409600, 112825568288768, 980501096767744, 8520962183874560, 74050704051602944, 643531405516070912, 5592555468438184960"
A190957,sub mul INT+ 1 0 x_0_1 mul INT- 8 x_0_2,((10 mul x_0_1) sub (-8 mul x_0_2)),"0, 1, 10, 108, 1160, 12464, 133920, 1438912, 15460480, 166116096, 1784844800, 19177376768, 206052526080, 2213944274944, 23787862958080, 255590183780352, 2746204741468160, 29506768884924416, 317037326780989440, 3406427418889289728, 36600572803140812800"
A254663,add mul INT+ 7 x_0_1 add x_0_2 x_0_2,((7 mul x_0_1) add (x_0_2 add x_0_2)),"1, 8, 58, 422, 3070, 22334, 162478, 1182014, 8599054, 62557406, 455099950, 3310814462, 24085901134, 175222936862, 1274732360302, 9273572395838, 67464471491470, 490798445231966, 3570518059606702, 25975223307710846, 188967599273189326, 1374723641527746974"
A211227,mul INT+ 4 sub x_0_2 x_0_4,(4 mul (x_0_2 sub x_0_4)),"1, 2, 3, 4, 8, 8, 20, 16, 48, 32, 112, 64, 256, 128, 576, 256, 1280, 512, 2816, 1024, 6144, 2048, 13312, 4096, 28672, 8192, 61440, 16384, 131072, 32768, 278528, 65536, 589824, 131072, 1245184, 262144, 2621440, 524288, 5505024"
A083878,sub mul sub x_0_1 x_0_2 INT+ 6 x_0_2,(((x_0_1 sub x_0_2) mul 6) sub x_0_2),"1, 3, 11, 45, 193, 843, 3707, 16341, 72097, 318195, 1404491, 6199581, 27366049, 120799227, 533233019, 2353803525, 10390190017, 45864515427, 202455762443, 893682966669, 3944907462913, 17413664010795, 76867631824379"
A138128,sub mul sqr INT+ 8 add x_0_1 x_0_1 x_0_1,(((8)**2 mul (x_0_1 add x_0_1)) sub x_0_1),"1, 127, 16129, 2048383, 260144641, 33038369407, 4195872914689, 532875860165503, 67675234241018881, 8594754748609397887, 1091533853073393531649, 138624799340320978519423"
A052565,mul x_0_1 sub n sign x_0_5,(x_0_1 mul (n sub sign(x_0_5))),"1, 1, 2, 12, 24, 120, 720, 5040, 40320, 362880, 3628800, 39916800, 479001600, 6227020800, 87178291200, 1307674368000, 20922789888000, 355687428096000, 6402373705728000, 121645100408832000, 2432902008176640000, 51090942171709440000, 1124000727777607680000"
A134465,add x_0_1 add sub x_0_1 sub x_0_2 n INT+ 2,(x_0_1 add ((x_0_1 sub (x_0_2 sub n)) add 2)),"1, 6, 16, 32, 55, 86, 126, 176, 237, 310, 396, 496, 611, 742, 890, 1056, 1241, 1446, 1672, 1920, 2191, 2486, 2806, 3152, 3525, 3926, 4356, 4816, 5307, 5830, 6386, 6976, 7601, 8262, 8960, 9696, 10471, 11286, 12142, 13040, 13981, 14966"
A180168,add mul x_0_2 INT+ 5 add x_0_1 x_0_1,((x_0_2 mul 5) add (x_0_1 add x_0_1)),"1, 3, 11, 37, 129, 443, 1531, 5277, 18209, 62803, 216651, 747317, 2577889, 8892363, 30674171, 105810157, 364991169, 1259033123, 4343022091, 14981209797, 51677530049, 178261109083, 614909868411, 2121125282237, 7316799906529, 25239226224243, 87062451981131"
A170751,mul x_0_1 sub mul INT+ 6 INT+ 5 idiv INT- 3 n,(x_0_1 mul ((6 mul 5) sub (-3 idiv n))),"1, 32, 992, 30752, 953312, 29552672, 916132832, 28400117792, 880403651552, 27292513198112, 846067909141472, 26228105183385632, 813071260684954592, 25205209081233592352, 781361481518241362912, 24222205927065482250272, 750888383739029949758432"
A041313,add mul sqr INT- 5 x_0_1 add x_0_2 x_0_1,(((-5)**2 mul x_0_1) add (x_0_2 add x_0_1)),"1, 26, 677, 17628, 459005, 11951758, 311204713, 8103274296, 210996336409, 5494008020930, 143055204880589, 3724929334916244, 96991217912702933, 2525496595065192502, 65759902689607707985, 1712282966524865600112, 44585117032336113310897"
A170761,mul x_0_1 sub mul INT+ 5 INT+ 8 idiv INT- 3 n,(x_0_1 mul ((5 mul 8) sub (-3 idiv n))),"1, 42, 1722, 70602, 2894682, 118681962, 4865960442, 199504378122, 8179679503002, 335366859623082, 13750041244546362, 563751691026400842, 23113819332082434522, 947666592615379815402, 38854330297230572431482, 1593027542186453469690762"
A055099,sub mul add x_0_1 x_0_2 INT+ 3 x_0_2,(((x_0_1 add x_0_2) mul 3) sub x_0_2),"1, 4, 14, 50, 178, 634, 2258, 8042, 28642, 102010, 363314, 1293962, 4608514, 16413466, 58457426, 208199210, 741512482, 2640935866, 9405832562, 33499369418, 119309773378, 424928058970, 1513403723666, 5390067288938"
A161941,mul INT+ 2 add x_0_1 sub x_0_1 x_0_2,(2 mul (x_0_1 add (x_0_1 sub x_0_2))),"2, 5, 16, 54, 184, 628, 2144, 7320, 24992, 85328, 291328, 994656, 3395968, 11594560, 39586304, 135156096, 461451776, 1575494912, 5379076096, 18365314560, 62703106048, 214081795072, 730920968192, 2495520282624, 8520239194112"
A154626,sub mul x_0_1 INT+ 6 mul x_0_2 INT+ 4,((x_0_1 mul 6) sub (x_0_2 mul 4)),"1, 2, 8, 40, 208, 1088, 5696, 29824, 156160, 817664, 4281344, 22417408, 117379072, 614604800, 3218112512, 16850255872, 88229085184, 461973487616, 2418924584960, 12665653559296, 66318223015936, 347246723858432, 1818207451086848, 9520257811087360"
A001533,add INT- 9 sqr sub mul n INT+ 8 INT+ 4,(-9 add (((n mul 8) sub 4))**2),"7, 135, 391, 775, 1287, 1927, 2695, 3591, 4615, 5767, 7047, 8455, 9991, 11655, 13447, 15367, 17415, 19591, 21895, 24327, 26887, 29575, 32391, 35335, 38407, 41607, 44935, 48391, 51975, 55687, 59527, 63495, 67591, 71815, 76167, 80647, 85255, 89991, 94855"
A124657,mul x_0_1 sub add INT+ 6 n INT+ 3,(x_0_1 mul ((6 add n) sub 3)),"24, 120, 720, 5040, 40320, 362880, 3628800, 39916800, 479001600, 6227020800, 87178291200, 1307674368000, 20922789888000, 355687428096000, 6402373705728000, 121645100408832000, 2432902008176640000"
A044322,mul add INT- 1 0 mul sqr INT- 9 n sign n,((-10 add ((-9)**2 mul n)) mul sign(n)),"71, 152, 233, 314, 395, 476, 557, 638, 719, 800, 881, 962, 1043, 1124, 1205, 1286, 1367, 1448, 1529, 1610, 1691, 1772, 1853, 1934, 2015, 2096, 2177, 2258, 2339, 2420, 2501, 2582, 2663, 2744, 2825, 2906, 2987, 3068, 3149"
A254749,add x_0_1 sub x_0_1 add n sub x_0_2 INT+ 2,(x_0_1 add (x_0_1 sub (n add (x_0_2 sub 2)))),"1, 2, 2, 0, -5, -14, -28, -48, -75, -110, -154, -208, -273, -350, -440, -544, -663, -798, -950, -1120, -1309, -1518, -1748, -2000, -2275, -2574, -2898, -3248, -3625, -4030, -4464, -4928, -5423, -5950, -6510, -7104, -7733, -8398, -9100, -9840, -10619, -11438"
A153388,sub mul x_0_1 INT+ 3 add x_0_2 INT- 2,((x_0_1 mul 3) sub (x_0_2 add -2)),"8, 18, 48, 128, 338, 888, 2328, 6098, 15968, 41808, 109458, 286568, 750248, 1964178, 5142288, 13462688, 35245778, 92274648, 241578168, 632459858, 1655801408, 4334944368, 11349031698, 29712150728, 77787420488, 203650110738, 533162911728, 1395838624448"
A161595,sub mul x_0_1 add INT+ 9 INT+ 8 x_0_2,((x_0_1 mul (9 add 8)) sub x_0_2),"1, 16, 271, 4591, 77776, 1317601, 22321441, 378146896, 6406175791, 108526841551, 1838550130576, 31146825378241, 527657481299521, 8939030356713616, 151435858582831951, 2565470565551429551, 43461563755791470416, 736281113282903567521, 12473317362053569177441"
A003482,sub mul x_0_1 INT+ 7 add x_0_2 INT- 4,((x_0_1 mul 7) sub (x_0_2 add -4)),"0, 5, 39, 272, 1869, 12815, 87840, 602069, 4126647, 28284464, 193864605, 1328767775, 9107509824, 62423800997, 427859097159, 2932589879120, 20100270056685, 137769300517679, 944284833567072, 6472224534451829, 44361286907595735, 304056783818718320"
A097131,sub mul x_0_2 INT+ 3 x_0_4,((x_0_2 mul 3) sub x_0_4),"1, 1, 2, 1, 5, 2, 13, 5, 34, 13, 89, 34, 233, 89, 610, 233, 1597, 610, 4181, 1597, 10946, 4181, 28657, 10946, 75025, 28657, 196418, 75025, 514229, 196418, 1346269, 514229, 3524578, 1346269, 9227465, 3524578, 24157817, 9227465, 63245986, 24157817"
A147722,sub mul x_0_1 INT+ 5 add x_0_2 x_0_2,((x_0_1 mul 5) sub (x_0_2 add x_0_2)),"1, 2, 8, 36, 164, 748, 3412, 15564, 70996, 323852, 1477268, 6738636, 30738644, 140215948, 639602452, 2917580364, 13308696916, 60708323852, 276924225428, 1263204479436, 5762173946324, 26284460772748, 119897955971092, 546920858309964, 2494808379607636, 11380200181418252"
A166470,mul x_0_1 add INT+ x_0_2 INT+ 9,(x_0_1 mul (0 add x_0_2)),"2, 6, 12, 72, 864, 62208, 53747712, 3343537668096, 179707499645975396352, 600858794305667322270155425185792, 107978831564966913814384922944738457859243070439030784"
A152620,sub mul x_0_2 INT- 6 mul INT+ 8 x_0_1,((x_0_2 mul -6) sub (8 mul x_0_1)),"1, -2, 10, -68, 484, -3464, 24808, -177680, 1272592, -9114656, 65281696, -467565632, 3348834880, -23985285248, 171789272704, -1230402470144, 8812484124928, -63117458178560, 452064760678912, -3237813336359936"
A010462,add INT+ 6 add x_0_6 INT+ 9,(6 add (x_0_6 add 9)),"0, 1, 4, 6, 9, 10, 15, 16, 19, 21, 24, 25"
A094431,sub mul INT+ 8 sub x_0_1 x_0_2 x_0_2,((8 mul (x_0_1 sub x_0_2)) sub x_0_2),"1, 2, 7, 38, 241, 1586, 10519, 69878, 464353, 3085922, 20508199, 136292294, 905764561, 6019485842, 40004005687, 265856672918, 1766817332161, 11741828601026, 78033272818759, 518589725140838, 3446418345757873"
A077940,mul sub x_0_1 x_0_3 INT+ 2,((x_0_1 sub x_0_3) mul 2),"1, 2, 4, 6, 8, 8, 4, -8, -32, -72, -128, -192, -240, -224, -64, 352, 1152, 2432, 4160, 6016, 7168, 6016, 0, -14336, -40704, -81408, -134144, -186880, -210944, -153600, 66560, 555008, 1417216, 2701312, 4292608, 5750784, 6098944, 3612672, -4276224, -20750336, -48726016, -88899584"
A087213,sub mul INT+ 4 add x_0_2 x_0_3 x_0_1,((4 mul (x_0_2 add x_0_3)) sub x_0_1),"1, 0, 0, 4, -4, 20, -20, 84, -84, 340, -340, 1364, -1364, 5460, -5460, 21844, -21844, 87380, -87380, 349524, -349524, 1398100, -1398100, 5592404, -5592404, 22369620, -22369620, 89478484, -89478484, 357913940, -357913940, 1431655764, -1431655764, 5726623060"
A098303,sub mul x_0_1 sqr INT- 4 sub x_0_2 INT+ 2,((x_0_1 mul (-4)**2) sub (x_0_2 sub 2)),"0, 1, 18, 289, 4608, 73441, 1170450, 18653761, 297289728, 4737981889, 75510420498, 1203428746081, 19179349516800, 305666163522721, 4871479266846738, 77638002106025089, 1237336554429554688"
A086640,sub mul n mul n INT+ 9 sub mul n INT+ 4 INT+ 2,((n mul (n mul 9)) sub ((n mul 4) sub 2)),"7, 30, 71, 130, 207, 302, 415, 546, 695, 862, 1047, 1250, 1471, 1710, 1967, 2242, 2535, 2846, 3175, 3522, 3887, 4270, 4671, 5090, 5527, 5982, 6455, 6946, 7455, 7982, 8527, 9090, 9671, 10270, 10887, 11522, 12175, 12846, 13535, 14242, 14967, 15710"
A134494,sub mul INT+ 9 add x_0_1 x_0_1 x_0_2,((9 mul (x_0_1 add x_0_1)) sub x_0_2),"1, 21, 377, 6765, 121393, 2178309, 39088169, 701408733, 12586269025, 225851433717, 4052739537881, 72723460248141, 1304969544928657, 23416728348467685, 420196140727489673, 7540113804746346429, 135301852344706746049, 2427893228399975082453"
A087205,mul INT- 8 sub x_0_3 x_0_2,(-8 mul (x_0_3 sub x_0_2)),"1, 2, 0, 8, -16, 64, -192, 640, -2048, 6656, -21504, 69632, -225280, 729088, -2359296, 7634944, -24707072, 79953920, -258736128, 837287936, -2709520384, 8768192512, -28374466560, 91821703168, -297141272576, 961569357824, -3111703805952"
A164310,mul sub x_0_1 x_0_2 INT+ 6,((x_0_1 sub x_0_2) mul 6),"4, 15, 66, 306, 1440, 6804, 32184, 152280, 720576, 3409776, 16135200, 76352544, 361304064, 1709709120, 8090430336, 38284327296, 181163381760, 857274326784, 4056665670144, 19196348060160, 90838094340096, 429850477679616"
A173963,mul sqr sub n sign n sub sqr n INT+ 4,(((n sub sign(n)))**2 mul ((n)**2 sub 4)),"0, 0, 20, 108, 336, 800, 1620, 2940, 4928, 7776, 11700, 16940, 23760, 32448, 43316, 56700, 72960, 92480, 115668, 142956, 174800, 211680, 254100, 302588, 357696, 420000, 490100, 568620, 656208, 753536, 861300, 980220, 1111040, 1254528"
A342710,sub mul INT+ 7 x_0_1 x_0_2,((7 mul x_0_1) sub x_0_2),"3, 18, 123, 843, 5778, 39603, 271443, 1860498, 12752043, 87403803, 599074578, 4106118243, 28143753123, 192900153618, 1322157322203, 9062201101803, 62113250390418, 425730551631123, 2918000611027443, 20000273725560978, 137083915467899403, 939587134549734843"
A048345,mul INT+ 1 0 mul x_0_2 sign x_0_3,(10 mul (x_0_2 mul sign(x_0_3))),"0, 10, 320, 100, 3200, 1000, 32000, 10000, 320000, 100000, 3200000, 1000000, 32000000, 10000000, 320000000, 100000000, 3200000000, 1000000000, 32000000000, 10000000000, 320000000000, 100000000000"
A049651,add mul x_0_1 INT+ 4 sub x_0_2 INT- 2,((x_0_1 mul 4) add (x_0_2 sub -2)),"0, 1, 6, 27, 116, 493, 2090, 8855, 37512, 158905, 673134, 2851443, 12078908, 51167077, 216747218, 918155951, 3889371024, 16475640049, 69791931222, 295643364939, 1252365390980, 5305104928861, 22472785106426"
A098588,add x_0_1 add x_0_1 x_0_5,(x_0_1 add (x_0_1 add x_0_5)),"1, 2, 4, 8, 16, 33, 68, 140, 288, 592, 1217, 2502, 5144, 10576, 21744, 44705, 91912, 188968, 388512, 798768, 1642241, 3376394, 6941756, 14272024, 29342816, 60327873, 124032140, 255006036, 524284096, 1077911008, 2216149889"
A122678,sub mul x_0_1 INT+ 3 add x_0_2 INT- 4,((x_0_1 mul 3) sub (x_0_2 add -4)),"1, 6, 21, 61, 166, 441, 1161, 3046, 7981, 20901, 54726, 143281, 375121, 982086, 2571141, 6731341, 17622886, 46137321, 120789081, 316229926, 827900701, 2167472181, 5674515846, 14856075361, 38893710241, 101825055366, 266581455861, 697919312221, 1827176480806"
A089508,sub mul x_0_1 INT+ 7 sub x_0_2 INT+ 6,((x_0_1 mul 7) sub (x_0_2 sub 6)),"1, 14, 103, 713, 4894, 33551, 229969, 1576238, 10803703, 74049689, 507544126, 3478759199, 23843770273, 163427632718, 1120149658759, 7677619978601, 52623190191454, 360684711361583, 2472169789339633, 16944503814015854"
A134489,add mul INT+ 1 0 x_0_1 add x_0_2 x_0_1,((10 mul x_0_1) add (x_0_2 add x_0_1)),"1, 13, 144, 1597, 17711, 196418, 2178309, 24157817, 267914296, 2971215073, 32951280099, 365435296162, 4052739537881, 44945570212853, 498454011879264, 5527939700884757, 61305790721611591, 679891637638612258"
A078469,add mul INT+ 6 x_0_1 sub x_0_2 idiv n x_0_1,((6 mul x_0_1) add (x_0_2 sub (n idiv x_0_1))),"1, 2, 12, 74, 456, 2810, 17316, 106706, 657552, 4052018, 24969660, 153869978, 948189528, 5843007146, 36006232404, 221880401570, 1367288641824, 8425612252514, 51920962156908, 319951385193962, 1971629273320680"
A266071,add mul INT+ 1 0 x_0_1 mod mod sub n INT- 7 x_0_1 INT+ 2,((10 mul x_0_1) add (((n sub -7) mod x_0_1) mod 2)),"1, 10, 100, 1001, 10010, 100101, 1001010, 10010101, 100101010, 1001010101, 10010101010, 100101010101, 1001010101010, 10010101010101, 100101010101010, 1001010101010101, 10010101010101010, 100101010101010101, 1001010101010101010, 10010101010101010101"
A165247,sub x_0_1 sub INT- 1 0 mul INT+ 9 add x_0_1 INT- 9,(x_0_1 sub (-10 sub (9 mul (x_0_1 add -9)))),"9, 19, 119, 1119, 11119, 111119, 1111119, 11111119, 111111119, 1111111119, 11111111119, 111111111119, 1111111111119, 11111111111119, 111111111111119, 1111111111111119, 11111111111111119"
A084175,add mul x_0_2 INT+ 8 sub add x_0_1 x_0_1 INT- 1,((x_0_2 mul 8) add ((x_0_1 add x_0_1) sub -1)),"0, 1, 3, 15, 55, 231, 903, 3655, 14535, 58311, 232903, 932295, 3727815, 14913991, 59650503, 238612935, 954429895, 3817763271, 15270965703, 61084037575, 244335800775, 977343902151, 3909374210503, 15637499638215, 62549992960455"
A190990,add mul INT+ 8 sub x_0_1 x_0_2 add x_0_1 x_0_1,((8 mul (x_0_1 sub x_0_2)) add (x_0_1 add x_0_1)),"0, 1, 10, 92, 840, 7664, 69920, 637888, 5819520, 53092096, 484364800, 4418911232, 40314193920, 367790649344, 3355392942080, 30611604226048, 279272898723840, 2547836153430016, 23244178344509440, 212059094217654272, 1934637515420467200, 17649902400463437824"
A188378,sub mul x_0_1 INT+ 3 sub x_0_2 INT- 1,((x_0_1 mul 3) sub (x_0_2 sub -1)),"2, 5, 12, 30, 77, 200, 522, 1365, 3572, 9350, 24477, 64080, 167762, 439205, 1149852, 3010350, 7881197, 20633240, 54018522, 141422325, 370248452, 969323030, 2537720637, 6643838880, 17393796002, 45537549125, 119218851372, 312119004990, 817138163597, 2139295485800"
A111567,sub mul INT+ 4 x_0_1 add x_0_2 x_0_2,((4 mul x_0_1) sub (x_0_2 add x_0_2)),"1, 5, 18, 62, 212, 724, 2472, 8440, 28816, 98384, 335904, 1146848, 3915584, 13368640, 45643392, 155836288, 532058368, 1816560896, 6202126848, 21175385600, 72297288704, 246838383616, 842758957056, 2877359060992"
A305315,sub mul x_0_1 mul INT+ 6 INT+ 3 x_0_2,((x_0_1 mul (6 mul 3)) sub x_0_2),"1, 29, 521, 9349, 167761, 3010349, 54018521, 969323029, 17393796001, 312119004989, 5600748293801, 100501350283429, 1803423556807921, 32361122672259149, 580696784543856761, 10420180999117162549, 186982561199565069121, 3355265920593054081629, 60207804009475408400201, 1080385206249964297121989"
A067902,sub mul INT+ 7 add x_0_1 x_0_1 x_0_2,((7 mul (x_0_1 add x_0_1)) sub x_0_2),"2, 14, 194, 2702, 37634, 524174, 7300802, 101687054, 1416317954, 19726764302, 274758382274, 3826890587534, 53301709843202, 742397047217294, 10340256951198914, 144021200269567502, 2005956546822746114, 27939370455248878094, 389145229826661547202, 5420093847118012782734"
A022984,mul INT- 1 sub sign n x_0_1,(-1 mul (sign(n) sub x_0_1)),"28, 27, 26, 25, 24, 23, 22, 21, 20, 19, 18, 17, 16, 15, 14, 13, 12, 11, 10, 9, 8, 7, 6, 5, 4, 3, 2, 1, 0, -1, -2, -3, -4, -5, -6, -7, -8, -9, -10, -11, -12, -13, -14, -15, -16, -17, -18, -19, -20, -21, -22, -23, -24, -25, -26, -27, -28, -29, -30, -31, -32"
A164593,mul add x_0_1 x_0_2 INT+ 4 INT+ 2,((x_0_1 add x_0_2) mul 4),"5, 22, 108, 520, 2512, 12128, 58560, 282752, 1365248, 6592000, 31828992, 153683968, 742051840, 3582943232, 17299980288, 83531694080, 403326697472, 1947433566208, 9403041054720, 45401898483712, 219219758153728"
A275796,sub mul INT+ 6 x_0_1 x_0_2,((6 mul x_0_1) sub x_0_2),"3, 20, 117, 682, 3975, 23168, 135033, 787030, 4587147, 26735852, 155827965, 908231938, 5293563663, 30853150040, 179825336577, 1048098869422, 6108767879955, 35604508410308, 207518282581893, 1209505187081050, 7049512839904407"
A114479,mul INT+ 8 sub x_0_1 x_0_2,(8 mul (x_0_1 sub x_0_2)),"3, 20, 136, 928, 6336, 43264, 295424, 2017280, 13774848, 94060544, 642285568, 4385800192, 29948116992, 204498534400, 1396403339264, 9535238438912, 65110680797184, 444603538866176, 3035942864551936, 20730714605486080"
A097783,add mul INT+ 1 0 x_0_1 sub x_0_1 x_0_2,((10 mul x_0_1) add (x_0_1 sub x_0_2)),"1, 12, 131, 1429, 15588, 170039, 1854841, 20233212, 220710491, 2407582189, 26262693588, 286482047279, 3125039826481, 34088956044012, 371853476657651, 4056299287190149, 44247438682433988, 482665526219583719, 5265073349732986921, 57433141320843272412"
A090620,idiv add x_0_6 n add INT+ 8 INT+ 6,((x_0_6 add n) idiv (8 add 6)),"0, 0, 0, 0, 0, 0, 0, 0, 0, 0, 0, 0, 0, 1, 1, 1, 1, 1, 1, 1, 1, 1, 1, 1, 1, 1, 2, 2, 2, 2, 2, 2, 2, 2, 2, 2, 2, 2, 2, 3, 3, 3, 3, 3, 3, 3, 3, 3, 3, 3, 3, 3, 4, 4, 4, 4, 4, 4, 4, 4, 4, 4, 4, 4, 4, 5, 5, 5, 5, 5, 5, 5, 5, 5, 5, 5, 5, 5, 6, 6, 6, 6, 6, 6, 6, 6, 6, 6, 6, 6, 6, 7, 7, 7, 7, 7, 7, 7, 7, 7, 7, 7, 7, 7, 8"
A113300,add mul INT+ 3 x_0_1 add x_0_2 x_0_3,((3 mul x_0_1) add (x_0_2 add x_0_3)),"0, 1, 3, 10, 34, 115, 389, 1316, 4452, 15061, 50951, 172366, 583110, 1972647, 6673417, 22576008, 76374088, 258371689, 874065163, 2956941266, 10003260650, 33840788379, 114482567053, 387291750188, 1310198605996, 4432370135229, 14994600761871, 50726371026838"
A108368,add mul INT+ 3 add x_0_1 x_0_2 x_0_3,((3 mul (x_0_1 add x_0_2)) add x_0_3),"0, 1, 3, 12, 46, 177, 681, 2620, 10080, 38781, 149203, 574032, 2208486, 8496757, 32689761, 125768040, 483870160, 1861604361, 7162191603, 27555258052, 106013953326, 407869825737, 1569206595241, 6037243216260, 23227219260240, 89362594024741, 343806683071203"
A015523,add mul INT+ 3 x_0_1 mul INT+ 5 x_0_2,((3 mul x_0_1) add (5 mul x_0_2)),"0, 1, 3, 14, 57, 241, 1008, 4229, 17727, 74326, 311613, 1306469, 5477472, 22964761, 96281643, 403668734, 1692414417, 7095586921, 29748832848, 124724433149, 522917463687, 2192374556806, 9191710988853, 38537005750589"
A037558,add mul x_0_1 INT+ 9 mod add n x_0_1 INT+ 3,((x_0_1 mul 9) add ((n add x_0_1) mod 3)),"2, 19, 172, 1550, 13951, 125560, 1130042, 10170379, 91533412, 823800710, 7414206391, 66727857520, 600550717682, 5404956459139, 48644608132252, 437801473190270, 3940213258712431"
A281234,sub mul x_0_1 INT+ 6 x_0_2,((x_0_1 mul 6) sub x_0_2),"0, 48, 288, 1680, 9792, 57072, 332640, 1938768, 11299968, 65861040, 383866272, 2237336592, 13040153280, 76003583088, 442981345248, 2581884488400, 15048325585152, 87708069022512, 511200088549920, 2979492462277008, 17365754685112128, 101215035648395760"
A033580,add x_0_1 sub x_0_1 sub x_0_2 mul INT+ 6 INT+ 2,(x_0_1 add (x_0_1 sub (x_0_2 sub (6 mul 2)))),"0, 8, 28, 60, 104, 160, 228, 308, 400, 504, 620, 748, 888, 1040, 1204, 1380, 1568, 1768, 1980, 2204, 2440, 2688, 2948, 3220, 3504, 3800, 4108, 4428, 4760, 5104, 5460, 5828, 6208, 6600, 7004, 7420, 7848, 8288, 8740, 9204, 9680, 10168, 10668, 11180, 11704, 12240"
A106731,mul sub x_0_1 sub x_0_2 x_0_1 INT+ 2,((x_0_1 sub (x_0_2 sub x_0_1)) mul 2),"0, -2, -8, -28, -96, -328, -1120, -3824, -13056, -44576, -152192, -519616, -1774080, -6057088, -20680192, -70606592, -241065984, -823050752, -2810071040, -9594182656, -32756588544, -111837988864, -381838778368, -1303679135744, -4451038986240, -15196797673472"
A090129,add x_0_1 mul x_0_1 sign x_0_3,(x_0_1 add (x_0_1 mul sign(x_0_3))),"1, 2, 2, 4, 8, 16, 32, 64, 128, 256, 512, 1024, 2048, 4096, 8192, 16384, 32768, 65536, 131072, 262144, 524288, 1048576, 2097152, 4194304, 8388608, 16777216, 33554432, 67108864, 134217728, 268435456"
A218726,add mul x_0_1 mul INT+ 3 INT+ 8 sub sign n x_0_1,((x_0_1 mul (3 mul 8)) add (sign(n) sub x_0_1)),"0, 1, 24, 553, 12720, 292561, 6728904, 154764793, 3559590240, 81870575521, 1883023236984, 43309534450633, 996119292364560, 22910743724384881, 526947105660852264, 12119783430199602073, 278755018894590847680, 6411365434575589496641"
A165232,mul add x_0_1 sub x_0_1 x_0_2 INT+ 9,((x_0_1 add (x_0_1 sub x_0_2)) mul 9),"1, 9, 153, 2673, 46737, 817209, 14289129, 249849441, 4368687777, 76387735017, 1335661040313, 23354409110481, 408358414625841, 7140261781270809, 124849486331241993"
A037519,add mul INT+ 1 0 x_0_1 mod sub n INT- 1 INT+ 3,((10 mul x_0_1) add ((n sub -1) mod 3)),"2, 20, 201, 2012, 20120, 201201, 2012012, 20120120, 201201201, 2012012012, 20120120120, 201201201201, 2012012012012, 20120120120120, 201201201201201, 2012012012012012"
A099048,add mul INT+ 9 INT+ 2 x_0_1,((9 mul 2) add x_0_1),"32, 50, 68, 86, 104, 122, 140, 158, 176, 194, 212, 230, 248, 266, 284, 302, 320, 338, 356, 374, 392, 410, 428, 446, 464, 482, 500, 518, 536, 554, 572, 590, 608, 626, 644, 662, 680, 698, 716, 734, 752, 770, 788, 806, 824, 842, 860, 878, 896, 914, 932, 950"
A086940,sub x_0_1 mul INT- 9 add INT+ 4 x_0_1,(x_0_1 sub (-9 mul (4 add x_0_1))),"16, 196, 1996, 19996, 199996, 1999996, 19999996, 199999996, 1999999996, 19999999996, 199999999996, 1999999999996, 19999999999996, 199999999999996, 1999999999999996, 19999999999999996, 199999999999999996, 1999999999999999996, 19999999999999999996"
A191559,mul x_0_1 sqr sqr sqr INT- 5,(x_0_1 mul (((-5)**2)**2)**2),"25, 9765625, 3814697265625, 1490116119384765625, 582076609134674072265625, 227373675443232059478759765625, 88817841970012523233890533447265625, 34694469519536141888238489627838134765625, 13552527156068805425093160010874271392822265625"
A031138,sub mul INT+ 1 0 x_0_1 add x_0_2 INT- 4,((10 mul x_0_1) sub (x_0_2 add -4)),"1, 13, 133, 1321, 13081, 129493, 1281853, 12689041, 125608561, 1243396573, 12308357173, 121840175161, 1206093394441, 11939093769253, 118184844298093, 1169909349211681, 11580908647818721, 114639177128975533, 1134810862641936613, 11233469449290390601"
A082311,sub mul INT+ 7 x_0_1 mul x_0_2 INT- 8,((7 mul x_0_1) sub (x_0_2 mul -8)),"1, 5, 43, 341, 2731, 21845, 174763, 1398101, 11184811, 89478485, 715827883, 5726623061, 45812984491, 366503875925, 2932031007403, 23456248059221, 187649984473771, 1501199875790165, 12009599006321323, 96076792050570581"
A179741,mul add INT- 7 mul INT+ 6 n add add n n INT- 1,((-7 add (6 mul n)) mul ((n add n) add -1)),"-1, 15, 55, 119, 207, 319, 455, 615, 799, 1007, 1239, 1495, 1775, 2079, 2407, 2759, 3135, 3535, 3959, 4407, 4879, 5375, 5895, 6439, 7007, 7599, 8215, 8855, 9519, 10207, 10919, 11655, 12415, 13199, 14007, 14839, 15695, 16575, 17479, 18407"
A068628,mul sub INT+ 6 mul n INT+ 8 sub INT+ 6 mul n INT+ 6,((6 sub (n mul 8)) mul (6 sub (n mul 6))),"0, 60, 216, 468, 816, 1260, 1800, 2436, 3168, 3996, 4920, 5940, 7056, 8268, 9576, 10980, 12480, 14076, 15768, 17556, 19440, 21420, 23496, 25668, 27936, 30300, 32760, 35316, 37968, 40716, 43560, 46500, 49536, 52668, 55896, 59220, 62640, 66156, 69768, 73476"
A165734,abs x_0_6,abs(x_0_6),"6, 30, 6, 30, 6, 30, 6, 30, 6, 30, 6, 30, 6, 30, 6, 30, 6, 30, 6, 30, 6, 30, 6, 30, 6, 30, 6, 30, 6, 30, 6, 30, 6, 30, 6, 30, 6, 30, 6, 30, 6, 30, 6, 30, 6, 30, 6, 30, 6, 30, 6, 30, 6, 30, 6, 30"
A004191,sub mul INT+ 6 add x_0_1 x_0_1 x_0_2,((6 mul (x_0_1 add x_0_1)) sub x_0_2),"1, 12, 143, 1704, 20305, 241956, 2883167, 34356048, 409389409, 4878316860, 58130412911, 692686638072, 8254109243953, 98356624289364, 1172025382228415, 13965947962451616, 166419350167190977, 1983066254043840108, 23630375698358890319, 281581442126262843720"
A180028,mul INT+ 3 add x_0_1 add x_0_2 x_0_1,(3 mul (x_0_1 add (x_0_2 add x_0_1))),"1, 9, 57, 369, 2385, 15417, 99657, 644193, 4164129, 26917353, 173996505, 1124731089, 7270376049, 46996449561, 303789825513, 1963728301761, 12693739287105, 82053620627913, 530402941628793, 3428578511656497"
A290191,add mul INT+ 1 0 sub x_0_1 x_0_3 x_0_2,((10 mul (x_0_1 sub x_0_3)) add x_0_2),"1, 10, 111, 1110, 11111, 111110, 1111111, 11111110, 111111111, 1111111110, 11111111111, 111111111110, 1111111111111, 11111111111110, 111111111111111, 1111111111111110, 11111111111111111, 111111111111111110, 1111111111111111111, 11111111111111111110"
A144758,mul x_0_1 add idiv x_0_1 x_0_2 INT+ 9,(x_0_1 mul ((x_0_1 idiv x_0_2) add 9)),"1, 3, 36, 756, 22680, 884520, 42456960, 2420046720, 159723083520, 11979231264000, 1006255426176000, 93581754634368000, 9545338972705536000, 1059532625970314496000, 127143915116437739520000, 16401565050020468398080000, 2263415976902824638935040000"
A005831,mul x_0_1 add sign n x_0_2,(x_0_1 mul (sign(n) add x_0_2)),"0, 1, 1, 2, 4, 12, 60, 780, 47580, 37159980, 1768109008380, 65702897157329640780, 116169884340604934905464739377180, 7632697963609645128663145969343357330533515068777580, 886689639639303288926299195509965193299034793881606681727875910370940270908216401980"
A353580,add x_0_1 add x_0_1 sub x_0_2 sign n,(x_0_1 add (x_0_1 add (x_0_2 sub sign(n)))),"0, 2, 3, 7, 16, 38, 91, 219, 528, 1274, 3075, 7423, 17920, 43262, 104443, 252147, 608736, 1469618, 3547971, 8565559, 20679088, 49923734, 120526555, 290976843, 702480240, 1695937322, 4094354883, 9884647087, 23863649056, 57611945198, 139087539451, 335787024099, 810661587648"
A071568,add n mul sqr sub n sign n sub n sign n,(n add (((n sub sign(n)))**2 mul (n sub sign(n)))),"1, 3, 11, 31, 69, 131, 223, 351, 521, 739, 1011, 1343, 1741, 2211, 2759, 3391, 4113, 4931, 5851, 6879, 8021, 9283, 10671, 12191, 13849, 15651, 17603, 19711, 21981, 24419, 27031, 29823, 32801, 35971, 39339, 42911, 46693, 50691, 54911, 59359"
A002532,add mul x_0_2 INT+ 5 add x_0_1 x_0_1,((x_0_2 mul 5) add (x_0_1 add x_0_1)),"0, 1, 2, 9, 28, 101, 342, 1189, 4088, 14121, 48682, 167969, 579348, 1998541, 6893822, 23780349, 82029808, 282961361, 976071762, 3366950329, 11614259468, 40063270581, 138197838502, 476712029909, 1644413252328, 5672386654201"
A015584,add mul INT+ 8 add x_0_2 x_0_1 x_0_1,((8 mul (x_0_2 add x_0_1)) add x_0_1),"0, 1, 9, 89, 873, 8569, 84105, 825497, 8102313, 79524793, 780541641, 7661073113, 75193991145, 738034505209, 7243862476041, 71099038326041, 697842244742697, 6849372509292601, 67227090541574985, 659838794948515673, 6476365878869240937, 63566003269411293817"
A256506,add mul x_0_1 add n add sign n n x_0_2,((x_0_1 mul (n add (sign(n) add n))) add x_0_2),"0, 1, 7, 64, 711, 9307, 140316, 2394679, 45639217, 960818236, 22144458645, 554572284361, 14995596136392, 435426860239729, 13513228263567991, 446371959557983432, 15636531812792988111, 578998049032898543539, 22596560444095836186132, 927037976256962182174951"
A145442,mul mul sqr INT- 1 0 INT+ 1 0 mul x_0_1 sign x_0_3,(((-10)**2 mul 10) mul (x_0_1 mul sign(x_0_3))),"10, 100, 1000, 1000000, 1000000000, 1000000000000, 1000000000000000, 1000000000000000000, 1000000000000000000000, 1000000000000000000000000"
A288913,sub mul INT+ 7 x_0_1 x_0_2,((7 mul x_0_1) sub x_0_2),"4, 29, 199, 1364, 9349, 64079, 439204, 3010349, 20633239, 141422324, 969323029, 6643838879, 45537549124, 312119004989, 2139295485799, 14662949395604, 100501350283429, 688846502588399, 4721424167835364, 32361122672259149, 221806434537978679, 1520283919093591604"
A207165,mul INT+ 9 add n add INT- 1 mul n sqr n,(9 mul (n add (-1 add (n mul (n)**2)))),"9, 81, 261, 603, 1161, 1989, 3141, 4671, 6633, 9081, 12069, 15651, 19881, 24813, 30501, 36999, 44361, 52641, 61893, 72171, 83529, 96021, 109701, 124623, 140841, 158409, 177381, 197811, 219753, 243261, 268389, 295191, 323721, 354033, 386181"
A031736,add sqr mul n sub sqr INT+ 6 INT+ 7 n,(((n mul ((6)**2 sub 7)))**2 add n),"842, 3366, 7572, 13460, 21030, 30282, 41216, 53832, 68130, 84110, 101772, 121116, 142142, 164850, 189240, 215312, 243066, 272502, 303620, 336420, 370902, 407066, 444912, 484440, 525650, 568542, 613116, 659372, 707310, 756930, 808232, 861216"
A170750,mul x_0_1 add idiv n x_0_1 mul INT+ 3 INT+ 1 0 x_0_6,(x_0_1 mul ((n idiv x_0_1) add (3 mul 10))),"1, 31, 930, 27900, 837000, 25110000, 753300000, 22599000000, 677970000000, 20339100000000, 610173000000000, 18305190000000000, 549155700000000000, 16474671000000000000, 494240130000000000000, 14827203900000000000000, 444816117000000000000000"
A158480,sub x_0_1 mul INT- 6 sub mul n INT+ 4 INT+ 6,(x_0_1 sub (-6 mul ((n mul 4) sub 6))),"1, 13, 49, 109, 193, 301, 433, 589, 769, 973, 1201, 1453, 1729, 2029, 2353, 2701, 3073, 3469, 3889, 4333, 4801, 5293, 5809, 6349, 6913, 7501, 8113, 8749, 9409, 10093, 10801, 11533, 12289, 13069, 13873, 14701, 15553, 16429, 17329, 18253, 19201, 20173, 21169"
A026644,add add add x_0_1 x_0_2 INT+ 2 mul x_0_2 sign x_0_3,(((x_0_1 add x_0_2) add 2) add (x_0_2 mul sign(x_0_3))),"1, 2, 4, 10, 20, 42, 84, 170, 340, 682, 1364, 2730, 5460, 10922, 21844, 43690, 87380, 174762, 349524, 699050, 1398100, 2796202, 5592404, 11184810, 22369620, 44739242, 89478484, 178956970, 357913940, 715827882, 1431655764, 2863311530, 5726623060"
A049876,add x_0_1 sub x_0_1 sub x_0_3 x_0_4,(x_0_1 add (x_0_1 sub (x_0_3 sub x_0_4))),"2, 3, 4, 7, 13, 25, 47, 88, 164, 306, 571, 1066, 1990, 3715, 6935, 12946, 24167, 45114, 84217, 157213, 293479, 547855, 1022714, 1909162, 3563948, 6653037, 12419626, 23184466, 43279843, 80793097, 150821354, 281547331, 525581408"
A255236,sub mul INT+ 6 x_0_1 x_0_2,((6 mul x_0_1) sub x_0_2),"5, 31, 181, 1055, 6149, 35839, 208885, 1217471, 7095941, 41358175, 241053109, 1404960479, 8188709765, 47727298111, 278175078901, 1621323175295, 9449763972869, 55077260661919, 321013799998645, 1871005539329951, 10905019435981061, 63559111076556415"
A013717,mul mul INT+ 9 INT+ 8 add x_0_1 x_0_1,((9 mul 8) mul (x_0_1 add x_0_1)),"12, 1728, 248832, 35831808, 5159780352, 743008370688, 106993205379072, 15407021574586368, 2218611106740436992, 319479999370622926848, 46005119909369701466112, 6624737266949237011120128"
A025777,sub x_0_5 idiv n sub INT- 6 sign x_0_5,(x_0_5 sub (n idiv (-6 sub sign(x_0_5)))),"1, 1, 1, 1, 1, 2, 2, 3, 3, 3, 4, 4, 5, 5, 6, 7, 7, 8, 8, 9, 10, 11, 12, 12, 13, 14, 15, 16, 17, 18, 19, 20, 21, 22, 23, 25, 26, 27, 28, 29, 31, 32, 34, 35, 36, 38, 39, 41, 42, 44, 46, 47, 49, 50, 52, 54, 56, 58, 59, 61, 63, 65, 67, 69, 71, 73, 75, 77, 79, 81, 84"
A103632,add add x_0_2 x_0_5 x_0_4,((x_0_2 add x_0_5) add x_0_4),"1, 0, 1, 1, 2, 2, 3, 4, 6, 8, 11, 15, 21, 29, 40, 55, 76, 105, 145, 200, 276, 381, 526, 726, 1002, 1383, 1909, 2635, 3637, 5020, 6929, 9564, 13201, 18221, 25150, 34714, 47915, 66136, 91286, 126000, 173915, 240051, 331337, 457337, 631252, 871303, 1202640"
A271876,add INT+ 6 mul x_0_2 sign x_0_6,(6 add (x_0_2 mul sign(x_0_6))),"0, 2, 3, 5, 8, 11, 14, 17, 20"
A139268,add x_0_1 sub x_0_1 sub x_0_2 sub INT+ 8 INT- 6,(x_0_1 add (x_0_1 sub (x_0_2 sub (8 sub -6)))),"0, 2, 18, 48, 92, 150, 222, 308, 408, 522, 650, 792, 948, 1118, 1302, 1500, 1712, 1938, 2178, 2432, 2700, 2982, 3278, 3588, 3912, 4250, 4602, 4968, 5348, 5742, 6150, 6572, 7008, 7458, 7922, 8400, 8892, 9398, 9918, 10452, 11000"
A025778,sub x_0_5 idiv n mul INT- 8 sign x_0_5,(x_0_5 sub (n idiv (-8 mul sign(x_0_5)))),"1, 1, 1, 1, 1, 2, 2, 2, 3, 3, 4, 4, 4, 5, 5, 6, 7, 7, 8, 8, 9, 10, 10, 11, 12, 13, 14, 14, 15, 16, 17, 18, 19, 20, 21, 22, 23, 24, 25, 26, 28, 29, 30, 31, 32, 34, 35, 36, 38, 39, 41, 42, 43, 45, 46, 48, 50, 51, 53, 54, 56"
A160419,mul idiv x_0_4 sign x_0_6 x_0_1,((x_0_4 idiv sign(x_0_6)) mul x_0_1),"1, 2, 2, 2, 2, 2, 4, 8"
A206543,sub INT+ 1 0 x_0_5,(10 sub x_0_5),"1, 3, 5, 7, 9, 9, 7, 5, 3, 1, 1, 3, 5, 7, 9, 9, 7, 5, 3, 1, 1, 3, 5, 7, 9, 9, 7, 5, 3, 1, 1, 3, 5, 7, 9, 9, 7, 5, 3, 1, 1, 3, 5, 7, 9, 9, 7, 5, 3, 1, 1, 3, 5, 7, 9, 9, 7, 5, 3, 1, 1"
A178489,add idiv n add x_0_6 sqr INT- 8 sign n,((n idiv (x_0_6 add (-8)**2)) add sign(n)),"0, 1, 1, 1, 1, 1, 1, 1, 1, 1, 1, 1, 1, 1, 1, 1, 1, 1, 1, 1, 1, 1, 1, 1, 1, 1, 1, 1, 1, 1, 1, 1, 1, 1, 1, 1, 1, 1, 1, 1, 1, 1, 1, 1, 1, 1, 1, 1, 1, 1, 1, 1, 1, 1, 1, 1, 1, 1, 1, 1, 1, 1, 1, 1, 2, 2, 2, 2, 2, 2, 2, 2, 2, 2, 2, 2, 2, 2, 2, 2, 2, 2, 2, 2, 2, 2, 2, 2, 2, 2, 2, 2, 2, 2, 2, 2, 2, 2, 2, 2, 2, 2, 2, 2, 2"
A077221,add x_0_1 sub x_0_2 add INT- 8 x_0_3,(x_0_1 add (x_0_2 sub (-8 add x_0_3))),"0, 1, 8, 17, 32, 49, 72, 97, 128, 161, 200, 241, 288, 337, 392, 449, 512, 577, 648, 721, 800, 881, 968, 1057, 1152, 1249, 1352, 1457, 1568, 1681, 1800, 1921, 2048, 2177, 2312, 2449, 2592, 2737, 2888, 3041, 3200, 3361, 3528, 3697, 3872, 4049, 4232"
A005005,add x_0_2 add INT+ 1 0 mod INT+ 2 add n x_0_6,(x_0_2 add (10 add (2 mod (n add x_0_6)))),"1, 4, 7, 12, 16, 23, 28, 35, 40, 47, 52, 59, 64, 71, 76, 83, 88, 95, 100, 107, 112, 119, 124, 131, 136, 143, 148, 155, 160, 167, 172, 179, 184, 191, 196, 203, 208, 215, 220, 227, 232, 239, 244, 251, 256, 263, 268, 275, 280, 287, 292, 299, 304"
A006370,add x_0_2 sub x_0_2 x_0_4,(x_0_2 add (x_0_2 sub x_0_4)),"0, 4, 1, 10, 2, 16, 3, 22, 4, 28, 5, 34, 6, 40, 7, 46, 8, 52, 9, 58, 10, 64, 11, 70, 12, 76, 13, 82, 14, 88, 15, 94, 16, 100, 17, 106, 18, 112, 19, 118, 20, 124, 21, 130, 22, 136, 23, 142, 24, 148, 25, 154, 26, 160, 27, 166, 28, 172, 29, 178, 30, 184, 31, 190, 32, 196, 33"
A133989,add x_0_2 mod sign x_0_6 x_0_5,(x_0_2 add (sign(x_0_6) mod x_0_5)),"0, 1, 1, 1, 2, 1, 2, 1, 2, 2, 2, 3, 2"
A106805,add x_0_1 sub x_0_1 sub x_0_3 x_0_2,(x_0_1 add (x_0_1 sub (x_0_3 sub x_0_2))),"1, 2, 5, 11, 25, 56, 126, 283, 636, 1429, 3211, 7215, 16212, 36428, 81853, 183922, 413269, 928607, 2086561, 4688460, 10534874, 23671647, 53189708, 119516189, 268550439, 603427359, 1355888968, 3046654856, 6845771321, 15382308530, 34563733525, 77664004259"
A107427,add sub x_0_1 x_0_6 sub n INT+ 4,((x_0_1 sub x_0_6) add (n sub 4)),"0, 0, 1, 2, 4, 7, 10, 14, 18, 22"
A236343,add n x_0_3,(n add x_0_3),"1, 1, 3, 5, 6, 9, 12, 14, 18, 22, 25, 30, 35, 39, 45, 51, 56, 63, 70, 76, 84, 92, 99, 108, 117, 125, 135, 145, 154, 165, 176, 186, 198, 210, 221, 234, 247, 259, 273, 287, 300, 315, 330, 344, 360, 376, 391, 408, 425, 441, 459, 477, 494, 513, 532, 550, 570, 590"
A079977,add x_0_2 sub x_0_2 x_0_6,(x_0_2 add (x_0_2 sub x_0_6)),"1, 0, 1, 0, 2, 0, 3, 0, 5, 0, 8, 0, 13, 0, 21, 0, 34, 0, 55, 0, 89, 0, 144, 0, 233, 0, 377, 0, 610, 0, 987, 0, 1597, 0, 2584, 0, 4181, 0, 6765, 0, 10946, 0, 17711, 0, 28657, 0, 46368, 0, 75025, 0, 121393, 0, 196418, 0, 317811, 0, 514229, 0, 832040, 0, 1346269"
A117450,add add n add n INT- 6 x_0_5,((n add (n add -6)) add x_0_5),"1, 1, 2, 3, 4, 7, 9, 12, 15, 18, 23, 27, 32, 37, 42, 49, 55, 62, 69, 76, 85, 93, 102, 111, 120, 131, 141, 152, 163, 174, 187, 199, 212, 225, 238, 253, 267, 282, 297, 312, 329, 345, 362, 379, 396, 415, 433, 452, 471, 490, 511"
A009947,add x_0_3 sub x_0_3 x_0_6,(x_0_3 add (x_0_3 sub x_0_6)),"0, 0, 1, 2, 1, 3, 4, 2, 5, 6, 3, 7, 8, 4, 9, 10, 5, 11, 12, 6, 13, 14, 7, 15, 16, 8, 17, 18, 9, 19, 20, 10, 21, 22, 11, 23, 24, 12, 25, 26, 13, 27, 28, 14, 29, 30, 15, 31, 32, 16, 33, 34, 17, 35, 36, 18, 37, 38, 19, 39, 40, 20, 41, 42, 21, 43, 44, 22, 45, 46"
A292550,add x_0_3 add INT+ 1 0 sign x_0_6,(x_0_3 add (10 add sign(x_0_6))),"1, 2, 4, 8, 10, 14, 19"
A010149,mul x_0_6 abs idiv INT- 8 n,(x_0_6 mul abs((-8 idiv n))),"8, 2, 1, 2, 1, 2, 16, 2, 1, 2, 1, 2, 16, 2, 1, 2, 1, 2, 16, 2, 1, 2, 1, 2, 16, 2, 1, 2, 1, 2, 16, 2, 1, 2, 1, 2, 16, 2, 1, 2, 1, 2, 16, 2, 1, 2, 1, 2, 16, 2, 1, 2, 1, 2, 16, 2, 1, 2, 1, 2, 16, 2, 1, 2, 1, 2, 16, 2, 1, 2, 1, 2, 16, 2, 1"
A010189,idiv x_0_4 sign x_0_6,(x_0_4 idiv sign(x_0_6)),"11, 3, 5, 3, 22, 3, 5, 3, 22, 3, 5, 3, 22, 3, 5, 3, 22, 3, 5, 3, 22, 3, 5, 3, 22, 3, 5, 3, 22, 3, 5, 3, 22, 3, 5, 3, 22, 3, 5, 3, 22, 3, 5, 3, 22, 3, 5, 3, 22, 3, 5, 3, 22, 3, 5, 3, 22, 3, 5, 3, 22, 3, 5, 3, 22, 3, 5, 3, 22, 3, 5, 3"
A010187,mul x_0_4 sign x_0_6,(x_0_4 mul sign(x_0_6)),"11, 4, 2, 4, 22, 4, 2, 4, 22, 4, 2, 4, 22, 4, 2, 4, 22, 4, 2, 4, 22, 4, 2, 4, 22, 4, 2, 4, 22, 4, 2, 4, 22, 4, 2, 4, 22, 4, 2, 4, 22, 4, 2, 4, 22, 4, 2, 4, 22, 4, 2, 4, 22, 4, 2, 4, 22, 4, 2, 4, 22, 4, 2, 4, 22, 4, 2, 4, 22, 4, 2, 4"
A010146,idiv x_0_4 sign x_0_6,(x_0_4 idiv sign(x_0_6)),"7, 1, 6, 1, 14, 1, 6, 1, 14, 1, 6, 1, 14, 1, 6, 1, 14, 1, 6, 1, 14, 1, 6, 1, 14, 1, 6, 1, 14, 1, 6, 1, 14, 1, 6, 1, 14, 1, 6, 1, 14, 1, 6, 1, 14, 1, 6, 1, 14, 1, 6, 1, 14, 1, 6, 1, 14, 1, 6, 1, 14, 1, 6, 1, 14, 1, 6, 1, 14, 1, 6, 1, 14"
A010231,idiv x_0_4 sign x_0_6,(x_0_4 idiv sign(x_0_6)),"13, 1, 2, 1, 26, 1, 2, 1, 26, 1, 2, 1, 26, 1, 2, 1, 26, 1, 2, 1, 26, 1, 2, 1, 26, 1, 2, 1, 26, 1, 2, 1, 26, 1, 2, 1, 26, 1, 2, 1, 26, 1, 2, 1, 26, 1, 2, 1, 26, 1, 2, 1, 26, 1, 2, 1, 26, 1, 2, 1, 26, 1, 2, 1, 26, 1, 2, 1, 26, 1, 2, 1"
A010156,mul x_0_4 sign x_0_6,(x_0_4 mul sign(x_0_6)),"8, 1, 4, 1, 16, 1, 4, 1, 16, 1, 4, 1, 16, 1, 4, 1, 16, 1, 4, 1, 16, 1, 4, 1, 16, 1, 4, 1, 16, 1, 4, 1, 16, 1, 4, 1, 16, 1, 4, 1, 16, 1, 4, 1, 16, 1, 4, 1, 16, 1, 4, 1, 16, 1, 4, 1, 16, 1, 4, 1, 16, 1, 4, 1, 16, 1, 4, 1, 16, 1, 4, 1, 16"
A010225,mul x_0_6 abs idiv INT- 8 n,(x_0_6 mul abs((-8 idiv n))),"13, 1, 1, 8, 1, 1, 26, 1, 1, 8, 1, 1, 26, 1, 1, 8, 1, 1, 26, 1, 1, 8, 1, 1, 26, 1, 1, 8, 1, 1, 26, 1, 1, 8, 1, 1, 26, 1, 1, 8, 1, 1, 26, 1, 1, 8, 1, 1, 26, 1, 1, 8, 1, 1, 26, 1, 1, 8, 1, 1, 26, 1, 1, 8, 1, 1, 26, 1, 1, 8, 1, 1, 26, 1, 1"
A010222,mul x_0_6 abs idiv INT- 8 n,(x_0_6 mul abs((-8 idiv n))),"13, 2, 1, 12, 1, 2, 26, 2, 1, 12, 1, 2, 26, 2, 1, 12, 1, 2, 26, 2, 1, 12, 1, 2, 26, 2, 1, 12, 1, 2, 26, 2, 1, 12, 1, 2, 26, 2, 1, 12, 1, 2, 26, 2, 1, 12, 1, 2, 26, 2, 1, 12, 1, 2, 26, 2, 1, 12, 1, 2, 26, 2, 1, 12, 1, 2, 26, 2, 1, 12"
A010234,idiv x_0_4 sign x_0_6,(x_0_4 idiv sign(x_0_6)),"13, 1, 5, 1, 26, 1, 5, 1, 26, 1, 5, 1, 26, 1, 5, 1, 26, 1, 5, 1, 26, 1, 5, 1, 26, 1, 5, 1, 26, 1, 5, 1, 26, 1, 5, 1, 26, 1, 5, 1, 26, 1, 5, 1, 26, 1, 5, 1, 26, 1, 5, 1, 26, 1, 5, 1, 26, 1, 5, 1, 26, 1, 5, 1, 26, 1, 5, 1, 26, 1, 5, 1"
A010227,idiv x_0_5 sign x_0_6,(x_0_5 idiv sign(x_0_6)),"13, 1, 1, 1, 1, 26, 1, 1, 1, 1, 26, 1, 1, 1, 1, 26, 1, 1, 1, 1, 26, 1, 1, 1, 1, 26, 1, 1, 1, 1, 26, 1, 1, 1, 1, 26, 1, 1, 1, 1, 26, 1, 1, 1, 1, 26, 1, 1, 1, 1, 26, 1, 1, 1, 1, 26, 1, 1, 1, 1, 26, 1, 1, 1, 1, 26, 1, 1, 1, 1, 26, 1, 1, 1, 1"
A010200,mod x_0_4 add mul n n x_0_6,(x_0_4 mod ((n mul n) add x_0_6)),"11, 1, 6, 1, 22, 1, 6, 1, 22, 1, 6, 1, 22, 1, 6, 1, 22, 1, 6, 1, 22, 1, 6, 1, 22, 1, 6, 1, 22, 1, 6, 1, 22, 1, 6, 1, 22, 1, 6, 1, 22, 1, 6, 1, 22, 1, 6, 1, 22, 1, 6, 1, 22, 1, 6, 1, 22, 1, 6, 1, 22, 1, 6, 1, 22, 1, 6, 1, 22, 1, 6, 1"
A010199,mul x_0_4 sign x_0_6,(x_0_4 mul sign(x_0_6)),"11, 1, 4, 1, 22, 1, 4, 1, 22, 1, 4, 1, 22, 1, 4, 1, 22, 1, 4, 1, 22, 1, 4, 1, 22, 1, 4, 1, 22, 1, 4, 1, 22, 1, 4, 1, 22, 1, 4, 1, 22, 1, 4, 1, 22, 1, 4, 1, 22, 1, 4, 1, 22, 1, 4, 1, 22, 1, 4, 1, 22, 1, 4, 1, 22, 1, 4, 1, 22, 1, 4, 1"
A010213,mul x_0_6 abs idiv INT- 8 n,(x_0_6 mul abs((-8 idiv n))),"12, 1, 5, 2, 5, 1, 24, 1, 5, 2, 5, 1, 24, 1, 5, 2, 5, 1, 24, 1, 5, 2, 5, 1, 24, 1, 5, 2, 5, 1, 24, 1, 5, 2, 5, 1, 24, 1, 5, 2, 5, 1, 24, 1, 5, 2, 5, 1, 24, 1, 5, 2, 5, 1, 24, 1, 5, 2, 5, 1, 24, 1, 5, 2, 5, 1, 24, 1, 5, 2, 5, 1, 24, 1, 5"
A010197,mod x_0_4 add mul n n x_0_6,(x_0_4 mod ((n mul n) add x_0_6)),"11, 1, 2, 1, 22, 1, 2, 1, 22, 1, 2, 1, 22, 1, 2, 1, 22, 1, 2, 1, 22, 1, 2, 1, 22, 1, 2, 1, 22, 1, 2, 1, 22, 1, 2, 1, 22, 1, 2, 1, 22, 1, 2, 1, 22, 1, 2, 1, 22, 1, 2, 1, 22, 1, 2, 1, 22, 1, 2, 1, 22, 1, 2, 1, 22, 1, 2, 1, 22, 1, 2, 1"
A010220,mul x_0_4 sign x_0_6,(x_0_4 mul sign(x_0_6)),"13, 3, 1, 3, 26, 3, 1, 3, 26, 3, 1, 3, 26, 3, 1, 3, 26, 3, 1, 3, 26, 3, 1, 3, 26, 3, 1, 3, 26, 3, 1, 3, 26, 3, 1, 3, 26, 3, 1, 3, 26, 3, 1, 3, 26, 3, 1, 3, 26, 3, 1, 3, 26, 3, 1, 3, 26, 3, 1, 3, 26, 3, 1, 3, 26, 3, 1, 3, 26, 3, 1, 3"
A010201,idiv x_0_4 sign x_0_6,(x_0_4 idiv sign(x_0_6)),"11, 1, 10, 1, 22, 1, 10, 1, 22, 1, 10, 1, 22, 1, 10, 1, 22, 1, 10, 1, 22, 1, 10, 1, 22, 1, 10, 1, 22, 1, 10, 1, 22, 1, 10, 1, 22, 1, 10, 1, 22, 1, 10, 1, 22, 1, 10, 1, 22, 1, 10, 1, 22, 1, 10, 1, 22, 1, 10, 1, 22, 1, 10, 1, 22, 1"
A010217,mul x_0_5 sign x_0_6,(x_0_5 mul sign(x_0_6)),"13, 6, 1, 1, 6, 26, 6, 1, 1, 6, 26, 6, 1, 1, 6, 26, 6, 1, 1, 6, 26, 6, 1, 1, 6, 26, 6, 1, 1, 6, 26, 6, 1, 1, 6, 26, 6, 1, 1, 6, 26, 6, 1, 1, 6, 26, 6, 1, 1, 6, 26, 6, 1, 1, 6, 26, 6, 1, 1, 6, 26, 6, 1, 1, 6, 26, 6, 1, 1, 6, 26, 6, 1, 1, 6"
A010218,idiv x_0_4 sign x_0_6,(x_0_4 idiv sign(x_0_6)),"13, 5, 4, 5, 26, 5, 4, 5, 26, 5, 4, 5, 26, 5, 4, 5, 26, 5, 4, 5, 26, 5, 4, 5, 26, 5, 4, 5, 26, 5, 4, 5, 26, 5, 4, 5, 26, 5, 4, 5, 26, 5, 4, 5, 26, 5, 4, 5, 26, 5, 4, 5, 26, 5, 4, 5, 26, 5, 4, 5, 26, 5, 4, 5, 26, 5, 4, 5, 26, 5, 4, 5"
A010219,mul x_0_6 abs idiv INT- 8 n,(x_0_6 mul abs((-8 idiv n))),"13, 4, 2, 1, 2, 4, 26, 4, 2, 1, 2, 4, 26, 4, 2, 1, 2, 4, 26, 4, 2, 1, 2, 4, 26, 4, 2, 1, 2, 4, 26, 4, 2, 1, 2, 4, 26, 4, 2, 1, 2, 4, 26, 4, 2, 1, 2, 4, 26, 4, 2, 1, 2, 4, 26, 4, 2, 1, 2, 4, 26, 4, 2, 1, 2, 4, 26, 4, 2, 1, 2, 4, 26, 4, 2"
A351782,add INT+ 4 x_0_4,(4 add x_0_4),"0, 1, 2, 2, 4, 5, 6, 6, 8, 9, 10, 10, 12, 13, 14, 14, 16, 17, 18, 18, 20, 21, 22, 22, 24, 25, 26, 26, 28, 29, 30, 30, 32, 33, 34, 34, 36, 37, 38, 38, 40, 41, 42, 42, 44, 45, 46, 46, 48, 49, 50, 50, 52, 53, 54, 54, 56, 57, 58, 58, 60, 61, 62, 62, 64, 65, 66, 66, 68, 69"
A186101,sub x_0_3 sub x_0_6 x_0_3,(x_0_3 sub (x_0_6 sub x_0_3)),"0, 1, 2, 2, 4, 5, 4, 7, 8, 6, 10, 11, 8, 13, 14, 10, 16, 17, 12, 19, 20, 14, 22, 23, 16, 25, 26, 18, 28, 29, 20, 31, 32, 22, 34, 35, 24, 37, 38, 26, 40, 41, 28, 43, 44, 30, 46, 47, 32, 49, 50, 34, 52, 53, 36, 55, 56, 38, 58, 59, 40, 61, 62, 42, 64, 65, 44, 67, 68, 46, 70, 71, 48"
A288382,add add x_0_1 sub x_0_1 sub n sign x_0_3 INT+ 2,((x_0_1 add (x_0_1 sub (n sub sign(x_0_3)))) add 2),"1, 2, 3, 5, 8, 13, 22, 39, 72, 137, 266, 523, 1036, 2061, 4110, 8207, 16400, 32785, 65554, 131091, 262164, 524309, 1048598, 2097175, 4194328, 8388633, 16777242"
A163817,sub x_0_6 idiv INT+ 7 n,(x_0_6 sub (7 idiv n)),"1, 1, 0, 0, 0, -1, 0, 1, 0, 0, 0, -1, 0, 1, 0, 0, 0, -1, 0, 1, 0, 0, 0, -1, 0, 1, 0, 0, 0, -1, 0, 1, 0, 0, 0, -1, 0, 1, 0, 0, 0, -1, 0, 1, 0, 0, 0, -1, 0, 1, 0, 0, 0, -1, 0, 1, 0, 0, 0, -1, 0, 1, 0, 0, 0, -1, 0, 1, 0, 0, 0, -1, 0, 1, 0, 0, 0, -1, 0, 1, 0, 0, 0, -1, 0, 1, 0, 0, 0, -1, 0, 1, 0, 0, 0, -1, 0, 1, 0, 0, 0, -1, 0, 1, 0"
A108143,sub mul x_0_1 INT+ 5 add x_0_3 x_0_2,((x_0_1 mul 5) sub (x_0_3 add x_0_2)),"1, 1, 1, 3, 13, 61, 289, 1371, 6505, 30865, 146449, 694875, 3297061, 15643981, 74227969, 352198803, 1671122065, 7929183553, 37622596897, 178512678867, 847011613885, 4018922793661, 19069089675553, 90479513970219"
A185117,idiv n add x_0_6 sub n x_0_5,(n idiv (x_0_6 add (n sub x_0_5))),"1, 0, 0, 0, 0, 0, 0, 1, 1, 1, 1, 1, 1, 1, 1, 1, 1, 1, 1, 1, 1, 1, 1, 1, 1, 1, 1, 1, 1, 1, 1, 1, 1, 1, 1, 1, 1, 1, 1, 1, 1, 1, 1, 1, 1, 1, 1, 1, 1, 1, 1, 1, 1, 1, 1, 1, 1, 1, 1, 1, 1, 1, 1, 1, 1, 1, 1, 1, 1, 1, 1, 1, 1, 1, 1, 1, 1, 1, 1, 1, 1, 1, 1, 1, 1, 1, 1, 1, 1, 1, 1, 1, 1, 1, 1, 1, 1, 1, 1, 1, 1, 1"
A026599,add mul x_0_2 INT+ 4 sub x_0_1 INT- 2,((x_0_2 mul 4) add (x_0_1 sub -2)),"1, 3, 9, 23, 61, 155, 401, 1023, 2629, 6723, 17241, 44135, 113101, 289643, 742049, 1900623, 4868821, 12471315, 31946601, 81831863, 209618269, 536945723, 1375418801, 3523201695, 9024876901, 23117683683, 59217191289, 151687926023"
A014682,sub x_0_4 sub x_0_6 x_0_2,(x_0_4 sub (x_0_6 sub x_0_2)),"0, 2, 1, 5, 2, 8, 3, 11, 4, 14, 5, 17, 6, 20, 7, 23, 8, 26, 9, 29, 10, 32, 11, 35, 12, 38, 13, 41, 14, 44, 15, 47, 16, 50, 17, 53, 18, 56, 19, 59, 20, 62, 21, 65, 22, 68, 23, 71, 24, 74, 25, 77, 26, 80, 27, 83, 28, 86, 29, 89, 30, 92, 31, 95, 32, 98, 33, 101, 34, 104"
A222257,add x_0_3 sub x_0_3 x_0_6,(x_0_3 add (x_0_3 sub x_0_6)),"1, 2, 3, 4, 5, 9, 7, 8, 15, 10, 11, 21, 13, 14, 27, 16, 17, 33, 19, 20, 39, 22, 23, 45, 25, 26, 51, 28, 29, 57, 31, 32, 63, 34, 35, 69, 37, 38, 75, 40, 41, 81, 43, 44, 87, 46, 47, 93, 49, 50, 99, 52, 53, 105, 55, 56, 111, 58, 59, 117, 61, 62, 123, 64, 65, 129, 67, 68, 135, 70, 71, 141, 73"
A323417,relu x_0_4,relu(x_0_4),"3, 2, 1, 6, 3, 2"
A011960,add x_0_6 sign x_0_5,(x_0_6 add sign(x_0_5)),"0, 1, 1, 1, 1, 2, 1, 2, 2, 2, 2, 3, 2, 3, 3, 3, 3, 4, 3, 4"
A019427,add x_0_2 idiv INT+ 8 mul x_0_3 sign x_0_6,(x_0_2 add (8 idiv (x_0_3 mul sign(x_0_6)))),"0, 3, 1, 10, 1, 18, 1, 26, 1, 34, 1, 42, 1, 50, 1, 58, 1, 66, 1, 74, 1, 82, 1, 90, 1, 98, 1, 106, 1, 114, 1, 122, 1, 130, 1, 138, 1, 146, 1, 154, 1, 162, 1, 170, 1, 178, 1, 186, 1, 194, 1, 202, 1, 210, 1, 218, 1, 226, 1, 234, 1, 242, 1, 250, 1, 258, 1, 266, 1, 274, 1, 282, 1, 290, 1, 298, 1"
A019428,add x_0_2 mod INT+ 1 0 add x_0_2 x_0_6,(x_0_2 add (10 mod (x_0_2 add x_0_6))),"0, 4, 1, 13, 1, 23, 1, 33, 1, 43, 1, 53, 1, 63, 1, 73, 1, 83, 1, 93, 1, 103, 1, 113, 1, 123, 1, 133, 1, 143, 1, 153, 1, 163, 1, 173, 1, 183, 1, 193, 1, 203, 1, 213, 1, 223, 1, 233, 1, 243, 1, 253, 1, 263, 1, 273, 1, 283, 1, 293, 1, 303, 1, 313, 1, 323, 1, 333, 1, 343, 1, 353, 1, 363, 1"
A021152,mul x_0_3 sign x_0_6,(x_0_3 mul sign(x_0_6)),"0, 0, 6, 7, 5, 6, 7, 5, 6, 7, 5, 6, 7, 5, 6, 7, 5, 6, 7, 5, 6, 7, 5, 6, 7, 5, 6, 7, 5, 6, 7, 5, 6, 7, 5, 6, 7, 5, 6, 7, 5, 6, 7, 5, 6, 7, 5, 6, 7, 5, 6, 7, 5, 6, 7, 5, 6, 7, 5, 6, 7, 5, 6, 7, 5, 6, 7, 5, 6, 7, 5, 6, 7, 5, 6, 7, 5, 6, 7, 5, 6, 7, 5, 6, 7, 5, 6, 7, 5, 6, 7, 5, 6, 7, 5, 6, 7, 5, 6"
A021179,sub INT+ 9 mul x_0_3 sign x_0_6,(9 sub (x_0_3 mul sign(x_0_6))),"0, 0, 5, 7, 1, 4, 2, 8, 5, 7, 1, 4, 2, 8, 5, 7, 1, 4, 2, 8, 5, 7, 1, 4, 2, 8, 5, 7, 1, 4, 2, 8, 5, 7, 1, 4, 2, 8, 5, 7, 1, 4, 2, 8, 5, 7, 1, 4, 2, 8, 5, 7, 1, 4, 2, 8, 5, 7, 1, 4, 2, 8, 5, 7, 1, 4, 2, 8, 5, 7, 1, 4, 2, 8, 5, 7, 1, 4, 2, 8, 5, 7, 1, 4, 2, 8, 5, 7, 1, 4, 2, 8, 5, 7, 1, 4, 2, 8, 5"
A021312,sub INT+ 9 mul x_0_3 sign x_0_6,(9 sub (x_0_3 mul sign(x_0_6))),"0, 0, 3, 2, 4, 6, 7, 5, 3, 2, 4, 6, 7, 5, 3, 2, 4, 6, 7, 5, 3, 2, 4, 6, 7, 5, 3, 2, 4, 6, 7, 5, 3, 2, 4, 6, 7, 5, 3, 2, 4, 6, 7, 5, 3, 2, 4, 6, 7, 5, 3, 2, 4, 6, 7, 5, 3, 2, 4, 6, 7, 5, 3, 2, 4, 6, 7, 5, 3, 2, 4, 6, 7, 5, 3, 2, 4, 6, 7, 5, 3, 2, 4, 6, 7, 5, 3, 2, 4, 6, 7, 5, 3, 2, 4, 6, 7, 5, 3"
A081071,sub mul INT+ 7 x_0_1 add INT- 1 0 x_0_2,((7 mul x_0_1) sub (-10 add x_0_2)),"1, 16, 121, 841, 5776, 39601, 271441, 1860496, 12752041, 87403801, 599074576, 4106118241, 28143753121, 192900153616, 1322157322201, 9062201101801, 62113250390416, 425730551631121, 2918000611027441, 20000273725560976"
A122679,add add x_0_1 sub x_0_1 x_0_2 add INT+ 1 0 x_0_1,((x_0_1 add (x_0_1 sub x_0_2)) add (10 add x_0_1)),"0, 5, 25, 80, 225, 605, 1600, 4205, 11025, 28880, 75625, 198005, 518400, 1357205, 3553225, 9302480, 24354225, 63760205, 166926400, 437019005, 1144130625, 2995372880, 7841988025, 20530591205, 53749785600, 140718765605, 368406511225, 964500768080"
A153797,add x_0_1 sub x_0_1 sub x_0_2 mul INT+ 6 INT+ 7,(x_0_1 add (x_0_1 sub (x_0_2 sub (6 mul 7)))),"0, 7, 56, 147, 280, 455, 672, 931, 1232, 1575, 1960, 2387, 2856, 3367, 3920, 4515, 5152, 5831, 6552, 7315, 8120, 8967, 9856, 10787, 11760, 12775, 13832, 14931, 16072, 17255, 18480, 19747, 21056, 22407, 23800, 25235, 26712, 28231"
A022271,add x_0_1 sub x_0_1 sub x_0_2 sub INT+ 7 INT- 6,(x_0_1 add (x_0_1 sub (x_0_2 sub (7 sub -6)))),"0, 7, 27, 60, 106, 165, 237, 322, 420, 531, 655, 792, 942, 1105, 1281, 1470, 1672, 1887, 2115, 2356, 2610, 2877, 3157, 3450, 3756, 4075, 4407, 4752, 5110, 5481, 5865, 6262, 6672, 7095, 7531, 7980, 8442, 8917, 9405, 9906, 10420, 10947, 11487, 12040"
A082543,add x_0_2 add x_0_5 sign x_0_6,(x_0_2 add (x_0_5 add sign(x_0_6))),"0, 0, 1, 1, 2, 2, 3, 4, 5, 7"
A022986,sub sub sqr INT- 6 INT+ 5 mul n sign relu x_0_6,(((-6)**2 sub 5) sub (n mul sign(relu(x_0_6)))),"30, 29, 28, 27, 26, 25, 24, 23, 22, 21, 20, 19, 18, 17, 16, 15, 14, 13, 12, 11, 10, 9, 8, 7, 6, 5, 4, 3, 2, 1, 0, -1, -2, -3, -4, -5, -6, -7, -8, -9, -10, -11, -12, -13, -14, -15, -16, -17, -18, -19, -20, -21, -22, -23, -24, -25, -26, -27, -28, -29, -30"
A022998,sub x_0_4 sub x_0_6 x_0_2,(x_0_4 sub (x_0_6 sub x_0_2)),"0, 1, 4, 3, 8, 5, 12, 7, 16, 9, 20, 11, 24, 13, 28, 15, 32, 17, 36, 19, 40, 21, 44, 23, 48, 25, 52, 27, 56, 29, 60, 31, 64, 33, 68, 35, 72, 37, 76, 39, 80, 41, 84, 43, 88, 45, 92, 47, 96, 49, 100, 51, 104, 53, 108, 55, 112, 57, 116, 59, 120, 61, 124, 63, 128, 65, 132, 67"
A023456,add x_0_1 sign relu x_0_6,(x_0_1 add sign(relu(x_0_6))),"-14, -13, -12, -11, -10, -9, -8, -7, -6, -5, -4, -3, -2, -1, 0, 1, 2, 3, 4, 5, 6, 7, 8, 9, 10, 11, 12, 13, 14, 15, 16, 17, 18, 19, 20, 21, 22, 23, 24, 25, 26, 27, 28, 29, 30, 31, 32, 33, 34, 35, 36, 37, 38, 39, 40, 41, 42, 43, 44, 45, 46"
A023477,sub x_0_6 INT- 6,(x_0_6 sub -6),"-35, -34, -33, -32, -31, -30, -29, -28, -27, -26, -25, -24, -23, -22, -21, -20, -19, -18, -17, -16, -15, -14, -13, -12, -11, -10, -9, -8, -7, -6, -5, -4, -3, -2, -1, 0, 1, 2, 3, 4, 5, 6, 7, 8, 9, 10, 11, 12, 13, 14, 15, 16, 17, 18, 19, 20, 21, 22, 23, 24, 25"
A023482,sub x_0_6 INT- 6,(x_0_6 sub -6),"-40, -39, -38, -37, -36, -35, -34, -33, -32, -31, -30, -29, -28, -27, -26, -25, -24, -23, -22, -21, -20, -19, -18, -17, -16, -15, -14, -13, -12, -11, -10, -9, -8, -7, -6, -5, -4, -3, -2, -1, 0, 1, 2, 3, 4, 5, 6, 7, 8, 9, 10, 11, 12, 13, 14, 15, 16, 17, 18, 19, 20"
A136725,add sub x_0_1 INT- 6 mod INT+ 2 add mul n n x_0_6,((x_0_1 sub -6) add (2 mod ((n mul n) add x_0_6))),"1, 2, 12, 20, 28, 36, 44, 52, 60, 68, 76, 84, 92, 100"
A023475,sub x_0_6 INT- 6,(x_0_6 sub -6),"-33, -32, -31, -30, -29, -28, -27, -26, -25, -24, -23, -22, -21, -20, -19, -18, -17, -16, -15, -14, -13, -12, -11, -10, -9, -8, -7, -6, -5, -4, -3, -2, -1, 0, 1, 2, 3, 4, 5, 6, 7, 8, 9, 10, 11, 12, 13, 14, 15, 16, 17, 18, 19, 20, 21, 22, 23, 24, 25, 26, 27"
A023476,sub x_0_6 INT- 6,(x_0_6 sub -6),"-34, -33, -32, -31, -30, -29, -28, -27, -26, -25, -24, -23, -22, -21, -20, -19, -18, -17, -16, -15, -14, -13, -12, -11, -10, -9, -8, -7, -6, -5, -4, -3, -2, -1, 0, 1, 2, 3, 4, 5, 6, 7, 8, 9, 10, 11, 12, 13, 14, 15, 16, 17, 18, 19, 20, 21, 22, 23, 24, 25, 26"
A023474,sub x_0_6 INT- 6,(x_0_6 sub -6),"-32, -31, -30, -29, -28, -27, -26, -25, -24, -23, -22, -21, -20, -19, -18, -17, -16, -15, -14, -13, -12, -11, -10, -9, -8, -7, -6, -5, -4, -3, -2, -1, 0, 1, 2, 3, 4, 5, 6, 7, 8, 9, 10, 11, 12, 13, 14, 15, 16, 17, 18, 19, 20, 21, 22, 23, 24, 25, 26, 27, 28"
A047469,add INT+ 8 x_0_3,(8 add x_0_3),"0, 1, 2, 8, 9, 10, 16, 17, 18, 24, 25, 26, 32, 33, 34, 40, 41, 42, 48, 49, 50, 56, 57, 58, 64, 65, 66, 72, 73, 74, 80, 81, 82, 88, 89, 90, 96, 97, 98, 104, 105, 106, 112, 113, 114, 120, 121, 122, 128, 129, 130, 136, 137, 138, 144, 145, 146, 152, 153, 154"
A007980,add add x_0_1 sub x_0_3 x_0_4 INT+ 2,((x_0_1 add (x_0_3 sub x_0_4)) add 2),"1, 2, 4, 7, 10, 14, 19, 24, 30, 37, 44, 52, 61, 70, 80, 91, 102, 114, 127, 140, 154, 169, 184, 200, 217, 234, 252, 271, 290, 310, 331, 352, 374, 397, 420, 444, 469, 494, 520, 547, 574, 602, 631, 660, 690, 721, 752, 784, 817, 850, 884, 919, 954, 990, 1027, 1064"
A025705,add add n add n add n INT- 6 x_0_5,((n add (n add (n add -6))) add x_0_5),"1, 2, 4, 6, 9, 13, 17, 22, 27, 33, 40, 47, 55, 63, 72, 82, 92, 103, 114, 126, 139, 152, 166, 180, 195, 211, 227, 244, 261, 279, 298, 317, 337, 357, 378, 400, 422, 445, 468, 492, 517, 542, 568, 594, 621, 649, 677, 706, 735, 765, 796, 827, 859, 891, 924, 958, 992, 1027"
A192079,add x_0_1 add x_0_1 x_0_5,(x_0_1 add (x_0_1 add x_0_5)),"1, 2, 4, 6, 9, 19"
A103889,add INT+ 4 x_0_4,(4 add x_0_4),"2, 1, 4, 3, 6, 5, 8, 7, 10, 9, 12, 11, 14, 13, 16, 15, 18, 17, 20, 19, 22, 21, 24, 23, 26, 25, 28, 27, 30, 29, 32, 31, 34, 33, 36, 35, 38, 37, 40, 39, 42, 41, 44, 43, 46, 45, 48, 47, 50, 49, 52, 51, 54, 53, 56, 55, 58, 57, 60, 59, 62, 61, 64, 63, 66, 65, 68, 67, 70, 69, 72, 71"
A026741,sub add x_0_2 x_0_2 x_0_4,((x_0_2 add x_0_2) sub x_0_4),"0, 1, 1, 3, 2, 5, 3, 7, 4, 9, 5, 11, 6, 13, 7, 15, 8, 17, 9, 19, 10, 21, 11, 23, 12, 25, 13, 27, 14, 29, 15, 31, 16, 33, 17, 35, 18, 37, 19, 39, 20, 41, 21, 43, 22, 45, 23, 47, 24, 49, 25, 51, 26, 53, 27, 55, 28, 57, 29, 59, 30, 61, 31, 63, 32, 65, 33, 67, 34, 69, 35, 71, 36, 73, 37, 75, 38"
A081659,sub x_0_1 sub n add INT+ 4 x_0_2,(x_0_1 sub (n sub (4 add x_0_2))),"1, 2, 4, 6, 9, 13, 19, 28, 42, 64, 99, 155, 245, 390, 624, 1002, 1613, 2601, 4199, 6784, 10966, 17732, 28679, 46391, 75049, 121418, 196444, 317838, 514257, 832069, 1346299, 2178340, 3524610, 5702920, 9227499, 14930387, 24157853, 39088206"
A053469,idiv mul x_0_1 mul n INT+ 6 add n INT- 1,((x_0_1 mul (n mul 6)) idiv (n add -1)),"1, 12, 108, 864, 6480, 46656, 326592, 2239488, 15116544, 100776960, 665127936, 4353564672, 28298170368, 182849716224, 1175462461440, 7522959753216, 47958868426752, 304679870005248, 1929639176699904, 12187194800209920, 76779327241322496, 482612914088312832"
A028357,add INT+ 1 0 add x_0_6 INT+ 5,(10 add (x_0_6 add 5)),"1, 3, 6, 10, 13, 15, 16, 18, 21, 25, 28, 30, 31, 33, 36, 40, 43, 45, 46, 48, 51, 55, 58, 60, 61, 63, 66, 70, 73, 75, 76, 78, 81, 85, 88, 90, 91, 93, 96, 100, 103, 105, 106, 108, 111, 115, 118, 120, 121, 123, 126"
A133926,add x_0_3 sub x_0_2 x_0_6,(x_0_3 add (x_0_2 sub x_0_6)),"1, 0, 1, 1, 1, 2, 1, 3, 2, 3, 4, 3, 6, 4, 7, 7, 7, 11, 8, 14, 12, 15, 19, 16, 26, 21, 30, 32, 32, 46, 38, 57, 54, 63, 79, 71, 104, 93, 121, 134, 135, 184, 165, 226, 228, 257, 319, 301, 411, 394, 484, 548, 559, 731, 696, 896, 943, 1044, 1280, 1256, 1628, 1640, 1941, 2224, 2301, 2909"
A029578,sub add x_0_2 x_0_2 x_0_4,((x_0_2 add x_0_2) sub x_0_4),"0, 0, 1, 2, 2, 4, 3, 6, 4, 8, 5, 10, 6, 12, 7, 14, 8, 16, 9, 18, 10, 20, 11, 22, 12, 24, 13, 26, 14, 28, 15, 30, 16, 32, 17, 34, 18, 36, 19, 38, 20, 40, 21, 42, 22, 44, 23, 46, 24, 48, 25, 50, 26, 52, 27, 54, 28, 56, 29, 58, 30, 60, 31, 62, 32, 64, 33, 66, 34, 68, 35, 70, 36, 72"
A227230,sub mul x_0_2 INT+ 4 x_0_5,((x_0_2 mul 4) sub x_0_5),"1, 2, 3, 5, 6, 19, 22"
A030696,add INT+ 1 0 mul x_0_1 sign add n x_0_6,(10 add (x_0_1 mul sign((n add x_0_6)))),"5, 20, 14, 40, 50, 60, 70, 80, 90, 100, 110, 120, 130, 140, 150, 160, 170, 180, 190, 200, 210, 220, 230, 240, 250, 260, 270, 280, 290, 300, 310, 320, 330, 340, 350, 360, 370, 380, 390, 400, 410, 420, 430, 440, 450, 460, 470, 480, 490, 500, 510"
A077870,add mul INT+ 2 sub x_0_1 x_0_2 mod n INT+ 2,((2 mul (x_0_1 sub x_0_2)) add (n mod 2)),"1, 2, 3, 2, -1, -6, -9, -6, 7, 26, 39, 26, -25, -102, -153, -102, 103, 410, 615, 410, -409, -1638, -2457, -1638, 1639, 6554, 9831, 6554, -6553, -26214, -39321, -26214, 26215, 104858, 157287, 104858, -104857, -419430, -629145, -419430, 419431, 1677722, 2516583, 1677722, -1677721, -6710886"
A030978,add add add INT- 4 x_0_2 n mul n sign x_0_6,(((-4 add x_0_2) add n) add (n mul sign(x_0_6))),"0, 1, 4, 5, 8, 13, 18, 25, 32, 41, 50, 61, 72, 85, 98, 113, 128, 145, 162, 181, 200, 221, 242, 265, 288, 313, 338, 365, 392, 421, 450, 481, 512, 545, 578, 613, 648, 685, 722, 761, 800, 841, 882, 925, 968, 1013, 1058, 1105, 1152, 1201, 1250, 1301, 1352, 1405"
A173575,add sqr sub n sign x_0_6 x_0_4,(((n sub sign(x_0_6)))**2 add x_0_4),"1, 2, 3, 4, 5, 6, 39"
A168183,add n idiv sub n sign x_0_6 INT+ 8,(n add ((n sub sign(x_0_6)) idiv 8)),"1, 2, 3, 4, 5, 6, 7, 8, 10, 11, 12, 13, 14, 15, 16, 17, 19, 20, 21, 22, 23, 24, 25, 26, 28, 29, 30, 31, 32, 33, 34, 35, 37, 38, 39, 40, 41, 42, 43, 44, 46, 47, 48, 49, 50, 51, 52, 53, 55, 56, 57, 58, 59, 60, 61, 62, 64, 65, 66, 67, 68, 69, 70, 71, 73, 74, 75, 76, 77, 78, 79, 80"
A043547,sub add x_0_2 x_0_2 x_0_4,((x_0_2 add x_0_2) sub x_0_4),"1, 2, 3, 6, 5, 10, 7, 14, 9, 18, 11, 22, 13, 26, 15, 30, 17, 34, 19, 38, 21, 42, 23, 46, 25, 50, 27, 54, 29, 58, 31, 62, 33, 66, 35, 70, 37, 74, 39, 78, 41, 82, 43, 86, 45, 90, 47, 94, 49, 98, 51, 102, 53, 106, 55, 110, 57, 114, 59, 118, 61, 122, 63, 126, 65, 130, 67, 134"
A067844,add x_0_2 add INT+ 1 0 mod INT+ 1 0 sqr mul n n,(x_0_2 add (10 add (10 mod ((n mul n))**2))),"14, 16, 34, 36, 54, 56, 74, 76, 94, 96, 114, 116, 134, 136, 154, 156, 174, 176, 194, 196, 214, 216, 234, 236, 254, 256, 274, 276, 294, 296, 314, 316, 334, 336, 354, 356, 374, 376, 394, 396, 414, 416, 434, 436, 454, 456, 474, 476, 494, 496, 514, 516, 534, 536"
A131524,add x_0_2 sub x_0_2 x_0_6,(x_0_2 add (x_0_2 sub x_0_6)),"0, 0, 1, 1, 2, 2, 4, 4, 7, 7, 12, 12, 20, 20, 33, 33, 54, 54, 88, 88, 143, 143, 232, 232, 376, 376, 609, 609, 986, 986, 1596, 1596, 2583, 2583, 4180, 4180, 6764, 6764, 10945, 10945, 17710, 17710, 28656, 28656, 46367, 46367, 75024, 75024, 121392, 121392"
A123015,sub add x_0_1 x_0_3 x_0_5,((x_0_1 add x_0_3) sub x_0_5),"1, 2, 3, 4, 6, 8, 10, 13, 17, 21, 26, 33, 41, 50, 62, 77, 94, 115, 142, 174, 212, 260, 319, 389, 475, 582, 711, 867, 1060, 1296, 1581, 1930, 2359, 2880, 3514, 4292, 5242, 6397, 7809, 9537, 11642, 14209, 17349, 21182, 25854, 31561, 38534, 47039, 57418, 70098, 85576"
A103609,add x_0_6 add x_0_4 x_0_4,(x_0_6 add (x_0_4 add x_0_4)),"0, 0, 1, 1, 1, 1, 2, 2, 3, 3, 5, 5, 8, 8, 13, 13, 21, 21, 34, 34, 55, 55, 89, 89, 144, 144, 233, 233, 377, 377, 610, 610, 987, 987, 1597, 1597, 2584, 2584, 4181, 4181, 6765, 6765, 10946, 10946, 17711, 17711, 28657, 28657, 46368, 46368, 75025, 75025, 121393"
A014593,add x_0_1 sub x_0_2 sub n sign x_0_6,(x_0_1 add (x_0_2 sub (n sub sign(x_0_6)))),"1, 2, 3, 5, 6, 10, 10, 13, 15"
A095033,sub x_0_6 sub INT- 1 0 mod INT+ 2 x_0_6,(x_0_6 sub (-10 sub (2 mod x_0_6))),"1, 4, 5, 6, 7, 9, 11, 16, 17"
A170956,idiv sub n x_0_6 add n x_0_5,((n sub x_0_6) idiv (n add x_0_5)),"1, 0, 0, 1, 0, 0, 0, 1, 0, 0, 1, 1, 0, 0, 1, 0, 0, 0, 1, 0, 0, 1"
A295485,add INT+ 7 mul x_0_3 sign x_0_6,(7 add (x_0_3 mul sign(x_0_6))),"4, 5, 6, 8, 10, 11, 15"
A265098,add x_0_1 add add n add n INT- 1 0 idiv mod n n x_0_6,(x_0_1 add ((n add (n add -10)) add ((n mod n) idiv x_0_6))),"1, 2, 3, 4, 5, 28, 32"
A337261,sub x_0_4 sub INT- 8 sign x_0_6,(x_0_4 sub (-8 sub sign(x_0_6))),"0, 1, 2, 3, 8, 9, 11, 12"
A077246,sub mul INT+ 8 x_0_1 x_0_2,((8 mul x_0_1) sub x_0_2),"2, 13, 102, 803, 6322, 49773, 391862, 3085123, 24289122, 191227853, 1505533702, 11853041763, 93318800402, 734697361453, 5784260091222, 45539383368323, 358530806855362, 2822707071474573, 22223125764941222"
A074677,add add x_0_1 x_0_3 x_0_4,((x_0_1 add x_0_3) add x_0_4),"0, 1, 1, 1, 2, 4, 6, 9, 15, 25, 40, 64, 104, 169, 273, 441, 714, 1156, 1870, 3025, 4895, 7921, 12816, 20736, 33552, 54289, 87841, 142129, 229970, 372100, 602070, 974169, 1576239, 2550409, 4126648, 6677056, 10803704, 17480761, 28284465, 45765225, 74049690"
A040155,idiv x_0_4 sign x_0_6,(x_0_4 idiv sign(x_0_6)),"12, 1, 24, 1, 24, 1, 24, 1, 24, 1, 24, 1, 24, 1, 24, 1, 24, 1, 24, 1, 24, 1, 24, 1, 24, 1, 24, 1, 24, 1, 24, 1, 24, 1, 24, 1, 24, 1, 24, 1, 24, 1, 24, 1, 24, 1, 24, 1, 24, 1, 24, 1, 24, 1, 24, 1, 24, 1, 24, 1, 24, 1, 24, 1, 24, 1"
A040168,add x_0_2 idiv INT+ 1 0 sub sqr n x_0_6,(x_0_2 add (10 idiv ((n)**2 sub x_0_6))),"13, 2, 26, 2, 26, 2, 26, 2, 26, 2, 26, 2, 26, 2, 26, 2, 26, 2, 26, 2, 26, 2, 26, 2, 26, 2, 26, 2, 26, 2, 26, 2, 26, 2, 26, 2, 26, 2, 26, 2, 26, 2, 26, 2, 26, 2, 26, 2, 26, 2, 26, 2, 26, 2, 26, 2, 26, 2, 26, 2, 26, 2, 26, 2, 26, 2"
A040131,add x_0_2 mul idiv INT+ 6 n add x_0_6 n,(x_0_2 add ((6 idiv n) mul (x_0_6 add n))),"11, 1, 22, 1, 22, 1, 22, 1, 22, 1, 22, 1, 22, 1, 22, 1, 22, 1, 22, 1, 22, 1, 22, 1, 22, 1, 22, 1, 22, 1, 22, 1, 22, 1, 22, 1, 22, 1, 22, 1, 22, 1, 22, 1, 22, 1, 22, 1, 22, 1, 22, 1, 22, 1, 22, 1, 22, 1, 22, 1, 22, 1, 22, 1, 22, 1"
A040142,mul x_0_4 sign x_0_6,(x_0_4 mul sign(x_0_6)),"12, 2, 4, 2, 24, 2, 4, 2, 24, 2, 4, 2, 24, 2, 4, 2, 24, 2, 4, 2, 24, 2, 4, 2, 24, 2, 4, 2, 24, 2, 4, 2, 24, 2, 4, 2, 24, 2, 4, 2, 24, 2, 4, 2, 24, 2, 4, 2, 24, 2, 4, 2, 24, 2, 4, 2, 24, 2, 4, 2, 24, 2, 4, 2, 24, 2, 4, 2, 24, 2, 4, 2"
A040151,mul x_0_6 abs idiv INT- 8 n,(x_0_6 mul abs((-8 idiv n))),"12, 1, 4, 6, 4, 1, 24, 1, 4, 6, 4, 1, 24, 1, 4, 6, 4, 1, 24, 1, 4, 6, 4, 1, 24, 1, 4, 6, 4, 1, 24, 1, 4, 6, 4, 1, 24, 1, 4, 6, 4, 1, 24, 1, 4, 6, 4, 1, 24, 1, 4, 6, 4, 1, 24, 1, 4, 6, 4, 1, 24, 1, 4, 6, 4, 1, 24, 1, 4, 6, 4, 1, 24, 1, 4"
A040137,add x_0_2 mul idiv INT+ 3 n x_0_6,(x_0_2 add ((3 idiv n) mul x_0_6)),"12, 4, 24, 4, 24, 4, 24, 4, 24, 4, 24, 4, 24, 4, 24, 4, 24, 4, 24, 4, 24, 4, 24, 4, 24, 4, 24, 4, 24, 4, 24, 4, 24, 4, 24, 4, 24, 4, 24, 4, 24, 4, 24, 4, 24, 4, 24, 4, 24, 4, 24, 4, 24, 4, 24, 4, 24, 4, 24, 4, 24, 4, 24, 4, 24, 4, 24, 4, 24, 4, 24, 4, 24, 4"
A040139,mod x_0_4 mul x_0_6 n,(x_0_4 mod (x_0_6 mul n)),"12, 3, 24, 3, 24, 3, 24, 3, 24, 3, 24, 3, 24, 3, 24, 3, 24, 3, 24, 3, 24, 3, 24, 3, 24, 3, 24, 3, 24, 3, 24, 3, 24, 3, 24, 3, 24, 3, 24, 3, 24, 3, 24, 3, 24, 3, 24, 3, 24, 3, 24, 3, 24, 3, 24, 3, 24, 3, 24, 3, 24, 3, 24, 3, 24, 3"
A040133,add x_0_2 mul idiv INT+ 6 n x_0_6,(x_0_2 add ((6 idiv n) mul x_0_6)),"12, 12, 24, 12, 24, 12, 24, 12, 24, 12, 24, 12, 24, 12, 24, 12, 24, 12, 24, 12, 24, 12, 24, 12, 24, 12, 24, 12, 24, 12, 24, 12, 24, 12, 24, 12, 24, 12, 24, 12, 24, 12, 24, 12, 24, 12, 24, 12, 24, 12, 24, 12, 24, 12"
A040143,add x_0_2 mul idiv INT+ 6 n x_0_6,(x_0_2 add ((6 idiv n) mul x_0_6)),"12, 2, 24, 2, 24, 2, 24, 2, 24, 2, 24, 2, 24, 2, 24, 2, 24, 2, 24, 2, 24, 2, 24, 2, 24, 2, 24, 2, 24, 2, 24, 2, 24, 2, 24, 2, 24, 2, 24, 2, 24, 2, 24, 2, 24, 2, 24, 2, 24, 2, 24, 2, 24, 2, 24, 2, 24, 2, 24, 2, 24, 2, 24, 2, 24, 2"
A040135,add x_0_2 mul idiv INT+ 6 n x_0_6,(x_0_2 add ((6 idiv n) mul x_0_6)),"12, 6, 24, 6, 24, 6, 24, 6, 24, 6, 24, 6, 24, 6, 24, 6, 24, 6, 24, 6, 24, 6, 24, 6, 24, 6, 24, 6, 24, 6, 24, 6, 24, 6, 24, 6, 24, 6, 24, 6, 24, 6, 24, 6, 24, 6, 24, 6, 24, 6, 24, 6, 24, 6, 24, 6, 24, 6, 24, 6, 24, 6, 24, 6, 24, 6"
A040214,mod x_0_2 mul x_0_6 n,(x_0_2 mod (x_0_6 mul n)),"15, 6, 30, 6, 30, 6, 30, 6, 30, 6, 30, 6, 30, 6, 30, 6, 30, 6, 30, 6, 30, 6, 30, 6, 30, 6, 30, 6, 30, 6, 30, 6, 30, 6, 30, 6, 30, 6, 30, 6, 30, 6, 30, 6, 30, 6, 30, 6, 30, 6, 30, 6, 30, 6, 30, 6, 30, 6, 30, 6, 30, 6, 30, 6, 30, 6, 30, 6, 30, 6, 30, 6, 30, 6, 30"
A040236,idiv x_0_4 sign x_0_6,(x_0_4 idiv sign(x_0_6)),"15, 1, 6, 1, 30, 1, 6, 1, 30, 1, 6, 1, 30, 1, 6, 1, 30, 1, 6, 1, 30, 1, 6, 1, 30, 1, 6, 1, 30, 1, 6, 1, 30, 1, 6, 1, 30, 1, 6, 1, 30, 1, 6, 1, 30, 1, 6, 1, 30, 1, 6, 1, 30, 1, 6, 1, 30, 1, 6, 1, 30, 1, 6, 1, 30, 1, 6, 1, 30, 1, 6, 1, 30, 1, 6, 1, 30, 1, 6, 1, 30, 1, 6, 1"
A040232,idiv x_0_4 sign x_0_6,(x_0_4 idiv sign(x_0_6)),"15, 1, 2, 1, 30, 1, 2, 1, 30, 1, 2, 1, 30, 1, 2, 1, 30, 1, 2, 1, 30, 1, 2, 1, 30, 1, 2, 1, 30, 1, 2, 1, 30, 1, 2, 1, 30, 1, 2, 1, 30, 1, 2, 1, 30, 1, 2, 1, 30, 1, 2, 1, 30, 1, 2, 1, 30, 1, 2, 1, 30, 1, 2, 1, 30, 1, 2, 1, 30, 1, 2, 1, 30, 1, 2, 1, 30, 1, 2, 1, 30, 1, 2, 1"
A040219,mod x_0_4 mul x_0_6 n,(x_0_4 mod (x_0_6 mul n)),"15, 3, 30, 3, 30, 3, 30, 3, 30, 3, 30, 3, 30, 3, 30, 3, 30, 3, 30, 3, 30, 3, 30, 3, 30, 3, 30, 3, 30, 3, 30, 3, 30, 3, 30, 3, 30, 3, 30, 3, 30, 3, 30, 3, 30, 3, 30, 3, 30, 3, 30, 3, 30, 3, 30, 3, 30, 3, 30, 3, 30, 3, 30, 3, 30, 3, 30, 3, 30, 3, 30, 3, 30, 3, 30"
A040275,mul x_0_5 sign x_0_6,(x_0_5 mul sign(x_0_6)),"17, 8, 1, 1, 8, 34, 8, 1, 1, 8, 34, 8, 1, 1, 8, 34, 8, 1, 1, 8, 34, 8, 1, 1, 8, 34, 8, 1, 1, 8, 34, 8, 1, 1, 8, 34, 8, 1, 1, 8, 34, 8, 1, 1, 8, 34, 8, 1, 1, 8, 34, 8, 1, 1, 8, 34, 8, 1, 1, 8, 34, 8, 1, 1, 8, 34, 8, 1, 1, 8, 34, 8, 1, 1, 8, 34, 8, 1, 1, 8, 34, 8, 1, 1, 8"
A040224,mod x_0_2 mul x_0_6 n,(x_0_2 mod (x_0_6 mul n)),"15, 2, 30, 2, 30, 2, 30, 2, 30, 2, 30, 2, 30, 2, 30, 2, 30, 2, 30, 2, 30, 2, 30, 2, 30, 2, 30, 2, 30, 2, 30, 2, 30, 2, 30, 2, 30, 2, 30, 2, 30, 2, 30, 2, 30, 2, 30, 2, 30, 2, 30, 2, 30, 2, 30, 2, 30, 2, 30, 2, 30, 2, 30, 2, 30, 2, 30, 2, 30, 2, 30, 2, 30, 2, 30"
A040238,mul x_0_4 add idiv INT+ 6 n sign x_0_6,(x_0_4 mul ((6 idiv n) add sign(x_0_6))),"15, 1, 14, 1, 30, 1, 14, 1, 30, 1, 14, 1, 30, 1, 14, 1, 30, 1, 14, 1, 30, 1, 14, 1, 30, 1, 14, 1, 30, 1, 14, 1, 30, 1, 14, 1, 30, 1, 14, 1, 30, 1, 14, 1, 30, 1, 14, 1, 30, 1, 14, 1, 30, 1, 14, 1, 30, 1, 14, 1, 30, 1, 14, 1, 30, 1, 14, 1, 30, 1, 14, 1, 30, 1, 14"
A040193,mul x_0_6 abs idiv INT- 8 n,(x_0_6 mul abs((-8 idiv n))),"14, 2, 2, 1, 2, 2, 28, 2, 2, 1, 2, 2, 28, 2, 2, 1, 2, 2, 28, 2, 2, 1, 2, 2, 28, 2, 2, 1, 2, 2, 28, 2, 2, 1, 2, 2, 28, 2, 2, 1, 2, 2, 28, 2, 2, 1, 2, 2, 28, 2, 2, 1, 2, 2, 28, 2, 2, 1, 2, 2, 28, 2, 2, 1, 2, 2, 28, 2, 2, 1, 2, 2, 28, 2, 2, 1, 2, 2, 28, 2, 2, 1, 2, 2, 28, 2, 2"
A040204,idiv x_0_4 sign x_0_6,(x_0_4 idiv sign(x_0_6)),"14, 1, 3, 1, 28, 1, 3, 1, 28, 1, 3, 1, 28, 1, 3, 1, 28, 1, 3, 1, 28, 1, 3, 1, 28, 1, 3, 1, 28, 1, 3, 1, 28, 1, 3, 1, 28, 1, 3, 1, 28, 1, 3, 1, 28, 1, 3, 1, 28, 1, 3, 1, 28, 1, 3, 1, 28, 1, 3, 1, 28, 1, 3, 1, 28, 1, 3, 1, 28, 1, 3, 1, 28, 1, 3, 1, 28, 1, 3, 1, 28, 1, 3, 1"
A040207,idiv x_0_4 sign x_0_6,(x_0_4 idiv sign(x_0_6)),"14, 1, 8, 1, 28, 1, 8, 1, 28, 1, 8, 1, 28, 1, 8, 1, 28, 1, 8, 1, 28, 1, 8, 1, 28, 1, 8, 1, 28, 1, 8, 1, 28, 1, 8, 1, 28, 1, 8, 1, 28, 1, 8, 1, 28, 1, 8, 1, 28, 1, 8, 1, 28, 1, 8, 1, 28, 1, 8, 1, 28, 1, 8, 1, 28, 1, 8, 1, 28, 1, 8, 1, 28, 1, 8, 1, 28, 1, 8, 1, 28, 1, 8, 1"
A040201,mul x_0_6 abs idiv INT- 8 n,(x_0_6 mul abs((-8 idiv n))),"14, 1, 2, 3, 2, 1, 28, 1, 2, 3, 2, 1, 28, 1, 2, 3, 2, 1, 28, 1, 2, 3, 2, 1, 28, 1, 2, 3, 2, 1, 28, 1, 2, 3, 2, 1, 28, 1, 2, 3, 2, 1, 28, 1, 2, 3, 2, 1, 28, 1, 2, 3, 2, 1, 28, 1, 2, 3, 2, 1, 28, 1, 2, 3, 2, 1, 28, 1, 2, 3, 2, 1, 28, 1, 2, 3, 2, 1, 28, 1, 2, 3, 2, 1, 28, 1, 2"
A040282,idiv x_0_4 sign x_0_6,(x_0_4 idiv sign(x_0_6)),"17, 3, 8, 3, 34, 3, 8, 3, 34, 3, 8, 3, 34, 3, 8, 3, 34, 3, 8, 3, 34, 3, 8, 3, 34, 3, 8, 3, 34, 3, 8, 3, 34, 3, 8, 3, 34, 3, 8, 3, 34, 3, 8, 3, 34, 3, 8, 3, 34, 3, 8, 3, 34, 3, 8, 3, 34, 3, 8, 3, 34, 3, 8, 3, 34, 3, 8, 3, 34, 3, 8, 3, 34, 3, 8, 3, 34, 3, 8, 3, 34, 3, 8, 3"
A040185,mod x_0_2 mul mul n n x_0_6,(x_0_2 mod ((n mul n) mul x_0_6)),"14, 7, 28, 7, 28, 7, 28, 7, 28, 7, 28, 7, 28, 7, 28, 7, 28, 7, 28, 7, 28, 7, 28, 7, 28, 7, 28, 7, 28, 7, 28, 7, 28, 7, 28, 7, 28, 7, 28, 7, 28, 7, 28, 7, 28, 7, 28, 7, 28, 7, 28, 7, 28, 7, 28, 7, 28, 7, 28, 7, 28, 7, 28, 7, 28, 7, 28, 7, 28, 7, 28, 7, 28, 7, 28"
A040278,mul x_0_6 abs idiv INT- 8 n,(x_0_6 mul abs((-8 idiv n))),"17, 4, 1, 7, 1, 4, 34, 4, 1, 7, 1, 4, 34, 4, 1, 7, 1, 4, 34, 4, 1, 7, 1, 4, 34, 4, 1, 7, 1, 4, 34, 4, 1, 7, 1, 4, 34, 4, 1, 7, 1, 4, 34, 4, 1, 7, 1, 4, 34, 4, 1, 7, 1, 4, 34, 4, 1, 7, 1, 4, 34, 4, 1, 7, 1, 4, 34, 4, 1, 7, 1, 4, 34, 4, 1, 7, 1, 4, 34, 4, 1, 7, 1, 4, 34, 4, 1"
A040276,mul x_0_6 abs idiv INT- 8 n,(x_0_6 mul abs((-8 idiv n))),"17, 6, 1, 4, 1, 6, 34, 6, 1, 4, 1, 6, 34, 6, 1, 4, 1, 6, 34, 6, 1, 4, 1, 6, 34, 6, 1, 4, 1, 6, 34, 6, 1, 4, 1, 6, 34, 6, 1, 4, 1, 6, 34, 6, 1, 4, 1, 6, 34, 6, 1, 4, 1, 6, 34, 6, 1, 4, 1, 6, 34, 6, 1, 4, 1, 6, 34, 6, 1, 4, 1, 6, 34, 6, 1, 4, 1, 6, 34, 6, 1, 4, 1, 6, 34, 6, 1"
A040206,mul x_0_6 abs idiv INT- 8 n,(x_0_6 mul abs((-8 idiv n))),"14, 1, 6, 2, 6, 1, 28, 1, 6, 2, 6, 1, 28, 1, 6, 2, 6, 1, 28, 1, 6, 2, 6, 1, 28, 1, 6, 2, 6, 1, 28, 1, 6, 2, 6, 1, 28, 1, 6, 2, 6, 1, 28, 1, 6, 2, 6, 1, 28, 1, 6, 2, 6, 1, 28, 1, 6, 2, 6, 1, 28, 1, 6, 2, 6, 1, 28, 1, 6, 2, 6, 1, 28, 1, 6, 2, 6, 1, 28, 1, 6, 2, 6, 1, 28, 1, 6"
A040205,idiv x_0_4 sign x_0_6,(x_0_4 idiv sign(x_0_6)),"14, 1, 4, 1, 28, 1, 4, 1, 28, 1, 4, 1, 28, 1, 4, 1, 28, 1, 4, 1, 28, 1, 4, 1, 28, 1, 4, 1, 28, 1, 4, 1, 28, 1, 4, 1, 28, 1, 4, 1, 28, 1, 4, 1, 28, 1, 4, 1, 28, 1, 4, 1, 28, 1, 4, 1, 28, 1, 4, 1, 28, 1, 4, 1, 28, 1, 4, 1, 28, 1, 4, 1, 28, 1, 4, 1, 28, 1, 4, 1, 28, 1, 4, 1"
A040212,idiv x_0_2 sign x_0_6,(x_0_2 idiv sign(x_0_6)),"15, 10, 30, 10, 30, 10, 30, 10, 30, 10, 30, 10, 30, 10, 30, 10, 30, 10, 30, 10, 30, 10, 30, 10, 30, 10, 30, 10, 30, 10, 30, 10, 30, 10, 30, 10, 30, 10, 30, 10, 30, 10, 30, 10, 30, 10, 30, 10, 30, 10, 30, 10, 30, 10, 30, 10, 30, 10, 30, 10, 30, 10, 30"
A040195,idiv mul INT- 7 INT- 8 mul x_0_1 sign x_0_6,((-7 mul -8) idiv (x_0_1 mul sign(x_0_6))),"14, 2, 28, 2, 28, 2, 28, 2, 28, 2, 28, 2, 28, 2, 28, 2, 28, 2, 28, 2, 28, 2, 28, 2, 28, 2, 28, 2, 28, 2, 28, 2, 28, 2, 28, 2, 28, 2, 28, 2, 28, 2, 28, 2, 28, 2, 28, 2, 28, 2, 28, 2, 28, 2, 28, 2, 28, 2, 28, 2, 28, 2, 28, 2, 28, 2, 28, 2, 28, 2, 28, 2, 28, 2, 28"
A040281,idiv x_0_4 sign x_0_6,(x_0_4 idiv sign(x_0_6)),"17, 3, 2, 3, 34, 3, 2, 3, 34, 3, 2, 3, 34, 3, 2, 3, 34, 3, 2, 3, 34, 3, 2, 3, 34, 3, 2, 3, 34, 3, 2, 3, 34, 3, 2, 3, 34, 3, 2, 3, 34, 3, 2, 3, 34, 3, 2, 3, 34, 3, 2, 3, 34, 3, 2, 3, 34, 3, 2, 3, 34, 3, 2, 3, 34, 3, 2, 3, 34, 3, 2, 3, 34, 3, 2, 3, 34, 3, 2, 3, 34, 3, 2, 3"
A040287,idiv x_0_4 sign x_0_6,(x_0_4 idiv sign(x_0_6)),"17, 2, 6, 2, 34, 2, 6, 2, 34, 2, 6, 2, 34, 2, 6, 2, 34, 2, 6, 2, 34, 2, 6, 2, 34, 2, 6, 2, 34, 2, 6, 2, 34, 2, 6, 2, 34, 2, 6, 2, 34, 2, 6, 2, 34, 2, 6, 2, 34, 2, 6, 2, 34, 2, 6, 2, 34, 2, 6, 2, 34, 2, 6, 2, 34, 2, 6, 2, 34, 2, 6, 2, 34, 2, 6, 2, 34, 2, 6, 2, 34, 2, 6, 2"
A040249,mul x_0_4 sign x_0_6,(x_0_4 mul sign(x_0_6)),"16, 3, 4, 3, 32, 3, 4, 3, 32, 3, 4, 3, 32, 3, 4, 3, 32, 3, 4, 3, 32, 3, 4, 3, 32, 3, 4, 3, 32, 3, 4, 3, 32, 3, 4, 3, 32, 3, 4, 3, 32, 3, 4, 3, 32, 3, 4, 3, 32, 3, 4, 3, 32, 3, 4, 3, 32, 3, 4, 3, 32, 3, 4, 3, 32, 3, 4, 3, 32, 3, 4, 3, 32, 3, 4, 3, 32, 3, 4, 3, 32, 3, 4, 3"
A040263,mul x_0_6 abs idiv INT- 8 n,(x_0_6 mul abs((-8 idiv n))),"16, 1, 2, 1, 2, 1, 32, 1, 2, 1, 2, 1, 32, 1, 2, 1, 2, 1, 32, 1, 2, 1, 2, 1, 32, 1, 2, 1, 2, 1, 32, 1, 2, 1, 2, 1, 32, 1, 2, 1, 2, 1, 32, 1, 2, 1, 2, 1, 32, 1, 2, 1, 2, 1, 32, 1, 2, 1, 2, 1, 32, 1, 2, 1, 2, 1, 32, 1, 2, 1, 2, 1, 32, 1, 2, 1, 2, 1, 32, 1, 2, 1, 2, 1, 32, 1, 2"
A040268,mul x_0_6 abs idiv INT- 8 n,(x_0_6 mul abs((-8 idiv n))),"16, 1, 7, 2, 7, 1, 32, 1, 7, 2, 7, 1, 32, 1, 7, 2, 7, 1, 32, 1, 7, 2, 7, 1, 32, 1, 7, 2, 7, 1, 32, 1, 7, 2, 7, 1, 32, 1, 7, 2, 7, 1, 32, 1, 7, 2, 7, 1, 32, 1, 7, 2, 7, 1, 32, 1, 7, 2, 7, 1, 32, 1, 7, 2, 7, 1, 32, 1, 7, 2, 7, 1, 32, 1, 7, 2, 7, 1, 32, 1, 7, 2, 7, 1, 32, 1, 7"
A040256,mul x_0_6 abs idiv INT- 8 n,(x_0_6 mul abs((-8 idiv n))),"16, 1, 1, 10, 1, 1, 32, 1, 1, 10, 1, 1, 32, 1, 1, 10, 1, 1, 32, 1, 1, 10, 1, 1, 32, 1, 1, 10, 1, 1, 32, 1, 1, 10, 1, 1, 32, 1, 1, 10, 1, 1, 32, 1, 1, 10, 1, 1, 32, 1, 1, 10, 1, 1, 32, 1, 1, 10, 1, 1, 32, 1, 1, 10, 1, 1, 32, 1, 1, 10, 1, 1, 32, 1, 1, 10, 1, 1, 32, 1, 1"
A040294,idiv x_0_4 sign x_0_6,(x_0_4 idiv sign(x_0_6)),"17, 1, 1, 1, 34, 1, 1, 1, 34, 1, 1, 1, 34, 1, 1, 1, 34, 1, 1, 1, 34, 1, 1, 1, 34, 1, 1, 1, 34, 1, 1, 1, 34, 1, 1, 1, 34, 1, 1, 1, 34, 1, 1, 1, 34, 1, 1, 1, 34, 1, 1, 1, 34, 1, 1, 1, 34, 1, 1, 1, 34, 1, 1, 1, 34, 1, 1, 1, 34, 1, 1, 1, 34, 1, 1, 1, 34, 1, 1, 1, 34, 1, 1, 1"
A040247,add x_0_2 mul idiv INT+ 3 n x_0_6,(x_0_2 add ((3 idiv n) mul x_0_6)),"16, 4, 32, 4, 32, 4, 32, 4, 32, 4, 32, 4, 32, 4, 32, 4, 32, 4, 32, 4, 32, 4, 32, 4, 32, 4, 32, 4, 32, 4, 32, 4, 32, 4, 32, 4, 32, 4, 32, 4, 32, 4, 32, 4, 32, 4, 32, 4, 32, 4, 32, 4, 32, 4, 32, 4, 32, 4, 32, 4, 32, 4, 32, 4, 32, 4, 32, 4, 32, 4, 32, 4, 32, 4, 32"
A040327,idiv x_0_5 sign x_0_6,(x_0_5 idiv sign(x_0_6)),"18, 1, 1, 1, 1, 36, 1, 1, 1, 1, 36, 1, 1, 1, 1, 36, 1, 1, 1, 1, 36, 1, 1, 1, 1, 36, 1, 1, 1, 1, 36, 1, 1, 1, 1, 36, 1, 1, 1, 1, 36, 1, 1, 1, 1, 36, 1, 1, 1, 1, 36, 1, 1, 1, 1, 36, 1, 1, 1, 1, 36, 1, 1, 1, 1, 36, 1, 1, 1, 1, 36, 1, 1, 1, 1, 36, 1, 1, 1, 1, 36, 1, 1, 1, 1"
A040243,add x_0_2 idiv INT+ 8 sqr x_0_6,(x_0_2 add (8 idiv (x_0_6)**2)),"16, 8, 32, 8, 32, 8, 32, 8, 32, 8, 32, 8, 32, 8, 32, 8, 32, 8, 32, 8, 32, 8, 32, 8, 32, 8, 32, 8, 32, 8, 32, 8, 32, 8, 32, 8, 32, 8, 32, 8, 32, 8, 32, 8, 32, 8, 32, 8, 32, 8, 32, 8, 32, 8, 32, 8, 32, 8, 32, 8, 32, 8, 32, 8, 32, 8, 32, 8, 32, 8, 32, 8, 32, 8, 32"
A040348,mul x_0_4 sign x_0_6,(x_0_4 mul sign(x_0_6)),"19, 5, 2, 5, 38, 5, 2, 5, 38, 5, 2, 5, 38, 5, 2, 5, 38, 5, 2, 5, 38, 5, 2, 5, 38, 5, 2, 5, 38, 5, 2, 5, 38, 5, 2, 5, 38, 5, 2, 5, 38, 5, 2, 5, 38, 5, 2, 5, 38, 5, 2, 5, 38, 5, 2, 5, 38, 5, 2, 5, 38, 5, 2, 5, 38, 5, 2, 5, 38, 5, 2, 5, 38, 5, 2, 5, 38, 5, 2, 5, 38, 5, 2, 5"
A040261,mul x_0_6 abs idiv INT- 8 n,(x_0_6 mul abs((-8 idiv n))),"16, 1, 2, 16, 2, 1, 32, 1, 2, 16, 2, 1, 32, 1, 2, 16, 2, 1, 32, 1, 2, 16, 2, 1, 32, 1, 2, 16, 2, 1, 32, 1, 2, 16, 2, 1, 32, 1, 2, 16, 2, 1, 32, 1, 2, 16, 2, 1, 32, 1, 2, 16, 2, 1, 32, 1, 2, 16, 2, 1, 32, 1, 2, 16, 2, 1, 32, 1, 2, 16, 2, 1, 32, 1, 2, 16, 2, 1, 32, 1, 2"
A040303,idiv x_0_4 sign x_0_6,(x_0_4 idiv sign(x_0_6)),"17, 1, 10, 1, 34, 1, 10, 1, 34, 1, 10, 1, 34, 1, 10, 1, 34, 1, 10, 1, 34, 1, 10, 1, 34, 1, 10, 1, 34, 1, 10, 1, 34, 1, 10, 1, 34, 1, 10, 1, 34, 1, 10, 1, 34, 1, 10, 1, 34, 1, 10, 1, 34, 1, 10, 1, 34, 1, 10, 1, 34, 1, 10, 1, 34, 1, 10, 1, 34, 1, 10, 1, 34, 1, 10"
A040352,mul x_0_6 abs idiv INT- 8 n,(x_0_6 mul abs((-8 idiv n))),"19, 3, 2, 12, 2, 3, 38, 3, 2, 12, 2, 3, 38, 3, 2, 12, 2, 3, 38, 3, 2, 12, 2, 3, 38, 3, 2, 12, 2, 3, 38, 3, 2, 12, 2, 3, 38, 3, 2, 12, 2, 3, 38, 3, 2, 12, 2, 3, 38, 3, 2, 12, 2, 3, 38, 3, 2, 12, 2, 3, 38, 3, 2, 12, 2, 3, 38, 3, 2, 12, 2, 3, 38, 3, 2, 12, 2, 3, 38, 3, 2"
A040351,mul x_0_6 abs idiv INT- 8 n,(x_0_6 mul abs((-8 idiv n))),"19, 3, 1, 4, 1, 3, 38, 3, 1, 4, 1, 3, 38, 3, 1, 4, 1, 3, 38, 3, 1, 4, 1, 3, 38, 3, 1, 4, 1, 3, 38, 3, 1, 4, 1, 3, 38, 3, 1, 4, 1, 3, 38, 3, 1, 4, 1, 3, 38, 3, 1, 4, 1, 3, 38, 3, 1, 4, 1, 3, 38, 3, 1, 4, 1, 3, 38, 3, 1, 4, 1, 3, 38, 3, 1, 4, 1, 3, 38, 3, 1, 4, 1, 3, 38, 3, 1"
A040255,idiv sqr INT+ 8 mul x_0_1 sign x_0_6,((8)**2 idiv (x_0_1 mul sign(x_0_6))),"16, 2, 32, 2, 32, 2, 32, 2, 32, 2, 32, 2, 32, 2, 32, 2, 32, 2, 32, 2, 32, 2, 32, 2, 32, 2, 32, 2, 32, 2, 32, 2, 32, 2, 32, 2, 32, 2, 32, 2, 32, 2, 32, 2, 32, 2, 32, 2, 32, 2, 32, 2, 32, 2, 32, 2, 32, 2, 32, 2, 32, 2, 32, 2, 32, 2, 32, 2, 32, 2, 32, 2, 32, 2, 32"
A040300,idiv x_0_4 sign x_0_6,(x_0_4 idiv sign(x_0_6)),"17, 1, 4, 1, 34, 1, 4, 1, 34, 1, 4, 1, 34, 1, 4, 1, 34, 1, 4, 1, 34, 1, 4, 1, 34, 1, 4, 1, 34, 1, 4, 1, 34, 1, 4, 1, 34, 1, 4, 1, 34, 1, 4, 1, 34, 1, 4, 1, 34, 1, 4, 1, 34, 1, 4, 1, 34, 1, 4, 1, 34, 1, 4, 1, 34, 1, 4, 1, 34, 1, 4, 1, 34, 1, 4, 1, 34, 1, 4, 1, 34, 1, 4, 1"
A040304,mul x_0_4 sign x_0_6,(x_0_4 mul sign(x_0_6)),"17, 1, 16, 1, 34, 1, 16, 1, 34, 1, 16, 1, 34, 1, 16, 1, 34, 1, 16, 1, 34, 1, 16, 1, 34, 1, 16, 1, 34, 1, 16, 1, 34, 1, 16, 1, 34, 1, 16, 1, 34, 1, 16, 1, 34, 1, 16, 1, 34, 1, 16, 1, 34, 1, 16, 1, 34, 1, 16, 1, 34, 1, 16, 1, 34, 1, 16, 1, 34, 1, 16, 1, 34, 1, 16"
A040338,mul x_0_6 abs idiv INT- 8 n,(x_0_6 mul abs((-8 idiv n))),"18, 1, 8, 2, 8, 1, 36, 1, 8, 2, 8, 1, 36, 1, 8, 2, 8, 1, 36, 1, 8, 2, 8, 1, 36, 1, 8, 2, 8, 1, 36, 1, 8, 2, 8, 1, 36, 1, 8, 2, 8, 1, 36, 1, 8, 2, 8, 1, 36, 1, 8, 2, 8, 1, 36, 1, 8, 2, 8, 1, 36, 1, 8, 2, 8, 1, 36, 1, 8, 2, 8, 1, 36, 1, 8, 2, 8, 1, 36, 1, 8, 2, 8, 1, 36, 1, 8"
A040297,idiv x_0_4 sign x_0_6,(x_0_4 idiv sign(x_0_6)),"17, 1, 2, 1, 34, 1, 2, 1, 34, 1, 2, 1, 34, 1, 2, 1, 34, 1, 2, 1, 34, 1, 2, 1, 34, 1, 2, 1, 34, 1, 2, 1, 34, 1, 2, 1, 34, 1, 2, 1, 34, 1, 2, 1, 34, 1, 2, 1, 34, 1, 2, 1, 34, 1, 2, 1, 34, 1, 2, 1, 34, 1, 2, 1, 34, 1, 2, 1, 34, 1, 2, 1, 34, 1, 2, 1, 34, 1, 2, 1, 34, 1, 2, 1"
A040302,mul x_0_4 sign x_0_6,(x_0_4 mul sign(x_0_6)),"17, 1, 7, 1, 34, 1, 7, 1, 34, 1, 7, 1, 34, 1, 7, 1, 34, 1, 7, 1, 34, 1, 7, 1, 34, 1, 7, 1, 34, 1, 7, 1, 34, 1, 7, 1, 34, 1, 7, 1, 34, 1, 7, 1, 34, 1, 7, 1, 34, 1, 7, 1, 34, 1, 7, 1, 34, 1, 7, 1, 34, 1, 7, 1, 34, 1, 7, 1, 34, 1, 7, 1, 34, 1, 7, 1, 34, 1, 7, 1, 34, 1, 7, 1"
A040316,mod x_0_4 add mul n n x_0_6,(x_0_4 mod ((n mul n) add x_0_6)),"18, 3, 3, 3, 36, 3, 3, 3, 36, 3, 3, 3, 36, 3, 3, 3, 36, 3, 3, 3, 36, 3, 3, 3, 36, 3, 3, 3, 36, 3, 3, 3, 36, 3, 3, 3, 36, 3, 3, 3, 36, 3, 3, 3, 36, 3, 3, 3, 36, 3, 3, 3, 36, 3, 3, 3, 36, 3, 3, 3, 36, 3, 3, 3, 36, 3, 3, 3, 36, 3, 3, 3, 36, 3, 3, 3, 36, 3, 3, 3, 36, 3, 3, 3"
A040311,add x_0_2 mul idiv INT+ 6 n x_0_6,(x_0_2 add ((6 idiv n) mul x_0_6)),"18, 6, 36, 6, 36, 6, 36, 6, 36, 6, 36, 6, 36, 6, 36, 6, 36, 6, 36, 6, 36, 6, 36, 6, 36, 6, 36, 6, 36, 6, 36, 6, 36, 6, 36, 6, 36, 6, 36, 6, 36, 6, 36, 6, 36, 6, 36, 6, 36, 6, 36, 6, 36, 6, 36, 6, 36, 6, 36, 6, 36, 6, 36, 6, 36, 6, 36, 6, 36, 6, 36, 6, 36, 6, 36"
A040319,idiv x_0_5 sign x_0_6,(x_0_5 idiv sign(x_0_6)),"18, 2, 1, 1, 2, 36, 2, 1, 1, 2, 36, 2, 1, 1, 2, 36, 2, 1, 1, 2, 36, 2, 1, 1, 2, 36, 2, 1, 1, 2, 36, 2, 1, 1, 2, 36, 2, 1, 1, 2, 36, 2, 1, 1, 2, 36, 2, 1, 1, 2, 36, 2, 1, 1, 2, 36, 2, 1, 1, 2, 36, 2, 1, 1, 2, 36, 2, 1, 1, 2, 36, 2, 1, 1, 2, 36, 2, 1, 1, 2, 36, 2, 1, 1, 2"
A040386,mul x_0_6 abs idiv INT- 8 n,(x_0_6 mul abs((-8 idiv n))),"20, 5, 1, 2, 1, 5, 40, 5, 1, 2, 1, 5, 40, 5, 1, 2, 1, 5, 40, 5, 1, 2, 1, 5, 40, 5, 1, 2, 1, 5, 40, 5, 1, 2, 1, 5, 40, 5, 1, 2, 1, 5, 40, 5, 1, 2, 1, 5, 40, 5, 1, 2, 1, 5, 40, 5, 1, 2, 1, 5, 40, 5, 1, 2, 1, 5, 40, 5, 1, 2, 1, 5, 40, 5, 1, 2, 1, 5, 40, 5, 1, 2, 1, 5, 40, 5, 1"
A040317,add x_0_2 mul idiv INT+ 6 n x_0_6,(x_0_2 add ((6 idiv n) mul x_0_6)),"18, 3, 36, 3, 36, 3, 36, 3, 36, 3, 36, 3, 36, 3, 36, 3, 36, 3, 36, 3, 36, 3, 36, 3, 36, 3, 36, 3, 36, 3, 36, 3, 36, 3, 36, 3, 36, 3, 36, 3, 36, 3, 36, 3, 36, 3, 36, 3, 36, 3, 36, 3, 36, 3, 36, 3, 36, 3, 36, 3, 36, 3, 36, 3, 36, 3, 36, 3, 36, 3, 36, 3, 36, 3, 36"
A040305,idiv sub sqr INT+ 6 INT+ 2 mul x_0_1 sign x_0_6,(((6)**2 sub 2) idiv (x_0_1 mul sign(x_0_6))),"17, 1, 34, 1, 34, 1, 34, 1, 34, 1, 34, 1, 34, 1, 34, 1, 34, 1, 34, 1, 34, 1, 34, 1, 34, 1, 34, 1, 34, 1, 34, 1, 34, 1, 34, 1, 34, 1, 34, 1, 34, 1, 34, 1, 34, 1, 34, 1, 34, 1, 34, 1, 34, 1, 34, 1, 34, 1, 34, 1, 34, 1, 34, 1, 34, 1, 34, 1, 34, 1, 34, 1, 34, 1, 34"
A040354,mul x_0_6 abs idiv INT- 8 n,(x_0_6 mul abs((-8 idiv n))),"19, 2, 1, 18, 1, 2, 38, 2, 1, 18, 1, 2, 38, 2, 1, 18, 1, 2, 38, 2, 1, 18, 1, 2, 38, 2, 1, 18, 1, 2, 38, 2, 1, 18, 1, 2, 38, 2, 1, 18, 1, 2, 38, 2, 1, 18, 1, 2, 38, 2, 1, 18, 1, 2, 38, 2, 1, 18, 1, 2, 38, 2, 1, 18, 1, 2, 38, 2, 1, 18, 1, 2, 38, 2, 1, 18, 1, 2, 38, 2, 1"
A040342,add INT+ 2 sqr sub INT+ 6 mod x_0_6 x_0_6,(2 add ((6 sub (x_0_6 mod x_0_6)))**2),"19, 38, 38, 38, 38, 38, 38, 38, 38, 38, 38, 38, 38, 38, 38, 38, 38, 38, 38, 38, 38, 38, 38, 38, 38, 38, 38, 38, 38, 38, 38, 38, 38, 38, 38, 38, 38, 38, 38, 38, 38, 38, 38, 38, 38, 38, 38, 38, 38, 38, 38, 38, 38, 38, 38, 38, 38, 38, 38, 38, 38, 38, 38"
A040389,mul x_0_2 sign x_0_6,(x_0_2 mul sign(x_0_6)),"20, 4, 40, 4, 40, 4, 40, 4, 40, 4, 40, 4, 40, 4, 40, 4, 40, 4, 40, 4, 40, 4, 40, 4, 40, 4, 40, 4, 40, 4, 40, 4, 40, 4, 40, 4, 40, 4, 40, 4, 40, 4, 40, 4, 40, 4, 40, 4, 40, 4, 40, 4, 40, 4, 40, 4, 40, 4, 40, 4, 40, 4, 40, 4, 40, 4, 40, 4, 40, 4, 40, 4, 40, 4, 40"
A040397,mul x_0_6 abs idiv INT- 8 n,(x_0_6 mul abs((-8 idiv n))),"20, 2, 4, 20, 4, 2, 40, 2, 4, 20, 4, 2, 40, 2, 4, 20, 4, 2, 40, 2, 4, 20, 4, 2, 40, 2, 4, 20, 4, 2, 40, 2, 4, 20, 4, 2, 40, 2, 4, 20, 4, 2, 40, 2, 4, 20, 4, 2, 40, 2, 4, 20, 4, 2, 40, 2, 4, 20, 4, 2, 40, 2, 4, 20, 4, 2, 40, 2, 4, 20, 4, 2, 40, 2, 4, 20, 4, 2, 40, 2, 4"
A040375,idiv x_0_4 sign x_0_6,(x_0_4 idiv sign(x_0_6)),"19, 1, 6, 1, 38, 1, 6, 1, 38, 1, 6, 1, 38, 1, 6, 1, 38, 1, 6, 1, 38, 1, 6, 1, 38, 1, 6, 1, 38, 1, 6, 1, 38, 1, 6, 1, 38, 1, 6, 1, 38, 1, 6, 1, 38, 1, 6, 1, 38, 1, 6, 1, 38, 1, 6, 1, 38, 1, 6, 1, 38, 1, 6, 1, 38, 1, 6, 1, 38, 1, 6, 1, 38, 1, 6, 1, 38, 1, 6, 1, 38, 1, 6, 1"
A040406,idiv x_0_4 sign x_0_6,(x_0_4 idiv sign(x_0_6)),"20, 1, 1, 1, 40, 1, 1, 1, 40, 1, 1, 1, 40, 1, 1, 1, 40, 1, 1, 1, 40, 1, 1, 1, 40, 1, 1, 1, 40, 1, 1, 1, 40, 1, 1, 1, 40, 1, 1, 1, 40, 1, 1, 1, 40, 1, 1, 1, 40, 1, 1, 1, 40, 1, 1, 1, 40, 1, 1, 1, 40, 1, 1, 1, 40, 1, 1, 1, 40, 1, 1, 1, 40, 1, 1, 1, 40, 1, 1, 1, 40, 1, 1, 1"
A040353,mul x_0_5 sign x_0_6,(x_0_5 mul sign(x_0_6)),"19, 3, 5, 5, 3, 38, 3, 5, 5, 3, 38, 3, 5, 5, 3, 38, 3, 5, 5, 3, 38, 3, 5, 5, 3, 38, 3, 5, 5, 3, 38, 3, 5, 5, 3, 38, 3, 5, 5, 3, 38, 3, 5, 5, 3, 38, 3, 5, 5, 3, 38, 3, 5, 5, 3, 38, 3, 5, 5, 3, 38, 3, 5, 5, 3, 38, 3, 5, 5, 3, 38, 3, 5, 5, 3, 38, 3, 5, 5, 3, 38, 3, 5, 5, 3"
A040376,mul x_0_4 sign x_0_6,(x_0_4 mul sign(x_0_6)),"19, 1, 8, 1, 38, 1, 8, 1, 38, 1, 8, 1, 38, 1, 8, 1, 38, 1, 8, 1, 38, 1, 8, 1, 38, 1, 8, 1, 38, 1, 8, 1, 38, 1, 8, 1, 38, 1, 8, 1, 38, 1, 8, 1, 38, 1, 8, 1, 38, 1, 8, 1, 38, 1, 8, 1, 38, 1, 8, 1, 38, 1, 8, 1, 38, 1, 8, 1, 38, 1, 8, 1, 38, 1, 8, 1, 38, 1, 8, 1, 38, 1, 8, 1"
A040372,idiv x_0_4 sign x_0_6,(x_0_4 idiv sign(x_0_6)),"19, 1, 3, 1, 38, 1, 3, 1, 38, 1, 3, 1, 38, 1, 3, 1, 38, 1, 3, 1, 38, 1, 3, 1, 38, 1, 3, 1, 38, 1, 3, 1, 38, 1, 3, 1, 38, 1, 3, 1, 38, 1, 3, 1, 38, 1, 3, 1, 38, 1, 3, 1, 38, 1, 3, 1, 38, 1, 3, 1, 38, 1, 3, 1, 38, 1, 3, 1, 38, 1, 3, 1, 38, 1, 3, 1, 38, 1, 3, 1, 38, 1, 3, 1"
A040370,idiv x_0_4 sign x_0_6,(x_0_4 idiv sign(x_0_6)),"19, 1, 2, 1, 38, 1, 2, 1, 38, 1, 2, 1, 38, 1, 2, 1, 38, 1, 2, 1, 38, 1, 2, 1, 38, 1, 2, 1, 38, 1, 2, 1, 38, 1, 2, 1, 38, 1, 2, 1, 38, 1, 2, 1, 38, 1, 2, 1, 38, 1, 2, 1, 38, 1, 2, 1, 38, 1, 2, 1, 38, 1, 2, 1, 38, 1, 2, 1, 38, 1, 2, 1, 38, 1, 2, 1, 38, 1, 2, 1, 38, 1, 2, 1"
A040360,add x_0_2 mul idiv INT+ 6 n add x_0_6 n,(x_0_2 add ((6 idiv n) mul (x_0_6 add n))),"19, 2, 38, 2, 38, 2, 38, 2, 38, 2, 38, 2, 38, 2, 38, 2, 38, 2, 38, 2, 38, 2, 38, 2, 38, 2, 38, 2, 38, 2, 38, 2, 38, 2, 38, 2, 38, 2, 38, 2, 38, 2, 38, 2, 38, 2, 38, 2, 38, 2, 38, 2, 38, 2, 38, 2, 38, 2, 38, 2, 38, 2, 38, 2, 38, 2, 38, 2, 38, 2, 38, 2, 38, 2, 38"
A040451,idiv x_0_4 sign x_0_6,(x_0_4 idiv sign(x_0_6)),"21, 1, 2, 1, 42, 1, 2, 1, 42, 1, 2, 1, 42, 1, 2, 1, 42, 1, 2, 1, 42, 1, 2, 1, 42, 1, 2, 1, 42, 1, 2, 1, 42, 1, 2, 1, 42, 1, 2, 1, 42, 1, 2, 1, 42, 1, 2, 1, 42, 1, 2, 1, 42, 1, 2, 1, 42, 1, 2, 1, 42, 1, 2, 1, 42, 1, 2, 1, 42, 1, 2, 1, 42, 1, 2, 1, 42, 1, 2, 1, 42, 1, 2, 1"
A040423,idiv x_0_5 sign x_0_6,(x_0_5 idiv sign(x_0_6)),"21, 10, 1, 1, 10, 42, 10, 1, 1, 10, 42, 10, 1, 1, 10, 42, 10, 1, 1, 10, 42, 10, 1, 1, 10, 42, 10, 1, 1, 10, 42, 10, 1, 1, 10, 42, 10, 1, 1, 10, 42, 10, 1, 1, 10, 42, 10, 1, 1, 10, 42, 10, 1, 1, 10, 42, 10, 1, 1, 10, 42, 10, 1, 1, 10, 42, 10, 1, 1, 10, 42, 10"
A040458,idiv x_0_4 sign x_0_6,(x_0_4 idiv sign(x_0_6)),"21, 1, 9, 1, 42, 1, 9, 1, 42, 1, 9, 1, 42, 1, 9, 1, 42, 1, 9, 1, 42, 1, 9, 1, 42, 1, 9, 1, 42, 1, 9, 1, 42, 1, 9, 1, 42, 1, 9, 1, 42, 1, 9, 1, 42, 1, 9, 1, 42, 1, 9, 1, 42, 1, 9, 1, 42, 1, 9, 1, 42, 1, 9, 1, 42, 1, 9, 1, 42, 1, 9, 1, 42, 1, 9, 1, 42, 1, 9, 1, 42, 1, 9, 1"
A040448,mul x_0_6 abs idiv INT- 8 n,(x_0_6 mul abs((-8 idiv n))),"21, 1, 2, 8, 2, 1, 42, 1, 2, 8, 2, 1, 42, 1, 2, 8, 2, 1, 42, 1, 2, 8, 2, 1, 42, 1, 2, 8, 2, 1, 42, 1, 2, 8, 2, 1, 42, 1, 2, 8, 2, 1, 42, 1, 2, 8, 2, 1, 42, 1, 2, 8, 2, 1, 42, 1, 2, 8, 2, 1, 42, 1, 2, 8, 2, 1, 42, 1, 2, 8, 2, 1, 42, 1, 2, 8, 2, 1, 42, 1, 2, 8, 2, 1, 42, 1, 2"
A040414,idiv x_0_4 sign x_0_6,(x_0_4 idiv sign(x_0_6)),"20, 1, 5, 1, 40, 1, 5, 1, 40, 1, 5, 1, 40, 1, 5, 1, 40, 1, 5, 1, 40, 1, 5, 1, 40, 1, 5, 1, 40, 1, 5, 1, 40, 1, 5, 1, 40, 1, 5, 1, 40, 1, 5, 1, 40, 1, 5, 1, 40, 1, 5, 1, 40, 1, 5, 1, 40, 1, 5, 1, 40, 1, 5, 1, 40, 1, 5, 1, 40, 1, 5, 1, 40, 1, 5, 1, 40, 1, 5, 1, 40, 1, 5, 1"
A040460,mul x_0_4 add idiv INT+ 5 n sign x_0_6,(x_0_4 mul ((5 idiv n) add sign(x_0_6))),"21, 1, 20, 1, 42, 1, 20, 1, 42, 1, 20, 1, 42, 1, 20, 1, 42, 1, 20, 1, 42, 1, 20, 1, 42, 1, 20, 1, 42, 1, 20, 1, 42, 1, 20, 1, 42, 1, 20, 1, 42, 1, 20, 1, 42, 1, 20, 1, 42, 1, 20, 1, 42, 1, 20, 1, 42, 1, 20, 1, 42, 1, 20, 1, 42, 1, 20, 1, 42, 1, 20, 1, 42, 1, 20"
A040416,mul x_0_6 abs idiv INT- 8 n,(x_0_6 mul abs((-8 idiv n))),"20, 1, 9, 2, 9, 1, 40, 1, 9, 2, 9, 1, 40, 1, 9, 2, 9, 1, 40, 1, 9, 2, 9, 1, 40, 1, 9, 2, 9, 1, 40, 1, 9, 2, 9, 1, 40, 1, 9, 2, 9, 1, 40, 1, 9, 2, 9, 1, 40, 1, 9, 2, 9, 1, 40, 1, 9, 2, 9, 1, 40, 1, 9, 2, 9, 1, 40, 1, 9, 2, 9, 1, 40, 1, 9, 2, 9, 1, 40, 1, 9, 2, 9, 1, 40, 1, 9"
A040413,idiv x_0_4 sign x_0_6,(x_0_4 idiv sign(x_0_6)),"20, 1, 4, 1, 40, 1, 4, 1, 40, 1, 4, 1, 40, 1, 4, 1, 40, 1, 4, 1, 40, 1, 4, 1, 40, 1, 4, 1, 40, 1, 4, 1, 40, 1, 4, 1, 40, 1, 4, 1, 40, 1, 4, 1, 40, 1, 4, 1, 40, 1, 4, 1, 40, 1, 4, 1, 40, 1, 4, 1, 40, 1, 4, 1, 40, 1, 4, 1, 40, 1, 4, 1, 40, 1, 4, 1, 40, 1, 4, 1, 40, 1, 4, 1"
A040418,idiv x_0_4 sign x_0_6,(x_0_4 idiv sign(x_0_6)),"20, 1, 19, 1, 40, 1, 19, 1, 40, 1, 19, 1, 40, 1, 19, 1, 40, 1, 19, 1, 40, 1, 19, 1, 40, 1, 19, 1, 40, 1, 19, 1, 40, 1, 19, 1, 40, 1, 19, 1, 40, 1, 19, 1, 40, 1, 19, 1, 40, 1, 19, 1, 40, 1, 19, 1, 40, 1, 19, 1, 40, 1, 19, 1, 40, 1, 19, 1, 40, 1, 19, 1, 40, 1, 19"
A040422,add x_0_2 mul idiv INT+ 3 n x_0_6,(x_0_2 add ((3 idiv n) mul x_0_6)),"21, 14, 42, 14, 42, 14, 42, 14, 42, 14, 42, 14, 42, 14, 42, 14, 42, 14, 42, 14, 42, 14, 42, 14, 42, 14, 42, 14, 42, 14, 42, 14, 42, 14, 42, 14, 42, 14, 42, 14, 42, 14, 42, 14, 42, 14, 42, 14, 42, 14, 42, 14, 42, 14, 42, 14, 42, 14, 42, 14, 42, 14, 42"
A040434,mul x_0_6 abs idiv INT- 8 n,(x_0_6 mul abs((-8 idiv n))),"21, 2, 1, 4, 1, 2, 42, 2, 1, 4, 1, 2, 42, 2, 1, 4, 1, 2, 42, 2, 1, 4, 1, 2, 42, 2, 1, 4, 1, 2, 42, 2, 1, 4, 1, 2, 42, 2, 1, 4, 1, 2, 42, 2, 1, 4, 1, 2, 42, 2, 1, 4, 1, 2, 42, 2, 1, 4, 1, 2, 42, 2, 1, 4, 1, 2, 42, 2, 1, 4, 1, 2, 42, 2, 1, 4, 1, 2, 42, 2, 1, 4, 1, 2, 42, 2, 1"
A040502,mul x_0_6 abs idiv INT- 8 n,(x_0_6 mul abs((-8 idiv n))),"22, 1, 10, 2, 10, 1, 44, 1, 10, 2, 10, 1, 44, 1, 10, 2, 10, 1, 44, 1, 10, 2, 10, 1, 44, 1, 10, 2, 10, 1, 44, 1, 10, 2, 10, 1, 44, 1, 10, 2, 10, 1, 44, 1, 10, 2, 10, 1, 44, 1, 10, 2, 10, 1, 44, 1, 10, 2, 10, 1, 44, 1, 10, 2, 10, 1, 44, 1, 10, 2, 10, 1, 44, 1, 10"
A040425,mul x_0_2 sign x_0_6,(x_0_2 mul sign(x_0_6)),"21, 7, 42, 7, 42, 7, 42, 7, 42, 7, 42, 7, 42, 7, 42, 7, 42, 7, 42, 7, 42, 7, 42, 7, 42, 7, 42, 7, 42, 7, 42, 7, 42, 7, 42, 7, 42, 7, 42, 7, 42, 7, 42, 7, 42, 7, 42, 7, 42, 7, 42, 7, 42, 7, 42, 7, 42, 7, 42, 7, 42, 7, 42, 7, 42, 7, 42, 7, 42, 7, 42, 7, 42, 7, 42"
A040433,add x_0_2 mul idiv INT+ 6 n x_0_6,(x_0_2 add ((6 idiv n) mul x_0_6)),"21, 3, 42, 3, 42, 3, 42, 3, 42, 3, 42, 3, 42, 3, 42, 3, 42, 3, 42, 3, 42, 3, 42, 3, 42, 3, 42, 3, 42, 3, 42, 3, 42, 3, 42, 3, 42, 3, 42, 3, 42, 3, 42, 3, 42, 3, 42, 3, 42, 3, 42, 3, 42, 3, 42, 3, 42, 3, 42, 3, 42, 3, 42, 3, 42, 3, 42, 3, 42, 3, 42, 3, 42, 3, 42"
A040426,add x_0_2 mul idiv INT+ 6 n x_0_6,(x_0_2 add ((6 idiv n) mul x_0_6)),"21, 6, 42, 6, 42, 6, 42, 6, 42, 6, 42, 6, 42, 6, 42, 6, 42, 6, 42, 6, 42, 6, 42, 6, 42, 6, 42, 6, 42, 6, 42, 6, 42, 6, 42, 6, 42, 6, 42, 6, 42, 6, 42, 6, 42, 6, 42, 6, 42, 6, 42, 6, 42, 6, 42, 6, 42, 6, 42, 6, 42, 6, 42, 6, 42, 6, 42, 6, 42, 6, 42, 6, 42, 6, 42"
A040481,mul x_0_4 sign x_0_6,(x_0_4 mul sign(x_0_6)),"22, 2, 4, 2, 44, 2, 4, 2, 44, 2, 4, 2, 44, 2, 4, 2, 44, 2, 4, 2, 44, 2, 4, 2, 44, 2, 4, 2, 44, 2, 4, 2, 44, 2, 4, 2, 44, 2, 4, 2, 44, 2, 4, 2, 44, 2, 4, 2, 44, 2, 4, 2, 44, 2, 4, 2, 44, 2, 4, 2, 44, 2, 4, 2, 44, 2, 4, 2, 44, 2, 4, 2, 44, 2, 4, 2, 44, 2, 4, 2, 44, 2, 4, 2"
A040484,mul x_0_6 abs idiv INT- 8 n,(x_0_6 mul abs((-8 idiv n))),"22, 1, 1, 14, 1, 1, 44, 1, 1, 14, 1, 1, 44, 1, 1, 14, 1, 1, 44, 1, 1, 14, 1, 1, 44, 1, 1, 14, 1, 1, 44, 1, 1, 14, 1, 1, 44, 1, 1, 14, 1, 1, 44, 1, 1, 14, 1, 1, 44, 1, 1, 14, 1, 1, 44, 1, 1, 14, 1, 1, 44, 1, 1, 14, 1, 1, 44, 1, 1, 14, 1, 1, 44, 1, 1, 14, 1, 1, 44, 1, 1"
A040505,add x_0_2 mul idiv INT+ 1 0 add n mod INT+ 4 n add n x_0_6,(x_0_2 add ((10 idiv (n add (4 mod n))) mul (n add x_0_6))),"22, 1, 44, 1, 44, 1, 44, 1, 44, 1, 44, 1, 44, 1, 44, 1, 44, 1, 44, 1, 44, 1, 44, 1, 44, 1, 44, 1, 44, 1, 44, 1, 44, 1, 44, 1, 44, 1, 44, 1, 44, 1, 44, 1, 44, 1, 44, 1, 44, 1, 44, 1, 44, 1, 44, 1, 44, 1, 44, 1, 44, 1, 44, 1, 44, 1, 44, 1, 44, 1, 44, 1, 44, 1, 44"
A040487,mul x_0_6 abs idiv INT- 8 n,(x_0_6 mul abs((-8 idiv n))),"22, 1, 1, 2, 1, 1, 44, 1, 1, 2, 1, 1, 44, 1, 1, 2, 1, 1, 44, 1, 1, 2, 1, 1, 44, 1, 1, 2, 1, 1, 44, 1, 1, 2, 1, 1, 44, 1, 1, 2, 1, 1, 44, 1, 1, 2, 1, 1, 44, 1, 1, 2, 1, 1, 44, 1, 1, 2, 1, 1, 44, 1, 1, 2, 1, 1, 44, 1, 1, 2, 1, 1, 44, 1, 1, 2, 1, 1, 44, 1, 1, 2, 1, 1, 44, 1, 1"
A040482,mul x_0_4 sign x_0_6,(x_0_4 mul sign(x_0_6)),"22, 2, 8, 2, 44, 2, 8, 2, 44, 2, 8, 2, 44, 2, 8, 2, 44, 2, 8, 2, 44, 2, 8, 2, 44, 2, 8, 2, 44, 2, 8, 2, 44, 2, 8, 2, 44, 2, 8, 2, 44, 2, 8, 2, 44, 2, 8, 2, 44, 2, 8, 2, 44, 2, 8, 2, 44, 2, 8, 2, 44, 2, 8, 2, 44, 2, 8, 2, 44, 2, 8, 2, 44, 2, 8, 2, 44, 2, 8, 2, 44, 2, 8, 2"
A040483,mod x_0_2 add n mul n mul n sign x_0_6,(x_0_2 mod (n add (n mul (n mul sign(x_0_6))))),"22, 2, 44, 2, 44, 2, 44, 2, 44, 2, 44, 2, 44, 2, 44, 2, 44, 2, 44, 2, 44, 2, 44, 2, 44, 2, 44, 2, 44, 2, 44, 2, 44, 2, 44, 2, 44, 2, 44, 2, 44, 2, 44, 2, 44, 2, 44, 2, 44, 2, 44, 2, 44, 2, 44, 2, 44, 2, 44, 2, 44, 2, 44, 2, 44, 2, 44, 2, 44, 2, 44, 2, 44, 2, 44"
A040472,mul x_0_2 sign x_0_6,(x_0_2 mul sign(x_0_6)),"22, 4, 44, 4, 44, 4, 44, 4, 44, 4, 44, 4, 44, 4, 44, 4, 44, 4, 44, 4, 44, 4, 44, 4, 44, 4, 44, 4, 44, 4, 44, 4, 44, 4, 44, 4, 44, 4, 44, 4, 44, 4, 44, 4, 44, 4, 44, 4, 44, 4, 44, 4, 44, 4, 44, 4, 44, 4, 44, 4, 44, 4, 44, 4, 44, 4, 44, 4, 44, 4, 44, 4, 44, 4, 44"
A040565,mul x_0_6 abs idiv INT- 8 n,(x_0_6 mul abs((-8 idiv n))),"24, 3, 2, 4, 2, 3, 48, 3, 2, 4, 2, 3, 48, 3, 2, 4, 2, 3, 48, 3, 2, 4, 2, 3, 48, 3, 2, 4, 2, 3, 48, 3, 2, 4, 2, 3, 48, 3, 2, 4, 2, 3, 48, 3, 2, 4, 2, 3, 48, 3, 2, 4, 2, 3, 48, 3, 2, 4, 2, 3, 48, 3, 2, 4, 2, 3, 48, 3, 2, 4, 2, 3, 48, 3, 2, 4, 2, 3, 48, 3, 2, 4, 2, 3, 48, 3, 2"
A040536,idiv x_0_4 sign x_0_6,(x_0_4 idiv sign(x_0_6)),"23, 1, 1, 1, 46, 1, 1, 1, 46, 1, 1, 1, 46, 1, 1, 1, 46, 1, 1, 1, 46, 1, 1, 1, 46, 1, 1, 1, 46, 1, 1, 1, 46, 1, 1, 1, 46, 1, 1, 1, 46, 1, 1, 1, 46, 1, 1, 1, 46, 1, 1, 1, 46, 1, 1, 1, 46, 1, 1, 1, 46, 1, 1, 1, 46, 1, 1, 1, 46, 1, 1, 1, 46, 1, 1, 1, 46, 1, 1, 1, 46, 1, 1, 1"
A040533,idiv x_0_5 sign x_0_6,(x_0_5 idiv sign(x_0_6)),"23, 1, 1, 1, 1, 46, 1, 1, 1, 1, 46, 1, 1, 1, 1, 46, 1, 1, 1, 1, 46, 1, 1, 1, 1, 46, 1, 1, 1, 1, 46, 1, 1, 1, 1, 46, 1, 1, 1, 1, 46, 1, 1, 1, 1, 46, 1, 1, 1, 1, 46, 1, 1, 1, 1, 46, 1, 1, 1, 1, 46, 1, 1, 1, 1, 46, 1, 1, 1, 1, 46, 1, 1, 1, 1, 46, 1, 1, 1, 1, 46, 1, 1, 1, 1"
A040606,mul x_0_4 sign x_0_6,(x_0_4 mul sign(x_0_6)),"25, 7, 6, 7, 50, 7, 6, 7, 50, 7, 6, 7, 50, 7, 6, 7, 50, 7, 6, 7, 50, 7, 6, 7, 50, 7, 6, 7, 50, 7, 6, 7, 50, 7, 6, 7, 50, 7, 6, 7, 50, 7, 6, 7, 50, 7, 6, 7, 50, 7, 6, 7, 50, 7, 6, 7, 50, 7, 6, 7, 50, 7, 6, 7, 50, 7, 6, 7, 50, 7, 6, 7, 50, 7, 6, 7, 50, 7, 6, 7, 50, 7, 6, 7"
A040609,mul x_0_4 sign x_0_6,(x_0_4 mul sign(x_0_6)),"25, 5, 50, 5, 50, 5, 50, 5, 50, 5, 50, 5, 50, 5, 50, 5, 50, 5, 50, 5, 50, 5, 50, 5, 50, 5, 50, 5, 50, 5, 50, 5, 50, 5, 50, 5, 50, 5, 50, 5, 50, 5, 50, 5, 50, 5, 50, 5, 50, 5, 50, 5, 50, 5, 50, 5, 50, 5, 50, 5, 50, 5, 50, 5, 50, 5, 50, 5, 50, 5, 50, 5, 50, 5, 50"
A040543,mul x_0_6 abs idiv INT- 8 n,(x_0_6 mul abs((-8 idiv n))),"23, 1, 4, 3, 4, 1, 46, 1, 4, 3, 4, 1, 46, 1, 4, 3, 4, 1, 46, 1, 4, 3, 4, 1, 46, 1, 4, 3, 4, 1, 46, 1, 4, 3, 4, 1, 46, 1, 4, 3, 4, 1, 46, 1, 4, 3, 4, 1, 46, 1, 4, 3, 4, 1, 46, 1, 4, 3, 4, 1, 46, 1, 4, 3, 4, 1, 46, 1, 4, 3, 4, 1, 46, 1, 4, 3, 4, 1, 46, 1, 4, 3, 4, 1, 46, 1, 4"
A040546,idiv x_0_4 sign x_0_6,(x_0_4 idiv sign(x_0_6)),"23, 1, 6, 1, 46, 1, 6, 1, 46, 1, 6, 1, 46, 1, 6, 1, 46, 1, 6, 1, 46, 1, 6, 1, 46, 1, 6, 1, 46, 1, 6, 1, 46, 1, 6, 1, 46, 1, 6, 1, 46, 1, 6, 1, 46, 1, 6, 1, 46, 1, 6, 1, 46, 1, 6, 1, 46, 1, 6, 1, 46, 1, 6, 1, 46, 1, 6, 1, 46, 1, 6, 1, 46, 1, 6, 1, 46, 1, 6, 1, 46, 1, 6, 1"
A040548,idiv x_0_4 sign x_0_6,(x_0_4 idiv sign(x_0_6)),"23, 1, 10, 1, 46, 1, 10, 1, 46, 1, 10, 1, 46, 1, 10, 1, 46, 1, 10, 1, 46, 1, 10, 1, 46, 1, 10, 1, 46, 1, 10, 1, 46, 1, 10, 1, 46, 1, 10, 1, 46, 1, 10, 1, 46, 1, 10, 1, 46, 1, 10, 1, 46, 1, 10, 1, 46, 1, 10, 1, 46, 1, 10, 1, 46, 1, 10, 1, 46, 1, 10, 1, 46, 1, 10"
A040620,idiv x_0_4 sign x_0_6,(x_0_4 idiv sign(x_0_6)),"25, 2, 2, 2, 50, 2, 2, 2, 50, 2, 2, 2, 50, 2, 2, 2, 50, 2, 2, 2, 50, 2, 2, 2, 50, 2, 2, 2, 50, 2, 2, 2, 50, 2, 2, 2, 50, 2, 2, 2, 50, 2, 2, 2, 50, 2, 2, 2, 50, 2, 2, 2, 50, 2, 2, 2, 50, 2, 2, 2, 50, 2, 2, 2, 50, 2, 2, 2, 50, 2, 2, 2, 50, 2, 2, 2, 50, 2, 2, 2, 50, 2, 2, 2"
A040593,mul x_0_6 abs idiv INT- 8 n,(x_0_6 mul abs((-8 idiv n))),"24, 1, 6, 8, 6, 1, 48, 1, 6, 8, 6, 1, 48, 1, 6, 8, 6, 1, 48, 1, 6, 8, 6, 1, 48, 1, 6, 8, 6, 1, 48, 1, 6, 8, 6, 1, 48, 1, 6, 8, 6, 1, 48, 1, 6, 8, 6, 1, 48, 1, 6, 8, 6, 1, 48, 1, 6, 8, 6, 1, 48, 1, 6, 8, 6, 1, 48, 1, 6, 8, 6, 1, 48, 1, 6, 8, 6, 1, 48, 1, 6, 8, 6, 1, 48, 1, 6"
A040595,mul x_0_4 sign x_0_6,(x_0_4 mul sign(x_0_6)),"24, 1, 8, 1, 48, 1, 8, 1, 48, 1, 8, 1, 48, 1, 8, 1, 48, 1, 8, 1, 48, 1, 8, 1, 48, 1, 8, 1, 48, 1, 8, 1, 48, 1, 8, 1, 48, 1, 8, 1, 48, 1, 8, 1, 48, 1, 8, 1, 48, 1, 8, 1, 48, 1, 8, 1, 48, 1, 8, 1, 48, 1, 8, 1, 48, 1, 8, 1, 48, 1, 8, 1, 48, 1, 8, 1, 48, 1, 8, 1, 48, 1, 8, 1"
A040577,mul x_0_6 abs idiv INT- 8 n,(x_0_6 mul abs((-8 idiv n))),"24, 1, 1, 6, 1, 1, 48, 1, 1, 6, 1, 1, 48, 1, 1, 6, 1, 1, 48, 1, 1, 6, 1, 1, 48, 1, 1, 6, 1, 1, 48, 1, 1, 6, 1, 1, 48, 1, 1, 6, 1, 1, 48, 1, 1, 6, 1, 1, 48, 1, 1, 6, 1, 1, 48, 1, 1, 6, 1, 1, 48, 1, 1, 6, 1, 1, 48, 1, 1, 6, 1, 1, 48, 1, 1, 6, 1, 1, 48, 1, 1, 6, 1, 1, 48, 1, 1"
A040599,idiv mul INT- 6 INT- 8 mul x_0_1 sign x_0_6,((-6 mul -8) idiv (x_0_1 mul sign(x_0_6))),"24, 1, 48, 1, 48, 1, 48, 1, 48, 1, 48, 1, 48, 1, 48, 1, 48, 1, 48, 1, 48, 1, 48, 1, 48, 1, 48, 1, 48, 1, 48, 1, 48, 1, 48, 1, 48, 1, 48, 1, 48, 1, 48, 1, 48, 1, 48, 1, 48, 1, 48, 1, 48, 1, 48, 1, 48, 1, 48, 1, 48, 1, 48, 1, 48, 1, 48, 1, 48, 1, 48, 1, 48, 1, 48"
A040604,idiv x_0_2 sign x_0_6,(x_0_2 idiv sign(x_0_6)),"25, 10, 50, 10, 50, 10, 50, 10, 50, 10, 50, 10, 50, 10, 50, 10, 50, 10, 50, 10, 50, 10, 50, 10, 50, 10, 50, 10, 50, 10, 50, 10, 50, 10, 50, 10, 50, 10, 50, 10, 50, 10, 50, 10, 50, 10, 50, 10, 50, 10, 50, 10, 50, 10, 50, 10, 50, 10, 50, 10, 50, 10, 50"
A040663,mul x_0_6 abs idiv INT- 8 n,(x_0_6 mul abs((-8 idiv n))),"26, 3, 1, 2, 1, 3, 52, 3, 1, 2, 1, 3, 52, 3, 1, 2, 1, 3, 52, 3, 1, 2, 1, 3, 52, 3, 1, 2, 1, 3, 52, 3, 1, 2, 1, 3, 52, 3, 1, 2, 1, 3, 52, 3, 1, 2, 1, 3, 52, 3, 1, 2, 1, 3, 52, 3, 1, 2, 1, 3, 52, 3, 1, 2, 1, 3, 52, 3, 1, 2, 1, 3, 52, 3, 1, 2, 1, 3, 52, 3, 1, 2, 1, 3, 52, 3, 1"
A040590,mul x_0_4 sign x_0_6,(x_0_4 mul sign(x_0_6)),"24, 1, 3, 1, 48, 1, 3, 1, 48, 1, 3, 1, 48, 1, 3, 1, 48, 1, 3, 1, 48, 1, 3, 1, 48, 1, 3, 1, 48, 1, 3, 1, 48, 1, 3, 1, 48, 1, 3, 1, 48, 1, 3, 1, 48, 1, 3, 1, 48, 1, 3, 1, 48, 1, 3, 1, 48, 1, 3, 1, 48, 1, 3, 1, 48, 1, 3, 1, 48, 1, 3, 1, 48, 1, 3, 1, 48, 1, 3, 1, 48, 1, 3, 1"
A040662,add x_0_2 mul idiv INT+ 3 n x_0_6,(x_0_2 add ((3 idiv n) mul x_0_6)),"26, 4, 52, 4, 52, 4, 52, 4, 52, 4, 52, 4, 52, 4, 52, 4, 52, 4, 52, 4, 52, 4, 52, 4, 52, 4, 52, 4, 52, 4, 52, 4, 52, 4, 52, 4, 52, 4, 52, 4, 52, 4, 52, 4, 52, 4, 52, 4, 52, 4, 52, 4, 52, 4, 52, 4, 52, 4, 52, 4, 52, 4, 52, 4, 52, 4, 52, 4, 52, 4, 52, 4, 52, 4, 52"
A040685,mul x_0_6 abs idiv INT- 8 n,(x_0_6 mul abs((-8 idiv n))),"26, 1, 2, 6, 2, 1, 52, 1, 2, 6, 2, 1, 52, 1, 2, 6, 2, 1, 52, 1, 2, 6, 2, 1, 52, 1, 2, 6, 2, 1, 52, 1, 2, 6, 2, 1, 52, 1, 2, 6, 2, 1, 52, 1, 2, 6, 2, 1, 52, 1, 2, 6, 2, 1, 52, 1, 2, 6, 2, 1, 52, 1, 2, 6, 2, 1, 52, 1, 2, 6, 2, 1, 52, 1, 2, 6, 2, 1, 52, 1, 2, 6, 2, 1, 52, 1, 2"
A040684,idiv x_0_4 sign x_0_6,(x_0_4 idiv sign(x_0_6)),"26, 1, 1, 1, 52, 1, 1, 1, 52, 1, 1, 1, 52, 1, 1, 1, 52, 1, 1, 1, 52, 1, 1, 1, 52, 1, 1, 1, 52, 1, 1, 1, 52, 1, 1, 1, 52, 1, 1, 1, 52, 1, 1, 1, 52, 1, 1, 1, 52, 1, 1, 1, 52, 1, 1, 1, 52, 1, 1, 1, 52, 1, 1, 1, 52, 1, 1, 1, 52, 1, 1, 1, 52, 1, 1, 1, 52, 1, 1, 1, 52, 1, 1, 1"
A040637,idiv x_0_4 sign x_0_6,(x_0_4 idiv sign(x_0_6)),"25, 1, 2, 1, 50, 1, 2, 1, 50, 1, 2, 1, 50, 1, 2, 1, 50, 1, 2, 1, 50, 1, 2, 1, 50, 1, 2, 1, 50, 1, 2, 1, 50, 1, 2, 1, 50, 1, 2, 1, 50, 1, 2, 1, 50, 1, 2, 1, 50, 1, 2, 1, 50, 1, 2, 1, 50, 1, 2, 1, 50, 1, 2, 1, 50, 1, 2, 1, 50, 1, 2, 1, 50, 1, 2, 1, 50, 1, 2, 1, 50, 1, 2, 1"
A040646,idiv x_0_4 sign x_0_6,(x_0_4 idiv sign(x_0_6)),"25, 1, 11, 1, 50, 1, 11, 1, 50, 1, 11, 1, 50, 1, 11, 1, 50, 1, 11, 1, 50, 1, 11, 1, 50, 1, 11, 1, 50, 1, 11, 1, 50, 1, 11, 1, 50, 1, 11, 1, 50, 1, 11, 1, 50, 1, 11, 1, 50, 1, 11, 1, 50, 1, 11, 1, 50, 1, 11, 1, 50, 1, 11, 1, 50, 1, 11, 1, 50, 1, 11, 1, 50, 1, 11"
A040719,add x_0_2 mul idiv INT+ 3 n x_0_6,(x_0_2 add ((3 idiv n) mul x_0_6)),"27, 3, 54, 3, 54, 3, 54, 3, 54, 3, 54, 3, 54, 3, 54, 3, 54, 3, 54, 3, 54, 3, 54, 3, 54, 3, 54, 3, 54, 3, 54, 3, 54, 3, 54, 3, 54, 3, 54, 3, 54, 3, 54, 3, 54, 3, 54, 3, 54, 3, 54, 3, 54, 3, 54, 3, 54, 3, 54, 3, 54, 3, 54, 3, 54, 3, 54, 3, 54, 3, 54, 3, 54, 3, 54"
A040696,idiv x_0_4 sign x_0_6,(x_0_4 idiv sign(x_0_6)),"26, 1, 7, 1, 52, 1, 7, 1, 52, 1, 7, 1, 52, 1, 7, 1, 52, 1, 7, 1, 52, 1, 7, 1, 52, 1, 7, 1, 52, 1, 7, 1, 52, 1, 7, 1, 52, 1, 7, 1, 52, 1, 7, 1, 52, 1, 7, 1, 52, 1, 7, 1, 52, 1, 7, 1, 52, 1, 7, 1, 52, 1, 7, 1, 52, 1, 7, 1, 52, 1, 7, 1, 52, 1, 7, 1, 52, 1, 7, 1, 52, 1, 7, 1"
A040742,idiv x_0_4 sign x_0_6,(x_0_4 idiv sign(x_0_6)),"27, 1, 2, 1, 54, 1, 2, 1, 54, 1, 2, 1, 54, 1, 2, 1, 54, 1, 2, 1, 54, 1, 2, 1, 54, 1, 2, 1, 54, 1, 2, 1, 54, 1, 2, 1, 54, 1, 2, 1, 54, 1, 2, 1, 54, 1, 2, 1, 54, 1, 2, 1, 54, 1, 2, 1, 54, 1, 2, 1, 54, 1, 2, 1, 54, 1, 2, 1, 54, 1, 2, 1, 54, 1, 2, 1, 54, 1, 2, 1, 54, 1, 2, 1"
A040705,idiv x_0_5 sign x_0_6,(x_0_5 idiv sign(x_0_6)),"27, 13, 1, 1, 13, 54, 13, 1, 1, 13, 54, 13, 1, 1, 13, 54, 13, 1, 1, 13, 54, 13, 1, 1, 13, 54, 13, 1, 1, 13, 54, 13, 1, 1, 13, 54, 13, 1, 1, 13, 54, 13, 1, 1, 13, 54, 13, 1, 1, 13, 54, 13, 1, 1, 13, 54, 13, 1, 1, 13, 54, 13, 1, 1, 13, 54, 13, 1, 1, 13, 54, 13"
A040693,idiv x_0_4 sign x_0_6,(x_0_4 idiv sign(x_0_6)),"26, 1, 4, 1, 52, 1, 4, 1, 52, 1, 4, 1, 52, 1, 4, 1, 52, 1, 4, 1, 52, 1, 4, 1, 52, 1, 4, 1, 52, 1, 4, 1, 52, 1, 4, 1, 52, 1, 4, 1, 52, 1, 4, 1, 52, 1, 4, 1, 52, 1, 4, 1, 52, 1, 4, 1, 52, 1, 4, 1, 52, 1, 4, 1, 52, 1, 4, 1, 52, 1, 4, 1, 52, 1, 4, 1, 52, 1, 4, 1, 52, 1, 4, 1"
A040704,add x_0_2 mul idiv INT+ 3 n x_0_6,(x_0_2 add ((3 idiv n) mul x_0_6)),"27, 18, 54, 18, 54, 18, 54, 18, 54, 18, 54, 18, 54, 18, 54, 18, 54, 18, 54, 18, 54, 18, 54, 18, 54, 18, 54, 18, 54, 18, 54, 18, 54, 18, 54, 18, 54, 18, 54, 18, 54, 18, 54, 18, 54, 18, 54, 18, 54, 18, 54, 18, 54, 18, 54, 18, 54, 18, 54, 18, 54, 18, 54"
A040712,mul x_0_6 abs idiv INT- 8 n,(x_0_6 mul abs((-8 idiv n))),"27, 4, 1, 12, 1, 4, 54, 4, 1, 12, 1, 4, 54, 4, 1, 12, 1, 4, 54, 4, 1, 12, 1, 4, 54, 4, 1, 12, 1, 4, 54, 4, 1, 12, 1, 4, 54, 4, 1, 12, 1, 4, 54, 4, 1, 12, 1, 4, 54, 4, 1, 12, 1, 4, 54, 4, 1, 12, 1, 4, 54, 4, 1, 12, 1, 4, 54, 4, 1, 12, 1, 4, 54, 4, 1, 12, 1, 4, 54, 4, 1"
A040749,idiv x_0_4 sign x_0_6,(x_0_4 idiv sign(x_0_6)),"27, 1, 6, 1, 54, 1, 6, 1, 54, 1, 6, 1, 54, 1, 6, 1, 54, 1, 6, 1, 54, 1, 6, 1, 54, 1, 6, 1, 54, 1, 6, 1, 54, 1, 6, 1, 54, 1, 6, 1, 54, 1, 6, 1, 54, 1, 6, 1, 54, 1, 6, 1, 54, 1, 6, 1, 54, 1, 6, 1, 54, 1, 6, 1, 54, 1, 6, 1, 54, 1, 6, 1, 54, 1, 6, 1, 54, 1, 6, 1, 54, 1, 6, 1"
A040748,idiv x_0_4 sign x_0_6,(x_0_4 idiv sign(x_0_6)),"27, 1, 5, 1, 54, 1, 5, 1, 54, 1, 5, 1, 54, 1, 5, 1, 54, 1, 5, 1, 54, 1, 5, 1, 54, 1, 5, 1, 54, 1, 5, 1, 54, 1, 5, 1, 54, 1, 5, 1, 54, 1, 5, 1, 54, 1, 5, 1, 54, 1, 5, 1, 54, 1, 5, 1, 54, 1, 5, 1, 54, 1, 5, 1, 54, 1, 5, 1, 54, 1, 5, 1, 54, 1, 5, 1, 54, 1, 5, 1, 54, 1, 5, 1"
A040799,mul x_0_6 abs idiv INT- 8 n,(x_0_6 mul abs((-8 idiv n))),"28, 1, 3, 2, 3, 1, 56, 1, 3, 2, 3, 1, 56, 1, 3, 2, 3, 1, 56, 1, 3, 2, 3, 1, 56, 1, 3, 2, 3, 1, 56, 1, 3, 2, 3, 1, 56, 1, 3, 2, 3, 1, 56, 1, 3, 2, 3, 1, 56, 1, 3, 2, 3, 1, 56, 1, 3, 2, 3, 1, 56, 1, 3, 2, 3, 1, 56, 1, 3, 2, 3, 1, 56, 1, 3, 2, 3, 1, 56, 1, 3, 2, 3, 1, 56, 1, 3"
A040754,idiv x_0_4 sign x_0_6,(x_0_4 idiv sign(x_0_6)),"27, 1, 26, 1, 54, 1, 26, 1, 54, 1, 26, 1, 54, 1, 26, 1, 54, 1, 26, 1, 54, 1, 26, 1, 54, 1, 26, 1, 54, 1, 26, 1, 54, 1, 26, 1, 54, 1, 26, 1, 54, 1, 26, 1, 54, 1, 26, 1, 54, 1, 26, 1, 54, 1, 26, 1, 54, 1, 26, 1, 54, 1, 26, 1, 54, 1, 26, 1, 54, 1, 26, 1, 54, 1, 26"
A040763,mod x_0_2 mul INT+ 7 add mul n n x_0_6,(x_0_2 mod (7 mul ((n mul n) add x_0_6))),"28, 7, 56, 7, 56, 7, 56, 7, 56, 7, 56, 7, 56, 7, 56, 7, 56, 7, 56, 7, 56, 7, 56, 7, 56, 7, 56, 7, 56, 7, 56, 7, 56, 7, 56, 7, 56, 7, 56, 7, 56, 7, 56, 7, 56, 7, 56, 7, 56, 7, 56, 7, 56, 7, 56, 7, 56, 7, 56, 7, 56, 7, 56, 7, 56, 7, 56, 7, 56, 7, 56, 7, 56, 7, 56"
A040766,mul x_0_4 sign x_0_6,(x_0_4 mul sign(x_0_6)),"28, 5, 9, 5, 56, 5, 9, 5, 56, 5, 9, 5, 56, 5, 9, 5, 56, 5, 9, 5, 56, 5, 9, 5, 56, 5, 9, 5, 56, 5, 9, 5, 56, 5, 9, 5, 56, 5, 9, 5, 56, 5, 9, 5, 56, 5, 9, 5, 56, 5, 9, 5, 56, 5, 9, 5, 56, 5, 9, 5, 56, 5, 9, 5, 56, 5, 9, 5, 56, 5, 9, 5, 56, 5, 9, 5, 56, 5, 9, 5, 56, 5, 9, 5"
A040830,mod x_0_4 add mul n n x_0_6,(x_0_4 mod ((n mul n) add x_0_6)),"29, 3, 14, 3, 58, 3, 14, 3, 58, 3, 14, 3, 58, 3, 14, 3, 58, 3, 14, 3, 58, 3, 14, 3, 58, 3, 14, 3, 58, 3, 14, 3, 58, 3, 14, 3, 58, 3, 14, 3, 58, 3, 14, 3, 58, 3, 14, 3, 58, 3, 14, 3, 58, 3, 14, 3, 58, 3, 14, 3, 58, 3, 14, 3, 58, 3, 14, 3, 58, 3, 14, 3, 58, 3, 14"
A040770,mul x_0_4 sign add n x_0_6,(x_0_4 mul sign((n add x_0_6))),"28, 3, 1, 3, 56, 3, 1, 3, 56, 3, 1, 3, 56, 3, 1, 3, 56, 3, 1, 3, 56, 3, 1, 3, 56, 3, 1, 3, 56, 3, 1, 3, 56, 3, 1, 3, 56, 3, 1, 3, 56, 3, 1, 3, 56, 3, 1, 3, 56, 3, 1, 3, 56, 3, 1, 3, 56, 3, 1, 3, 56, 3, 1, 3, 56, 3, 1, 3, 56, 3, 1, 3, 56, 3, 1, 3, 56, 3, 1, 3, 56, 3, 1, 3"
A040850,idiv x_0_4 sign x_0_6,(x_0_4 idiv sign(x_0_6)),"29, 1, 1, 1, 58, 1, 1, 1, 58, 1, 1, 1, 58, 1, 1, 1, 58, 1, 1, 1, 58, 1, 1, 1, 58, 1, 1, 1, 58, 1, 1, 1, 58, 1, 1, 1, 58, 1, 1, 1, 58, 1, 1, 1, 58, 1, 1, 1, 58, 1, 1, 1, 58, 1, 1, 1, 58, 1, 1, 1, 58, 1, 1, 1, 58, 1, 1, 1, 58, 1, 1, 1, 58, 1, 1, 1, 58, 1, 1, 1, 58, 1, 1, 1"
A040855,idiv x_0_4 sign x_0_6,(x_0_4 idiv sign(x_0_6)),"29, 1, 2, 1, 58, 1, 2, 1, 58, 1, 2, 1, 58, 1, 2, 1, 58, 1, 2, 1, 58, 1, 2, 1, 58, 1, 2, 1, 58, 1, 2, 1, 58, 1, 2, 1, 58, 1, 2, 1, 58, 1, 2, 1, 58, 1, 2, 1, 58, 1, 2, 1, 58, 1, 2, 1, 58, 1, 2, 1, 58, 1, 2, 1, 58, 1, 2, 1, 58, 1, 2, 1, 58, 1, 2, 1, 58, 1, 2, 1, 58, 1, 2, 1"
A040889,mod x_0_4 mul x_0_6 n,(x_0_4 mod (x_0_6 mul n)),"30, 3, 60, 3, 60, 3, 60, 3, 60, 3, 60, 3, 60, 3, 60, 3, 60, 3, 60, 3, 60, 3, 60, 3, 60, 3, 60, 3, 60, 3, 60, 3, 60, 3, 60, 3, 60, 3, 60, 3, 60, 3, 60, 3, 60, 3, 60, 3, 60, 3, 60, 3, 60, 3, 60, 3, 60, 3, 60, 3, 60, 3, 60, 3, 60, 3, 60, 3, 60, 3, 60, 3, 60, 3, 60"
A040892,mul x_0_6 abs idiv INT- 8 n,(x_0_6 mul abs((-8 idiv n))),"30, 2, 1, 1, 1, 2, 60, 2, 1, 1, 1, 2, 60, 2, 1, 1, 1, 2, 60, 2, 1, 1, 1, 2, 60, 2, 1, 1, 1, 2, 60, 2, 1, 1, 1, 2, 60, 2, 1, 1, 1, 2, 60, 2, 1, 1, 1, 2, 60, 2, 1, 1, 1, 2, 60, 2, 1, 1, 1, 2, 60, 2, 1, 1, 1, 2, 60, 2, 1, 1, 1, 2, 60, 2, 1, 1, 1, 2, 60, 2, 1, 1, 1, 2, 60, 2, 1"
A040825,idiv x_0_4 sign x_0_6,(x_0_4 idiv sign(x_0_6)),"29, 4, 6, 4, 58, 4, 6, 4, 58, 4, 6, 4, 58, 4, 6, 4, 58, 4, 6, 4, 58, 4, 6, 4, 58, 4, 6, 4, 58, 4, 6, 4, 58, 4, 6, 4, 58, 4, 6, 4, 58, 4, 6, 4, 58, 4, 6, 4, 58, 4, 6, 4, 58, 4, 6, 4, 58, 4, 6, 4, 58, 4, 6, 4, 58, 4, 6, 4, 58, 4, 6, 4, 58, 4, 6, 4, 58, 4, 6, 4, 58, 4, 6, 4"
A040912,mul x_0_6 abs idiv INT- 8 n,(x_0_6 mul abs((-8 idiv n))),"30, 1, 2, 2, 2, 1, 60, 1, 2, 2, 2, 1, 60, 1, 2, 2, 2, 1, 60, 1, 2, 2, 2, 1, 60, 1, 2, 2, 2, 1, 60, 1, 2, 2, 2, 1, 60, 1, 2, 2, 2, 1, 60, 1, 2, 2, 2, 1, 60, 1, 2, 2, 2, 1, 60, 1, 2, 2, 2, 1, 60, 1, 2, 2, 2, 1, 60, 1, 2, 2, 2, 1, 60, 1, 2, 2, 2, 1, 60, 1, 2, 2, 2, 1, 60, 1, 2"
A040864,idiv x_0_4 sign x_0_6,(x_0_4 idiv sign(x_0_6)),"29, 1, 8, 1, 58, 1, 8, 1, 58, 1, 8, 1, 58, 1, 8, 1, 58, 1, 8, 1, 58, 1, 8, 1, 58, 1, 8, 1, 58, 1, 8, 1, 58, 1, 8, 1, 58, 1, 8, 1, 58, 1, 8, 1, 58, 1, 8, 1, 58, 1, 8, 1, 58, 1, 8, 1, 58, 1, 8, 1, 58, 1, 8, 1, 58, 1, 8, 1, 58, 1, 8, 1, 58, 1, 8, 1, 58, 1, 8, 1, 58, 1, 8, 1"
A040883,mul x_0_5 sign x_0_6,(x_0_5 mul sign(x_0_6)),"30, 4, 3, 3, 4, 60, 4, 3, 3, 4, 60, 4, 3, 3, 4, 60, 4, 3, 3, 4, 60, 4, 3, 3, 4, 60, 4, 3, 3, 4, 60, 4, 3, 3, 4, 60, 4, 3, 3, 4, 60, 4, 3, 3, 4, 60, 4, 3, 3, 4, 60, 4, 3, 3, 4, 60, 4, 3, 3, 4, 60, 4, 3, 3, 4, 60, 4, 3, 3, 4, 60, 4, 3, 3, 4, 60, 4, 3, 3, 4, 60, 4, 3, 3, 4"
A040865,idiv x_0_4 sign x_0_6,(x_0_4 idiv sign(x_0_6)),"29, 1, 10, 1, 58, 1, 10, 1, 58, 1, 10, 1, 58, 1, 10, 1, 58, 1, 10, 1, 58, 1, 10, 1, 58, 1, 10, 1, 58, 1, 10, 1, 58, 1, 10, 1, 58, 1, 10, 1, 58, 1, 10, 1, 58, 1, 10, 1, 58, 1, 10, 1, 58, 1, 10, 1, 58, 1, 10, 1, 58, 1, 10, 1, 58, 1, 10, 1, 58, 1, 10, 1, 58, 1, 10"
A040858,idiv x_0_4 sign x_0_6,(x_0_4 idiv sign(x_0_6)),"29, 1, 3, 1, 58, 1, 3, 1, 58, 1, 3, 1, 58, 1, 3, 1, 58, 1, 3, 1, 58, 1, 3, 1, 58, 1, 3, 1, 58, 1, 3, 1, 58, 1, 3, 1, 58, 1, 3, 1, 58, 1, 3, 1, 58, 1, 3, 1, 58, 1, 3, 1, 58, 1, 3, 1, 58, 1, 3, 1, 58, 1, 3, 1, 58, 1, 3, 1, 58, 1, 3, 1, 58, 1, 3, 1, 58, 1, 3, 1, 58, 1, 3, 1"
A040943,idiv x_0_4 sign x_0_6,(x_0_4 idiv sign(x_0_6)),"31, 4, 2, 4, 62, 4, 2, 4, 62, 4, 2, 4, 62, 4, 2, 4, 62, 4, 2, 4, 62, 4, 2, 4, 62, 4, 2, 4, 62, 4, 2, 4, 62, 4, 2, 4, 62, 4, 2, 4, 62, 4, 2, 4, 62, 4, 2, 4, 62, 4, 2, 4, 62, 4, 2, 4, 62, 4, 2, 4, 62, 4, 2, 4, 62, 4, 2, 4, 62, 4, 2, 4, 62, 4, 2, 4, 62, 4, 2, 4, 62, 4, 2, 4"
A040860,idiv x_0_4 sign x_0_6,(x_0_4 idiv sign(x_0_6)),"29, 1, 4, 1, 58, 1, 4, 1, 58, 1, 4, 1, 58, 1, 4, 1, 58, 1, 4, 1, 58, 1, 4, 1, 58, 1, 4, 1, 58, 1, 4, 1, 58, 1, 4, 1, 58, 1, 4, 1, 58, 1, 4, 1, 58, 1, 4, 1, 58, 1, 4, 1, 58, 1, 4, 1, 58, 1, 4, 1, 58, 1, 4, 1, 58, 1, 4, 1, 58, 1, 4, 1, 58, 1, 4, 1, 58, 1, 4, 1, 58, 1, 4, 1"
A040961,mul x_0_6 abs idiv INT- 8 n,(x_0_6 mul abs((-8 idiv n))),"31, 1, 1, 20, 1, 1, 62, 1, 1, 20, 1, 1, 62, 1, 1, 20, 1, 1, 62, 1, 1, 20, 1, 1, 62, 1, 1, 20, 1, 1, 62, 1, 1, 20, 1, 1, 62, 1, 1, 20, 1, 1, 62, 1, 1, 20, 1, 1, 62, 1, 1, 20, 1, 1, 62, 1, 1, 20, 1, 1, 62, 1, 1, 20, 1, 1, 62, 1, 1, 20, 1, 1, 62, 1, 1, 20, 1, 1, 62, 1, 1"
A040953,idiv x_0_5 sign x_0_6,(x_0_5 idiv sign(x_0_6)),"31, 2, 1, 1, 2, 62, 2, 1, 1, 2, 62, 2, 1, 1, 2, 62, 2, 1, 1, 2, 62, 2, 1, 1, 2, 62, 2, 1, 1, 2, 62, 2, 1, 1, 2, 62, 2, 1, 1, 2, 62, 2, 1, 1, 2, 62, 2, 1, 1, 2, 62, 2, 1, 1, 2, 62, 2, 1, 1, 2, 62, 2, 1, 1, 2, 62, 2, 1, 1, 2, 62, 2, 1, 1, 2, 62, 2, 1, 1, 2, 62, 2, 1, 1, 2"
A040926,mul x_0_6 abs idiv INT- 8 n,(x_0_6 mul abs((-8 idiv n))),"30, 1, 14, 2, 14, 1, 60, 1, 14, 2, 14, 1, 60, 1, 14, 2, 14, 1, 60, 1, 14, 2, 14, 1, 60, 1, 14, 2, 14, 1, 60, 1, 14, 2, 14, 1, 60, 1, 14, 2, 14, 1, 60, 1, 14, 2, 14, 1, 60, 1, 14, 2, 14, 1, 60, 1, 14, 2, 14, 1, 60, 1, 14, 2, 14, 1, 60, 1, 14, 2, 14, 1, 60, 1, 14"
A040928,idiv x_0_4 sign x_0_6,(x_0_4 idiv sign(x_0_6)),"30, 1, 29, 1, 60, 1, 29, 1, 60, 1, 29, 1, 60, 1, 29, 1, 60, 1, 29, 1, 60, 1, 29, 1, 60, 1, 29, 1, 60, 1, 29, 1, 60, 1, 29, 1, 60, 1, 29, 1, 60, 1, 29, 1, 60, 1, 29, 1, 60, 1, 29, 1, 60, 1, 29, 1, 60, 1, 29, 1, 60, 1, 29, 1, 60, 1, 29, 1, 60, 1, 29, 1, 60, 1, 29"
A041022,sub mul INT+ 8 x_0_2 x_0_4,((8 mul x_0_2) sub x_0_4),"3, 4, 27, 31, 213, 244, 1677, 1921, 13203, 15124, 103947, 119071, 818373, 937444, 6443037, 7380481, 50725923, 58106404, 399364347, 457470751, 3144188853, 3601659604, 24754146477, 28355806081"
A071253,add sqr sqr sub n sign n sqr sub n sign n,((((n sub sign(n)))**2)**2 add ((n sub sign(n)))**2),"0, 2, 20, 90, 272, 650, 1332, 2450, 4160, 6642, 10100, 14762, 20880, 28730, 38612, 50850, 65792, 83810, 105300, 130682, 160400, 194922, 234740, 280370, 332352, 391250, 457652, 532170, 615440, 708122, 810900, 924482, 1049600, 1187010, 1337492, 1501850, 1680912"
A250777,mul add x_0_1 INT+ 2 INT+ 2,((x_0_1 add 2) mul 2),"21, 46, 96, 196, 396, 796, 1596, 3196, 6396, 12796, 25596, 51196, 102396, 204796, 409596, 819196, 1638396, 3276796, 6553596, 13107196, 26214396, 52428796, 104857596, 209715196, 419430396, 838860796, 1677721596, 3355443196"
A040930,mod INT- 2 sqr add INT- 8 idiv INT+ 1 0 sqr mul n x_0_6,(-2 mod ((-8 add (10 idiv ((n mul x_0_6))**2)))**2),"31, 62, 62, 62, 62, 62, 62, 62, 62, 62, 62, 62, 62, 62, 62, 62, 62, 62, 62, 62, 62, 62, 62, 62, 62, 62, 62, 62, 62, 62, 62, 62, 62, 62, 62, 62, 62, 62, 62, 62, 62, 62, 62, 62, 62, 62, 62, 62, 62, 62, 62, 62, 62, 62, 62, 62, 62, 62, 62, 62, 62, 62, 62"
A305069,mul INT- 9 sub INT+ 8 mul n sub INT+ 1 0 INT- 3,(-9 mul (8 sub (n mul (10 sub -3)))),"45, 162, 279, 396, 513, 630, 747, 864, 981, 1098, 1215, 1332, 1449, 1566, 1683, 1800, 1917, 2034, 2151, 2268, 2385, 2502, 2619, 2736, 2853, 2970, 3087, 3204, 3321, 3438, 3555, 3672, 3789, 3906, 4023, 4140, 4257, 4374, 4491, 4608, 4725, 4842, 4959, 5076, 5193, 5310, 5427, 5544, 5661, 5778"
A067749,add x_0_1 mul INT+ 1 0 sub INT+ 9 idiv INT- 2 n,(x_0_1 add (10 mul (9 sub (-2 idiv n)))),"87, 187, 287, 387, 487, 587, 687, 787, 887, 987, 1087, 1187, 1287, 1387, 1487, 1587, 1687, 1787, 1887, 1987, 2087, 2187, 2287, 2387, 2487, 2587, 2687, 2787, 2887, 2987, 3087, 3187, 3287, 3387, 3487, 3587, 3687, 3787, 3887, 3987, 4087, 4187, 4287, 4387"
A095003,sub mul INT+ 8 x_0_1 sub x_0_2 INT- 2,((8 mul x_0_1) sub (x_0_2 sub -2)),"1, 6, 45, 352, 2769, 21798, 171613, 1351104, 10637217, 83746630, 659335821, 5190939936, 40868183665, 321754529382, 2533168051389, 19943589881728, 157015551002433, 1236180818137734, 9732430994099437, 76623267134657760, 603253706083162641, 4749406381530643366"
A026484,add INT+ 8 mul x_0_2 sign x_0_6,(8 add (x_0_2 mul sign(x_0_6))),"1, 2, 3, 4, 5, 9, 13, 17, 21, 25, 29, 33, 37, 41, 45, 49, 53, 57, 61, 65, 69, 73, 77, 81, 85, 89, 93, 97, 101, 105"
A007483,add mul x_0_1 INT+ 3 add x_0_2 x_0_2,((x_0_1 mul 3) add (x_0_2 add x_0_2)),"1, 5, 17, 61, 217, 773, 2753, 9805, 34921, 124373, 442961, 1577629, 5618809, 20011685, 71272673, 253841389, 904069513, 3219891317, 11467812977, 40843221565, 145465290649, 518082315077, 1845177526529, 6571697209741"
A352241,add INT+ 4 mul x_0_5 sign x_0_6,(4 add (x_0_5 mul sign(x_0_6))),"1, 1, 1, 2, 3, 4, 5, 5, 6, 7, 8, 9, 9, 10, 11, 12, 13, 13, 14, 15, 16, 17, 17, 18, 19, 20, 21, 21, 22, 23"
A051176,sub x_0_3 sub x_0_6 x_0_3,(x_0_3 sub (x_0_6 sub x_0_3)),"0, 1, 2, 1, 4, 5, 2, 7, 8, 3, 10, 11, 4, 13, 14, 5, 16, 17, 6, 19, 20, 7, 22, 23, 8, 25, 26, 9, 28, 29, 10, 31, 32, 11, 34, 35, 12, 37, 38, 13, 40, 41, 14, 43, 44, 15, 46, 47, 16, 49, 50, 17, 52, 53, 18, 55, 56, 19, 58, 59, 20, 61, 62, 21, 64, 65, 22, 67"
A240802,add x_0_1 sub x_0_1 x_0_4,(x_0_1 add (x_0_1 sub x_0_4)),"2, 3, 6, 10, 18, 33"
A051874,add x_0_1 sub x_0_1 sub x_0_2 mul INT- 1 0 INT- 2,(x_0_1 add (x_0_1 sub (x_0_2 sub (-10 mul -2)))),"0, 1, 22, 63, 124, 205, 306, 427, 568, 729, 910, 1111, 1332, 1573, 1834, 2115, 2416, 2737, 3078, 3439, 3820, 4221, 4642, 5083, 5544, 6025, 6526, 7047, 7588, 8149, 8730, 9331, 9952, 10593, 11254, 11935, 12636, 13357, 14098, 14859"
A004044,add x_0_1 sub x_0_1 add INT- 1 0 x_0_5,(x_0_1 add (x_0_1 sub (-10 add x_0_5))),"1, 1, 3, 5, 9, 27"
A052954,add x_0_1 sub x_0_3 x_0_6,(x_0_1 add (x_0_3 sub x_0_6)),"2, 1, 2, 2, 2, 3, 3, 4, 5, 6, 8, 10, 13, 17, 22, 29, 38, 50, 66, 87, 115, 152, 201, 266, 352, 466, 617, 817, 1082, 1433, 1898, 2514, 3330, 4411, 5843, 7740, 10253, 13582, 17992, 23834, 31573, 41825, 55406, 73397, 97230, 128802, 170626, 226031, 299427"
A053602,add x_0_6 add x_0_4 x_0_4,(x_0_6 add (x_0_4 add x_0_4)),"0, 1, 1, 2, 1, 3, 2, 5, 3, 8, 5, 13, 8, 21, 13, 34, 21, 55, 34, 89, 55, 144, 89, 233, 144, 377, 233, 610, 377, 987, 610, 1597, 987, 2584, 1597, 4181, 2584, 6765, 4181, 10946, 6765, 17711, 10946, 28657, 17711, 46368, 28657, 75025, 46368, 121393, 75025"
A305154,add x_0_1 sub x_0_1 INT+ 9,(x_0_1 add (x_0_1 sub 9)),"45, 81, 153, 297, 585, 1161, 2313, 4617, 9225, 18441, 36873, 73737, 147465, 294921, 589833, 1179657, 2359305, 4718601, 9437193, 18874377, 37748745, 75497481, 150994953, 301989897, 603979785, 1207959561, 2415919113, 4831838217, 9663676425, 19327352841, 38654705673, 77309411337, 154618822665, 309237645321"
A192751,sub add x_0_1 sub x_0_2 mul INT- 4 n INT+ 6,((x_0_1 add (x_0_2 sub (-4 mul n))) sub 6),"0, 1, 7, 18, 39, 75, 136, 237, 403, 674, 1115, 1831, 2992, 4873, 7919, 12850, 20831, 33747, 54648, 88469, 143195, 231746, 375027, 606863, 981984, 1588945, 2571031, 4160082, 6731223, 10891419, 17622760, 28514301, 46137187, 74651618, 120788939"
A192753,sub x_0_1 sub x_0_3 add x_0_1 INT+ 4,(x_0_1 sub (x_0_3 sub (x_0_1 add 4))),"0, 1, 8, 20, 43, 82, 148, 257, 436, 728, 1203, 1974, 3224, 5249, 8528, 13836, 22427, 36330, 58828, 95233, 154140, 249456, 403683, 653230, 1057008, 1710337, 2767448, 4477892, 7245451, 11723458, 18969028, 30692609, 49661764, 80354504, 130016403"
A192078,add x_0_1 sub x_0_1 add INT- 3 sign add n x_0_6,(x_0_1 add (x_0_1 sub (-3 add sign((n add x_0_6))))),"1, 2, 4, 8, 12, 18, 38"
A008738,add add n add n INT- 7 x_0_5,((n add (n add -7)) add x_0_5),"0, 0, 1, 2, 3, 5, 7, 10, 13, 16, 20, 24, 29, 34, 39, 45, 51, 58, 65, 72, 80, 88, 97, 106, 115, 125, 135, 146, 157, 168, 180, 192, 205, 218, 231, 245, 259, 274, 289, 304, 320, 336, 353, 370, 387, 405, 423, 442, 461, 480, 500, 520, 541, 562, 583, 605, 627, 650, 673"
A072465,add x_0_1 sub x_0_2 x_0_6,(x_0_1 add (x_0_2 sub x_0_6)),"1, 1, 1, 2, 3, 5, 7, 11, 17, 26, 40, 61, 94, 144, 221, 339, 520, 798, 1224, 1878, 2881, 4420, 6781, 10403, 15960, 24485, 37564, 57629, 88412, 135638, 208090, 319243, 489769, 751383, 1152740, 1768485, 2713135, 4162377, 6385743, 9796737"
A014634,add sub x_0_1 x_0_2 add sqr INT- 4 x_0_1,((x_0_1 sub x_0_2) add ((-4)**2 add x_0_1)),"1, 15, 45, 91, 153, 231, 325, 435, 561, 703, 861, 1035, 1225, 1431, 1653, 1891, 2145, 2415, 2701, 3003, 3321, 3655, 4005, 4371, 4753, 5151, 5565, 5995, 6441, 6903, 7381, 7875, 8385, 8911, 9453, 10011, 10585, 11175, 11781, 12403, 13041, 13695, 14365, 15051"
A055996,mul INT+ 1 0 mul x_0_1 sign x_0_3,(10 mul (x_0_1 mul sign(x_0_3))),"1, 8, 81, 810, 8100, 81000, 810000, 8100000, 81000000, 810000000, 8100000000, 81000000000, 810000000000, 8100000000000, 81000000000000, 810000000000000, 8100000000000000, 81000000000000000, 810000000000000000"
A140860,sub INT+ 1 0 x_0_5,(10 sub x_0_5),"1, 2, 2, 4, 3, 9"
A130722,sub x_0_4 sub x_0_6 x_0_2,(x_0_4 sub (x_0_6 sub x_0_2)),"0, 0, 0, 1, 1, 2, 1, 3, 2, 4, 2, 5, 3, 6, 3, 7, 4, 8, 4, 9, 5, 10, 5, 11, 6, 12, 6, 13, 7, 14, 7, 15, 8, 16, 8, 17, 9, 18, 9, 19, 10, 20, 10, 21, 11, 22, 11, 23, 12, 24, 12, 25, 13, 26, 13, 27, 14, 28, 14, 29, 15, 30, 15, 31, 16, 32, 16, 33, 17, 34, 17, 35, 18, 36, 18, 37, 19, 38, 19, 39"
A023436,add x_0_1 sub x_0_2 x_0_6,(x_0_1 add (x_0_2 sub x_0_6)),"0, 1, 1, 2, 3, 5, 8, 12, 19, 29, 45, 69, 106, 163, 250, 384, 589, 904, 1387, 2128, 3265, 5009, 7685, 11790, 18088, 27750, 42573, 65314, 100202, 153726, 235840, 361816, 555083, 851585, 1306466, 2004325, 3074951"
A336764,mul n sign x_0_6,(n mul sign(x_0_6)),"0, 0, 1, 0, 0, 4, 7"
A059029,sub x_0_4 sub x_0_6 x_0_2,(x_0_4 sub (x_0_6 sub x_0_2)),"0, 3, 2, 7, 4, 11, 6, 15, 8, 19, 10, 23, 12, 27, 14, 31, 16, 35, 18, 39, 20, 43, 22, 47, 24, 51, 26, 55, 28, 59, 30, 63, 32, 67, 34, 71, 36, 75, 38, 79, 40, 83, 42, 87, 44, 91, 46, 95, 48, 99, 50, 103, 52, 107, 54, 111, 56, 115, 58, 119, 60, 123, 62, 127, 64, 131, 66, 135"
A237443,add sub x_0_1 sub x_0_3 x_0_2 INT+ 5,((x_0_1 sub (x_0_3 sub x_0_2)) add 5),"1, 2, 7, 13, 23"
A265888,sub x_0_4 sub x_0_6 x_0_2,(x_0_4 sub (x_0_6 sub x_0_2)),"0, 1, 2, 3, 5, 4, 7, 6, 10, 7, 12, 9, 15, 10, 17, 12, 20, 13, 22, 15, 25, 16, 27, 18, 30, 19, 32, 21, 35, 22, 37, 24, 40, 25, 42, 27, 45, 28, 47, 30, 50, 31, 52, 33, 55, 34, 57, 36, 60, 37, 62, 39, 65, 40, 67, 42, 70, 43, 72, 45, 75, 46, 77, 48, 80, 49, 82, 51, 85, 52, 87"
A066481,sub x_0_6 INT- 4,(x_0_6 sub -4),"2, 3, 3, 4, 5, 5, 6, 7, 7, 8, 9, 9, 10, 11, 11, 12, 13, 13, 14, 15, 15, 16, 17, 17, 18, 19, 19, 20, 21, 21, 22, 23, 23, 24, 25, 25, 26, 27, 27, 28, 29, 29, 30, 31, 31, 32, 33, 33, 34, 35, 35, 36, 37, 37, 38, 39, 39, 40, 41, 41, 42, 43, 43, 44, 45, 45, 46, 47, 47, 48, 49, 49, 50"
A255465,add mul INT+ 3 add x_0_1 x_0_2 x_0_2,((3 mul (x_0_1 add x_0_2)) add x_0_2),"1, 6, 22, 90, 358, 1434, 5734, 22938, 91750, 367002, 1468006, 5872026, 23488102, 93952410, 375809638, 1503238554, 6012954214, 24051816858, 96207267430, 384829069722, 1539316278886, 6157265115546, 24629060462182, 98516241848730, 394064967394918, 1576259869579674"
A013656,add sub x_0_1 sub x_0_2 add INT+ 9 x_0_1 INT+ 9,((x_0_1 sub (x_0_2 sub (9 add x_0_1))) add 9),"0, 7, 32, 75, 136, 215, 312, 427, 560, 711, 880, 1067, 1272, 1495, 1736, 1995, 2272, 2567, 2880, 3211, 3560, 3927, 4312, 4715, 5136, 5575, 6032, 6507, 7000, 7511, 8040, 8587, 9152, 9735, 10336, 10955, 11592, 12247, 12920, 13611, 14320, 15047, 15792, 16555"
A063042,mod x_0_5 mul x_0_6 n,(x_0_5 mod (x_0_6 mul n)),"3, 7, 36, 18, 9, 3, 7, 36, 18, 9, 3, 7, 36, 18, 9, 3, 7, 36, 18, 9, 3, 7, 36, 18, 9, 3, 7, 36, 18, 9, 3, 7, 36, 18, 9, 3, 7, 36, 18, 9, 3, 7, 36, 18, 9, 3, 7, 36, 18, 9, 3, 7, 36, 18, 9, 3, 7, 36, 18, 9, 3, 7, 36, 18, 9, 3, 7, 36, 18, 9, 3, 7, 36, 18, 9, 3, 7, 36, 18, 9, 3, 7, 36, 18, 9, 3, 7, 36, 18, 9, 3, 7, 36, 18, 9, 3, 7, 36, 18, 9, 3, 7, 36, 18, 9"
A063128,add x_0_1 mul INT- 6 sub INT- 4 mod mul n x_0_6 n,(x_0_1 add (-6 mul (-4 sub ((n mul x_0_6) mod n)))),"7, 30, 54, 78, 102, 126, 150, 174, 198, 222, 246, 270, 294, 318, 342, 366, 390, 414, 438, 462, 486, 510, 534, 558, 582, 606, 630, 654, 678, 702, 726, 750, 774, 798, 822, 846, 870, 894, 918, 942, 966, 990, 1014, 1038, 1062, 1086, 1110, 1134"
A063164,mul add INT- 6 mul INT+ 8 n sub INT+ 5 sign x_0_1,((-6 add (8 mul n)) mul (5 sub sign(x_0_1))),"9, 40, 72, 104, 136, 168, 200, 232, 264, 296, 328, 360, 392, 424, 456, 488, 520, 552, 584, 616, 648, 680, 712, 744, 776, 808, 840, 872, 904, 936, 968, 1000, 1032, 1064, 1096, 1128, 1160, 1192, 1224, 1256, 1288, 1320, 1352, 1384, 1416, 1448, 1480, 1512, 1544"
A070462,mod sqr sub n sign x_0_6 mul INT- 1 0 INT- 4,(((n sub sign(x_0_6)))**2 mod (-10 mul -4)),"0, 1, 4, 9, 16, 25, 36, 9, 24, 1, 20, 1, 24, 9, 36, 25, 16, 9, 4, 1, 0, 1, 4, 9, 16, 25, 36, 9, 24, 1, 20, 1, 24, 9, 36, 25, 16, 9, 4, 1, 0, 1, 4, 9, 16, 25, 36, 9, 24, 1, 20, 1, 24, 9, 36, 25, 16, 9, 4, 1, 0, 1, 4, 9, 16, 25, 36, 9, 24, 1, 20, 1, 24, 9, 36, 25, 16, 9, 4, 1, 0, 1, 4, 9, 16"
A186030,add x_0_1 sub x_0_1 sub x_0_2 add INT+ 7 INT+ 6,(x_0_1 add (x_0_1 sub (x_0_2 sub (7 add 6)))),"0, 5, 23, 54, 98, 155, 225, 308, 404, 513, 635, 770, 918, 1079, 1253, 1440, 1640, 1853, 2079, 2318, 2570, 2835, 3113, 3404, 3708, 4025, 4355, 4698, 5054, 5423, 5805, 6200, 6608, 7029, 7463, 7910, 8370, 8843, 9329, 9828, 10340, 10865, 11403"
A064680,sub x_0_4 sub x_0_6 x_0_2,(x_0_4 sub (x_0_6 sub x_0_2)),"0, 2, 1, 6, 2, 10, 3, 14, 4, 18, 5, 22, 6, 26, 7, 30, 8, 34, 9, 38, 10, 42, 11, 46, 12, 50, 13, 54, 14, 58, 15, 62, 16, 66, 17, 70, 18, 74, 19, 78, 20, 82, 21, 86, 22, 90, 23, 94, 24, 98, 25, 102, 26, 106, 27, 110, 28, 114, 29, 118, 30, 122, 31, 126, 32, 130, 33, 134, 34, 138, 35"
A066104,sub x_0_4 sub x_0_6 x_0_2,(x_0_4 sub (x_0_6 sub x_0_2)),"0, 4, 2, 8, 4, 12, 6, 16, 8, 20, 10, 24, 12, 28, 14, 32, 16, 36, 18, 40, 20, 44, 22, 48, 24, 52, 26, 56, 28, 60, 30, 64, 32, 68, 34, 72, 36, 76, 38, 80, 40, 84, 42, 88, 44, 92, 46, 96, 48, 100, 50, 104, 52, 108, 54, 112, 56, 116, 58, 120, 60, 124, 62, 128, 64, 132, 66, 136"
A067060,add INT+ 4 x_0_4,(4 add x_0_4),"3, 1, 4, 2, 7, 5, 8, 6, 11, 9, 12, 10, 15, 13, 16, 14, 19, 17, 20, 18, 23, 21, 24, 22, 27, 25, 28, 26, 31, 29, 32, 30, 35, 33, 36, 34, 39, 37, 40, 38, 43, 41, 44, 42, 47, 45, 48, 46, 51, 49, 52, 50, 55, 53, 56, 54, 59, 57, 60, 58, 63, 61, 64, 62, 67, 65, 68, 66, 71, 69, 72, 70"
A068217,add x_0_3 sub x_0_3 x_0_6,(x_0_3 add (x_0_3 sub x_0_6)),"2, 4, 2, 8, 10, 4, 14, 16, 6, 20, 22, 8, 26, 28, 10, 32, 34, 12, 38, 40, 14, 44, 46, 16, 50, 52, 18, 56, 58, 20, 62, 64, 22, 68, 70, 24, 74, 76, 26, 80, 82, 28, 86, 88, 30, 92, 94, 32, 98, 100, 34, 104, 106, 36, 110, 112, 38, 116, 118, 40, 122, 124, 42, 128, 130, 44, 134"
A070470,mod sqr sub sign x_0_6 n mul INT- 6 INT- 8,(((sign(x_0_6) sub n))**2 mod (-6 mul -8)),"0, 1, 4, 9, 16, 25, 36, 1, 16, 33, 4, 25, 0, 25, 4, 33, 16, 1, 36, 25, 16, 9, 4, 1, 0, 1, 4, 9, 16, 25, 36, 1, 16, 33, 4, 25, 0, 25, 4, 33, 16, 1, 36, 25, 16, 9, 4, 1, 0, 1, 4, 9, 16, 25, 36, 1, 16, 33, 4, 25, 0, 25, 4, 33, 16, 1, 36, 25, 16, 9, 4, 1, 0, 1, 4, 9, 16, 25, 36, 1, 16, 33, 4"
A070347,relu x_0_6,relu(x_0_6),"1, 2, 4, 8, 16, 11, 1, 2, 4, 8, 16, 11, 1, 2, 4, 8, 16, 11, 1, 2, 4, 8, 16, 11, 1, 2, 4, 8, 16, 11, 1, 2, 4, 8, 16, 11, 1, 2, 4, 8, 16, 11, 1, 2, 4, 8, 16, 11, 1, 2, 4, 8, 16, 11, 1, 2, 4, 8, 16, 11, 1, 2, 4, 8, 16, 11, 1, 2, 4, 8, 16, 11, 1, 2, 4, 8, 16, 11, 1, 2, 4, 8, 16, 11, 1, 2, 4, 8, 16, 11"
A070388,abs x_0_6,abs(x_0_6),"1, 5, 25, 41, 37, 17, 1, 5, 25, 41, 37, 17, 1, 5, 25, 41, 37, 17, 1, 5, 25, 41, 37, 17, 1, 5, 25, 41, 37, 17, 1, 5, 25, 41, 37, 17, 1, 5, 25, 41, 37, 17, 1, 5, 25, 41, 37, 17, 1, 5, 25, 41, 37, 17, 1, 5, 25, 41, 37, 17, 1, 5, 25, 41, 37, 17, 1, 5, 25, 41, 37, 17, 1, 5, 25, 41, 37, 17"
A070386,relu x_0_4,relu(x_0_4),"1, 5, 25, 8, 1, 5, 25, 8, 1, 5, 25, 8, 1, 5, 25, 8, 1, 5, 25, 8, 1, 5, 25, 8, 1, 5, 25, 8, 1, 5, 25, 8, 1, 5, 25, 8, 1, 5, 25, 8, 1, 5, 25, 8, 1, 5, 25, 8, 1, 5, 25, 8, 1, 5, 25, 8, 1, 5, 25, 8, 1, 5, 25, 8, 1, 5, 25, 8, 1, 5, 25, 8, 1, 5, 25, 8, 1, 5, 25, 8, 1, 5, 25, 8, 1, 5, 25, 8, 1, 5, 25, 8, 1"
A070406,relu x_0_4,relu(x_0_4),"1, 7, 4, 13, 1, 7, 4, 13, 1, 7, 4, 13, 1, 7, 4, 13, 1, 7, 4, 13, 1, 7, 4, 13, 1, 7, 4, 13, 1, 7, 4, 13, 1, 7, 4, 13, 1, 7, 4, 13, 1, 7, 4, 13, 1, 7, 4, 13, 1, 7, 4, 13, 1, 7, 4, 13, 1, 7, 4, 13, 1, 7, 4, 13, 1, 7, 4, 13, 1, 7, 4, 13, 1, 7, 4, 13, 1, 7, 4, 13, 1, 7, 4, 13, 1, 7, 4, 13, 1, 7, 4, 13, 1"
A070399,relu x_0_6,relu(x_0_6),"1, 6, 5, 30, 25, 26, 1, 6, 5, 30, 25, 26, 1, 6, 5, 30, 25, 26, 1, 6, 5, 30, 25, 26, 1, 6, 5, 30, 25, 26, 1, 6, 5, 30, 25, 26, 1, 6, 5, 30, 25, 26, 1, 6, 5, 30, 25, 26, 1, 6, 5, 30, 25, 26, 1, 6, 5, 30, 25, 26, 1, 6, 5, 30, 25, 26, 1, 6, 5, 30, 25, 26, 1, 6, 5, 30, 25, 26, 1, 6, 5, 30, 25"
A070397,mod x_0_5 mul x_0_6 n,(x_0_5 mod (x_0_6 mul n)),"1, 6, 11, 16, 21, 1, 6, 11, 16, 21, 1, 6, 11, 16, 21, 1, 6, 11, 16, 21, 1, 6, 11, 16, 21, 1, 6, 11, 16, 21, 1, 6, 11, 16, 21, 1, 6, 11, 16, 21, 1, 6, 11, 16, 21, 1, 6, 11, 16, 21, 1, 6, 11, 16, 21, 1, 6, 11, 16, 21, 1, 6, 11, 16, 21, 1, 6, 11, 16, 21, 1, 6, 11, 16, 21, 1, 6, 11, 16"
A070390,relu x_0_5,relu(x_0_5),"1, 5, 25, 37, 9, 1, 5, 25, 37, 9, 1, 5, 25, 37, 9, 1, 5, 25, 37, 9, 1, 5, 25, 37, 9, 1, 5, 25, 37, 9, 1, 5, 25, 37, 9, 1, 5, 25, 37, 9, 1, 5, 25, 37, 9, 1, 5, 25, 37, 9, 1, 5, 25, 37, 9, 1, 5, 25, 37, 9, 1, 5, 25, 37, 9, 1, 5, 25, 37, 9, 1, 5, 25, 37, 9, 1, 5, 25, 37, 9, 1, 5, 25, 37, 9, 1, 5"
A070370,mul x_0_4 sign x_0_6,(x_0_4 mul sign(x_0_6)),"1, 5, 9, 13, 1, 5, 9, 13, 1, 5, 9, 13, 1, 5, 9, 13, 1, 5, 9, 13, 1, 5, 9, 13, 1, 5, 9, 13, 1, 5, 9, 13, 1, 5, 9, 13, 1, 5, 9, 13, 1, 5, 9, 13, 1, 5, 9, 13, 1, 5, 9, 13, 1, 5, 9, 13, 1, 5, 9, 13, 1, 5, 9, 13, 1, 5, 9, 13, 1, 5, 9, 13, 1, 5, 9, 13, 1, 5, 9, 13, 1, 5, 9, 13, 1, 5, 9, 13, 1, 5, 9, 13, 1"
A070378,abs x_0_6,abs(x_0_6),"1, 5, 25, 13, 9, 17, 1, 5, 25, 13, 9, 17, 1, 5, 25, 13, 9, 17, 1, 5, 25, 13, 9, 17, 1, 5, 25, 13, 9, 17, 1, 5, 25, 13, 9, 17, 1, 5, 25, 13, 9, 17, 1, 5, 25, 13, 9, 17, 1, 5, 25, 13, 9, 17, 1, 5, 25, 13, 9, 17, 1, 5, 25, 13, 9, 17, 1, 5, 25, 13, 9, 17, 1, 5, 25, 13, 9, 17, 1, 5, 25, 13, 9"
A070416,mod x_0_4 add mul n n x_0_6,(x_0_4 mod ((n mul n) add x_0_6)),"1, 7, 17, 23, 1, 7, 17, 23, 1, 7, 17, 23, 1, 7, 17, 23, 1, 7, 17, 23, 1, 7, 17, 23, 1, 7, 17, 23, 1, 7, 17, 23, 1, 7, 17, 23, 1, 7, 17, 23, 1, 7, 17, 23, 1, 7, 17, 23, 1, 7, 17, 23, 1, 7, 17, 23, 1, 7, 17, 23, 1, 7, 17, 23, 1, 7, 17, 23, 1, 7, 17, 23, 1, 7, 17, 23, 1, 7, 17, 23, 1, 7, 17, 23"
A070446,mod sqr sub sign x_0_6 n mul INT+ 6 INT+ 4,(((sign(x_0_6) sub n))**2 mod (6 mul 4)),"0, 1, 4, 9, 16, 1, 12, 1, 16, 9, 4, 1, 0, 1, 4, 9, 16, 1, 12, 1, 16, 9, 4, 1, 0, 1, 4, 9, 16, 1, 12, 1, 16, 9, 4, 1, 0, 1, 4, 9, 16, 1, 12, 1, 16, 9, 4, 1, 0, 1, 4, 9, 16, 1, 12, 1, 16, 9, 4, 1, 0, 1, 4, 9, 16, 1, 12, 1, 16, 9, 4, 1, 0, 1, 4, 9, 16, 1, 12, 1, 16, 9, 4, 1, 0, 1, 4, 9, 16, 1, 12, 1"
A070423,relu x_0_4,relu(x_0_4),"1, 7, 9, 23, 1, 7, 9, 23, 1, 7, 9, 23, 1, 7, 9, 23, 1, 7, 9, 23, 1, 7, 9, 23, 1, 7, 9, 23, 1, 7, 9, 23, 1, 7, 9, 23, 1, 7, 9, 23, 1, 7, 9, 23, 1, 7, 9, 23, 1, 7, 9, 23, 1, 7, 9, 23, 1, 7, 9, 23, 1, 7, 9, 23, 1, 7, 9, 23, 1, 7, 9, 23, 1, 7, 9, 23, 1, 7, 9, 23, 1, 7, 9, 23, 1, 7, 9, 23, 1, 7, 9, 23, 1"
A070450,mod sqr sub n sign x_0_6 mul INT- 7 INT- 4,(((n sub sign(x_0_6)))**2 mod (-7 mul -4)),"0, 1, 4, 9, 16, 25, 8, 21, 8, 25, 16, 9, 4, 1, 0, 1, 4, 9, 16, 25, 8, 21, 8, 25, 16, 9, 4, 1, 0, 1, 4, 9, 16, 25, 8, 21, 8, 25, 16, 9, 4, 1, 0, 1, 4, 9, 16, 25, 8, 21, 8, 25, 16, 9, 4, 1, 0, 1, 4, 9, 16, 25, 8, 21, 8, 25, 16, 9, 4, 1, 0, 1, 4, 9, 16, 25, 8, 21, 8, 25, 16, 9, 4, 1, 0, 1, 4, 9, 16"
A070591,relu x_0_6,relu(x_0_6),"0, 1, 16, 33, 16, 1, 0, 1, 16, 33, 16, 1, 0, 1, 16, 33, 16, 1, 0, 1, 16, 33, 16, 1, 0, 1, 16, 33, 16, 1, 0, 1, 16, 33, 16, 1, 0, 1, 16, 33, 16, 1, 0, 1, 16, 33, 16, 1, 0, 1, 16, 33, 16, 1, 0, 1, 16, 33, 16, 1, 0, 1, 16, 33, 16, 1, 0, 1, 16, 33, 16, 1, 0, 1, 16, 33, 16, 1, 0, 1, 16, 33, 16"
A071045,sub x_0_4 sub x_0_6 x_0_2,(x_0_4 sub (x_0_6 sub x_0_2)),"0, 0, 3, 1, 6, 2, 9, 3, 12, 4, 15, 5, 18, 6, 21, 7, 24, 8, 27, 9, 30, 10, 33, 11, 36, 12, 39, 13, 42, 14, 45, 15, 48, 16, 51, 17, 54, 18, 57, 19, 60, 20, 63, 21, 66, 22, 69, 23, 72, 24, 75, 25, 78, 26, 81, 27, 84, 28, 87, 29, 90, 30, 93, 31, 96, 32, 99, 33, 102, 34"
A074066,sub x_0_3 sub INT- 2 sign x_0_6,(x_0_3 sub (-2 sub sign(x_0_6))),"1, 4, 3, 2, 7, 6, 5, 10, 9, 8, 13, 12, 11, 16, 15, 14, 19, 18, 17, 22, 21, 20, 25, 24, 23, 28, 27, 26, 31, 30, 29, 34, 33, 32, 37, 36, 35, 40, 39, 38, 43, 42, 41, 46, 45, 44, 49, 48, 47, 52, 51, 50, 55, 54, 53, 58, 57, 56, 61, 60, 59, 64, 63, 62, 67, 66, 65, 70, 69"
A192970,add x_0_1 sub x_0_1 sub x_0_3 add n INT- 1,(x_0_1 add (x_0_1 sub (x_0_3 sub (n add -1)))),"0, 1, 3, 9, 21, 44, 85, 156, 276, 476, 806, 1347, 2230, 3667, 6001, 9787, 15923, 25862, 41955, 68006, 110170, 178406, 288828, 467509, 756636, 1224469, 1981455, 3206301, 5188161, 8394896, 13583521, 21978912, 35562960, 57542432, 93105986"
A077445,sub mul INT+ 6 x_0_1 x_0_2,((6 mul x_0_1) sub x_0_2),"4, 20, 116, 676, 3940, 22964, 133844, 780100, 4546756, 26500436, 154455860, 900234724, 5246952484, 30581480180, 178241928596, 1038870091396, 6054978619780, 35291001627284, 205691031143924, 1198855185236260"
A078029,mul INT+ 2 x_0_3,(2 mul x_0_3),"1, -1, 0, 2, -2, 0, 4, -4, 0, 8, -8, 0, 16, -16, 0, 32, -32, 0, 64, -64, 0, 128, -128, 0, 256, -256, 0, 512, -512, 0, 1024, -1024, 0, 2048, -2048, 0, 4096, -4096, 0, 8192, -8192, 0, 16384, -16384, 0, 32768, -32768, 0, 65536, -65536, 0, 131072, -131072, 0, 262144, -262144, 0, 524288, -524288, 0"
A078032,sub x_0_6 sub x_0_2 x_0_5,(x_0_6 sub (x_0_2 sub x_0_5)),"1, -1, -1, 0, 2, 1, -2, -3, 1, 5, 2, -6, -7, 4, 13, 3, -17, -16, 14, 33, 2, -47, -35, 45, 82, -10, -127, -72, 137, 199, -65, -336, -134, 401, 470, -267, -871, -203, 1138, 1074, -935, -2212, -139, 3147, 2351, -3008, -5498, 657, 8506, 4841, -9163, -13347, 4322, 22510, 9025, -26832, -31535, 17807, 58367"
A023975,idiv add n n add sqr INT- 5 add n sign x_0_6,((n add n) idiv ((-5)**2 add (n add sign(x_0_6)))),"0, 0, 0, 0, 0, 0, 0, 0, 0, 0, 0, 0, 0, 0, 0, 0, 0, 0, 0, 0, 0, 0, 0, 0, 0, 1, 1, 1, 1, 1, 1, 1, 1, 1, 1, 1, 1, 1, 1, 1, 1, 1, 1, 1, 1, 1, 1, 1, 1, 1, 1, 1, 1, 1, 1, 1, 1, 1, 1, 1, 1, 1, 1, 1, 1, 1, 1, 1, 1, 1, 1, 1, 1, 1, 1, 1, 1, 1, 1, 1, 1, 1, 1, 1, 1, 1, 1, 1, 1, 1, 1, 1, 1, 1, 1, 1, 1, 1, 1, 1, 1, 1"
A017818,add add x_0_3 x_0_5 x_0_4,((x_0_3 add x_0_5) add x_0_4),"1, 0, 0, 1, 1, 1, 1, 2, 3, 3, 4, 6, 8, 10, 13, 18, 24, 31, 41, 55, 73, 96, 127, 169, 224, 296, 392, 520, 689, 912, 1208, 1601, 2121, 2809, 3721, 4930, 6531, 8651, 11460, 15182, 20112, 26642, 35293, 46754, 61936, 82047"
A195669,add INT+ 1 0 add x_0_4 sign x_0_6,(10 add (x_0_4 add sign(x_0_6))),"1, 2, 4, 7, 9, 13, 15, 18, 20"
A072606,add add INT+ 8 n mul x_0_3 sign x_0_6,((8 add n) add (x_0_3 mul sign(x_0_6))),"1, 1, 3, 4, 8, 10, 19, 24"
A071054,sub add x_0_2 x_0_2 x_0_4,((x_0_2 add x_0_2) sub x_0_4),"1, 3, 4, 5, 7, 7, 10, 9, 13, 11, 16, 13, 19, 15, 22, 17, 25, 19, 28, 21, 31, 23, 34, 25, 37, 27, 40, 29, 43, 31, 46, 33, 49, 35, 52, 37, 55, 39, 58, 41, 61, 43, 64, 45, 67, 47, 70, 49, 73, 51, 76, 53, 79, 55, 82, 57, 85, 59, 88, 61, 91, 63, 94, 65, 97, 67, 100, 69"
A122558,sub mul add x_0_1 x_0_2 INT+ 4 x_0_2,(((x_0_1 add x_0_2) mul 4) sub x_0_2),"1, 3, 15, 69, 321, 1491, 6927, 32181, 149505, 694563, 3226767, 14990757, 69643329, 323545587, 1503112335, 6983086101, 32441681409, 150715983939, 700188979983, 3252903871749, 15112182426945, 70207441323027, 326166312572943"
A186421,sub x_0_4 sub x_0_6 x_0_2,(x_0_4 sub (x_0_6 sub x_0_2)),"0, 1, 2, 1, 4, 3, 6, 3, 8, 5, 10, 5, 12, 7, 14, 7, 16, 9, 18, 9, 20, 11, 22, 11, 24, 13, 26, 13, 28, 15, 30, 15, 32, 17, 34, 17, 36, 19, 38, 19, 40, 21, 42, 21, 44, 23, 46, 23, 48, 25, 50, 25, 52, 27, 54, 27, 56, 29, 58, 29, 60, 31, 62, 31, 64, 33, 66, 33, 68, 35, 70, 35, 72, 37, 74, 37, 76, 39, 78, 39, 80, 41, 82, 41, 84, 43, 86, 43"
A082587,add x_0_6 add x_0_4 x_0_4,(x_0_6 add (x_0_4 add x_0_4)),"3, 1, 4, 3, 7, 4, 11, 7, 18, 11, 29, 18, 47, 29, 76, 47, 123, 76, 199, 123, 322, 199, 521, 322, 843, 521, 1364, 843, 2207, 1364, 3571, 2207, 5778, 3571, 9349, 5778, 15127, 9349, 24476, 15127, 39603, 24476, 64079, 39603, 103682, 64079, 167761, 103682, 271443, 167761"
A084967,sub x_0_2 mul INT- 1 0 mod INT+ 3 x_0_6,(x_0_2 sub (-10 mul (3 mod x_0_6))),"5, 25, 35, 55, 65, 85, 95, 115, 125, 145, 155, 175, 185, 205, 215, 235, 245, 265, 275, 295, 305, 325, 335, 355, 365, 385, 395, 415, 425, 445, 455, 475, 485, 505, 515, 535, 545, 565, 575, 595, 605, 625, 635, 655, 665, 685, 695, 715, 725, 745, 755, 775, 785"
A271520,add x_0_1 sub x_0_1 idiv sign x_0_6 n,(x_0_1 add (x_0_1 sub (sign(x_0_6) idiv n))),"1, 1, 2, 4, 6, 8, 16, 32"
A085960,sqr mul n sign x_0_6,((n mul sign(x_0_6)))**2,"1, 2, 9, 16, 25, 34, 49, 64, 81, 100, 121, 144, 169, 196, 225, 256, 289, 324, 361, 400, 441, 484, 529, 576, 625, 676, 729, 784, 841, 900, 961, 1024, 1089, 1156, 1225, 1296, 1369, 1444, 1521, 1600, 1681, 1764, 1849, 1936, 2025, 2116, 2209, 2304, 2401, 2500"
A140201,add INT+ 4 x_0_4,(4 add x_0_4),"0, 1, 2, 4, 4, 5, 6, 8, 8, 9, 10, 12, 12, 13, 14, 16, 16, 17, 18, 20, 20, 21, 22, 24, 24, 25, 26, 28, 28, 29, 30, 32, 32, 33, 34, 36, 36, 37, 38, 40, 40, 41, 42, 44, 44, 45, 46, 48, 48, 49, 50, 52, 52, 53, 54, 56, 56, 57, 58, 60, 60, 61, 62, 64, 64, 65, 66, 68, 68, 69, 70, 72, 72, 73, 74"
A272589,add add x_0_1 sub n sign x_0_6 INT+ 6,((x_0_1 add (n sub sign(x_0_6))) add 6),"1, 2, 4, 6, 7, 12, 24"
A282168,add add add n INT+ 4 x_0_5 mod x_0_6 x_0_6,(((n add 4) add x_0_5) add (x_0_6 mod x_0_6)),"1, 2, 4, 6, 8, 10, 13, 16, 19, 22, 25, 29"
A138179,mul n add n idiv mul n n INT+ 2,(n mul (n add ((n mul n) idiv 2))),"1, 8, 21, 48, 85, 144, 217, 320, 441, 600, 781, 1008, 1261, 1568, 1905, 2304, 2737, 3240, 3781, 4400, 5061, 5808, 6601, 7488, 8425, 9464, 10557, 11760, 13021, 14400, 15841, 17408, 19041, 20808, 22645, 24624, 26677, 28880, 31161, 33600, 36121, 38808"
A037762,add mul INT+ 8 x_0_1 mod add n INT- 2 INT+ 4,((8 mul x_0_1) add ((n add -2) mod 4)),"3, 24, 193, 1546, 12371, 98968, 791745, 6333962, 50671699, 405373592, 3242988737, 25943909898, 207551279187, 1660410233496, 13283281867969, 106266254943754, 850130039550035, 6801040316400280"
A215495,sub x_0_4 sub x_0_6 x_0_2,(x_0_4 sub (x_0_6 sub x_0_2)),"1, 1, 1, 3, 3, 5, 3, 7, 5, 9, 5, 11, 7, 13, 7, 15, 9, 17, 9, 19, 11, 21, 11, 23, 13, 25, 13, 27, 15, 29, 15, 31, 17, 33, 17, 35, 19, 37, 19, 39, 21, 41, 21, 43, 23, 45, 23, 47, 25, 49, 25, 51, 27, 53, 27, 55, 29, 57, 29, 59, 31, 61, 31, 63, 33, 65, 33, 67, 35, 69, 35, 71, 37, 73, 37, 75, 39, 77, 39, 79, 41, 81, 41, 83, 43, 85, 43"
A115273,sub x_0_3 sub x_0_6 x_0_3,(x_0_3 sub (x_0_6 sub x_0_3)),"0, 0, 0, 0, 1, 2, 0, 2, 4, 0, 3, 6, 0, 4, 8, 0, 5, 10, 0, 6, 12, 0, 7, 14, 0, 8, 16, 0, 9, 18, 0, 10, 20, 0, 11, 22, 0, 12, 24, 0, 13, 26, 0, 14, 28, 0, 15, 30, 0, 16, 32, 0, 17, 34, 0, 18, 36, 0, 19, 38, 0, 20, 40, 0, 21, 42, 0, 22, 44, 0, 23, 46, 0, 24, 48, 0, 25, 50, 0, 26, 52, 0, 27, 54, 0, 28, 56"
A271906,add sub x_0_1 INT- 2 sign mod x_0_6 n,((x_0_1 sub -2) add sign((x_0_6 mod n))),"1, 2, 4, 6, 9, 11, 14, 17, 20, 23, 26"
A091720,abs x_0_6,abs(x_0_6),"8, 34, 17, 8, 34, 17, 8, 34, 17, 8, 34, 17, 8, 34, 17, 8, 34, 17, 8, 34, 17, 8, 34, 17, 8, 34, 17, 8, 34, 17, 8, 34, 17, 8, 34, 17, 8, 34, 17, 8, 34, 17, 8, 34, 17, 8, 34, 17, 8, 34, 17, 8, 34, 17, 8, 34, 17, 8, 34, 17, 8, 34, 17, 8, 34, 17, 8, 34, 17, 8, 34, 17, 8, 34, 17, 8, 34, 17"
A092532,sub x_0_4 idiv n sub INT- 7 sign x_0_6,(x_0_4 sub (n idiv (-7 sub sign(x_0_6)))),"1, 1, 1, 1, 2, 2, 2, 2, 4, 4, 4, 4, 6, 6, 6, 6, 9, 9, 9, 9, 12, 12, 12, 12, 16, 16, 16, 16, 20, 20, 20, 20, 25, 25, 25, 25, 30, 30, 30, 30, 36, 36, 36, 36, 42, 42, 42, 42, 49, 49, 49, 49, 56, 56, 56, 56, 64, 64, 64, 64, 72, 72, 72, 72, 81, 81, 81, 81, 90, 90, 90, 90, 100, 100, 100, 100"
A103458,add x_0_1 mul INT+ 6 sub x_0_1 sign x_0_2,(x_0_1 add (6 mul (x_0_1 sub sign(x_0_2)))),"1, 8, 50, 344, 2402, 16808, 117650, 823544, 5764802, 40353608, 282475250, 1977326744, 13841287202, 96889010408, 678223072850, 4747561509944, 33232930569602, 232630513987208, 1628413597910450, 11398895185373144"
A247920,sub x_0_5 sub x_0_6 x_0_3,(x_0_5 sub (x_0_6 sub x_0_3)),"1, -1, 0, 1, -1, 1, -1, 0, 2, -3, 2, 0, -2, 4, -5, 3, 2, -7, 9, -7, 1, 8, -16, 17, -8, -8, 24, -32, 25, -1, -32, 57, -57, 25, 31, -88, 114, -83, -6, 120, -202, 196, -77, -125, 322, -399, 273, 49, -447, 720, -672, 225, 496, -1168, 1392, -896, -271, 1663, -2560"
A316571,mul sub n sign x_0_3 INT+ 2,((n sub sign(x_0_3)) mul 2),"1, 2, 3, 6, 8, 10, 12, 14, 16, 18, 20, 22, 24, 26, 28, 30, 32, 34, 36, 38, 40, 42, 44, 46, 48, 50, 52, 54, 56, 58, 60, 62, 64, 66, 68, 70, 72, 74, 76, 78, 80, 82, 84, 86, 88, 90, 92, 94, 96, 98, 100, 102, 104, 106, 108, 110, 112, 114, 116, 118, 120, 122, 124"
A104650,add x_0_3 sign x_0_6,(x_0_3 add sign(x_0_6)),"2, 3, 4, 6, 5, 8, 7"
A095915,mul x_0_4 sign x_0_6,(x_0_4 mul sign(x_0_6)),"1, 2, 4, 8, 16, 12, 4, 8, 16, 12, 4, 8, 16, 12, 4, 8, 16, 12, 4, 8, 16, 12, 4, 8, 16, 12, 4, 8, 16, 12, 4, 8, 16, 12, 4, 8, 16, 12, 4, 8, 16, 12, 4, 8, 16, 12, 4, 8, 16, 12, 4, 8, 16, 12, 4, 8, 16, 12, 4, 8, 16, 12, 4, 8, 16, 12, 4, 8, 16, 12, 4, 8, 16, 12, 4, 8, 16, 12, 4, 8, 16, 12, 4, 8, 16"
A180232,add x_0_1 sub x_0_1 sub x_0_2 sub INT+ 9 INT- 8,(x_0_1 add (x_0_1 sub (x_0_2 sub (9 sub -8)))),"0, 2, 21, 57, 110, 180, 267, 371, 492, 630, 785, 957, 1146, 1352, 1575, 1815, 2072, 2346, 2637, 2945, 3270, 3612, 3971, 4347, 4740, 5150, 5577, 6021, 6482, 6960, 7455, 7967, 8496, 9042, 9605, 10185, 10782, 11396, 12027, 12675, 13340, 14022, 14721, 15437, 16170"
A096748,sub add x_0_2 x_0_2 x_0_6,((x_0_2 add x_0_2) sub x_0_6),"1, 2, 2, 2, 3, 4, 5, 6, 8, 10, 13, 16, 21, 26, 34, 42, 55, 68, 89, 110, 144, 178, 233, 288, 377, 466, 610, 754, 987, 1220, 1597, 1974, 2584, 3194, 4181, 5168, 6765, 8362, 10946, 13530, 17711, 21892, 28657, 35422, 46368, 57314, 75025, 92736, 121393, 150050"
A096777,add add n x_0_3 add n INT- 4,((n add x_0_3) add (n add -4)),"1, 2, 3, 5, 8, 11, 15, 20, 25, 31, 38, 45, 53, 62, 71, 81, 92, 103, 115, 128, 141, 155, 170, 185, 201, 218, 235, 253, 272, 291, 311, 332, 353, 375, 398, 421, 445, 470, 495, 521, 548, 575, 603, 632, 661, 691, 722, 753, 785, 818, 851, 885, 920, 955, 991, 1028"
A103627,add x_0_3 sub x_0_3 x_0_6,(x_0_3 add (x_0_3 sub x_0_6)),"0, 1, 0, 1, 1, 1, 2, 1, 2, 3, 1, 3, 4, 1, 4, 5, 1, 5, 6, 1, 6, 7, 1, 7, 8, 1, 8, 9, 1, 9, 10, 1, 10, 11, 1, 11, 12, 1, 12, 13, 1, 13, 14, 1, 14, 15, 1, 15, 16, 1, 16, 17, 1, 17, 18, 1, 18, 19, 1, 19, 20, 1, 20, 21, 1, 21, 22, 1, 22, 23, 1, 23, 24, 1, 24, 25, 1, 25, 26, 1, 26, 27, 1, 27, 28, 1, 28, 29"
A097803,sub mul INT+ 6 sqr sub n sign n INT- 3,((6 mul ((n sub sign(n)))**2) sub -3),"3, 9, 27, 57, 99, 153, 219, 297, 387, 489, 603, 729, 867, 1017, 1179, 1353, 1539, 1737, 1947, 2169, 2403, 2649, 2907, 3177, 3459, 3753, 4059, 4377, 4707, 5049, 5403, 5769, 6147, 6537, 6939, 7353, 7779, 8217, 8667, 9129, 9603, 10089, 10587, 11097, 11619"
A109544,add sub x_0_1 x_0_6 x_0_2,((x_0_1 sub x_0_6) add x_0_2),"1, 1, 1, 1, 1, 4, 4, 7, 10, 16, 25, 37, 58, 88, 136, 208, 319, 490, 751, 1153, 1768, 2713, 4162, 6385, 9796, 15028, 23056, 35371, 54265, 83251, 127720, 195943, 300607, 461179, 707521, 1085449, 1665250, 2554756, 3919399, 6012976, 9224854, 14152381"
A254759,sub mul x_0_1 INT+ 6 x_0_2,((x_0_1 mul 6) sub x_0_2),"5, 17, 97, 565, 3293, 19193, 111865, 651997, 3800117, 22148705, 129092113, 752403973, 4385331725, 25559586377, 148972186537, 868273532845, 5060669010533, 29495740530353, 171913774171585, 1001986904499157"
A098601,add x_0_2 add x_0_6 x_0_5,(x_0_2 add (x_0_6 add x_0_5)),"1, 1, 0, 3, 0, 4, 2, 5, 5, 8, 9, 14, 16, 24, 29, 41, 52, 71, 92, 124, 162, 217, 285, 380, 501, 666, 880, 1168, 1545, 2049, 2712, 3595, 4760, 6308, 8354, 11069, 14661, 19424, 25729, 34086, 45152, 59816, 79237, 104969, 139052, 184207, 244020, 323260"
A099654,mul idiv INT+ 7 n idiv INT+ 8 sqr mul n sign x_0_6,((7 idiv n) mul (8 idiv ((n mul sign(x_0_6)))**2)),"5, 21, 24, 16, 6, 1, 0, 0, 0, 0, 0, 0, 0, 0, 0, 0, 0, 0, 0, 0, 0, 0, 0, 0, 0, 0, 0, 0, 0, 0, 0, 0, 0, 0, 0, 0, 0, 0, 0, 0, 0, 0, 0, 0, 0, 0, 0, 0, 0, 0, 0, 0, 0, 0, 0, 0, 0, 0, 0, 0, 0, 0, 0, 0, 0, 0, 0, 0, 0, 0, 0, 0, 0, 0, 0, 0, 0, 0, 0, 0, 0, 0, 0, 0, 0, 0, 0, 0, 0, 0, 0, 0, 0, 0, 0, 0, 0, 0, 0, 0, 0, 0, 0, 0, 0, 0, 0, 0, 0, 0, 0, 0, 0, 0, 0, 0, 0, 0, 0, 0, 0, 0, 0, 0, 0, 0, 0, 0, 0, 0, 0"
A128016,idiv x_0_6 INT- 1,(x_0_6 idiv -1),"1, 1, 2, 2, 1, 1, -1, -1, -2, -2, -1, -1, 1, 1, 2, 2, 1, 1, -1, -1, -2, -2, -1, -1, 1, 1, 2, 2, 1, 1, -1, -1, -2, -2, -1, -1, 1, 1, 2, 2, 1, 1, -1, -1, -2, -2, -1, -1, 1, 1, 2, 2, 1, 1, -1, -1, -2, -2, -1, -1, 1, 1, 2, 2, 1, 1, -1, -1, -2, -2, -1, -1"
A058668,add add x_0_1 sub x_0_2 x_0_6 INT+ 9,((x_0_1 add (x_0_2 sub x_0_6)) add 9),"0, 1, 2, 5, 6, 13, 28"
A317509,sub x_0_5 sub x_0_1 x_0_5,(x_0_5 sub (x_0_1 sub x_0_5)),"1, -1, 1, -1, 1, 1, -3, 5, -7, 9, -7, 1, 9, -23, 41, -55, 57, -39, -7, 89, -199, 313, -391, 377, -199, -199, 825, -1607, 2361, -2759, 2361, -711, -2503, 7225, -12743, 17465, -18887, 13881, 569, -26055, 60985, -98759, 126521"
A102302,add INT+ 2 mul x_0_4 sign x_0_6,(2 add (x_0_4 mul sign(x_0_6))),"3, 3, 4, 3, 5, 5, 6, 5, 7, 7, 8, 7, 9, 9, 10, 9, 11, 11, 12, 11, 13, 13, 14, 13, 15, 15, 16, 15, 17, 17, 18, 17, 19, 19, 20, 19, 21, 21, 22, 21, 23, 23, 24, 23, 25, 25, 26, 25, 27, 27, 28, 27, 29, 29, 30, 29, 31, 31, 32, 31, 33, 33, 34, 33, 35, 35, 36, 35, 37, 37, 38, 37, 39, 39"
A243329,add x_0_2 mod INT+ 2 add x_0_5 x_0_6,(x_0_2 add (2 mod (x_0_5 add x_0_6))),"1, 1, 1, 2, 1, 4, 1, 4, 3, 6"
A104581,sub sign x_0_6 x_0_3,(sign(x_0_6) sub x_0_3),"1, -1, 1, -2, 2, -2, 3, -3, 3, -4, 4, -4, 5, -5, 5, -6, 6, -6, 7, -7, 7, -8, 8, -8, 9, -9, 9, -10, 10, -10, 11, -11, 11, -12, 12, -12, 13, -13, 13, -14, 14, -14, 15, -15, 15, -16, 16, -16, 17, -17, 17, -18, 18, -18, 19, -19, 19, -20, 20, -20, 21, -21, 21, -22, 22, -22, 23, -23, 23, -24, 24, -24, 25, -25, 25, -26, 26, -26"
A340215,add add x_0_1 x_0_5 x_0_2,((x_0_1 add x_0_5) add x_0_2),"1, 2, 3, 5, 8, 14, 24, 41, 70, 119, 203, 346, 590, 1006, 1715, 2924, 4985, 8499, 14490, 24704, 42118, 71807, 122424, 208721, 355849, 606688, 1034344, 1763456, 3006521, 5125826, 8739035, 14899205, 25401696, 43307422, 73834944, 125881401, 214615550, 365898647, 623821619, 1063555210, 1813258230"
A345438,mul x_0_5 sign x_0_6,(x_0_5 mul sign(x_0_6)),"2, 4, 4, 4, 4, 2, 4, 4"
A131520,mul sub x_0_1 sub n INT+ 3 INT+ 2,((x_0_1 sub (n sub 3)) mul 2),"2, 6, 12, 22, 40, 74, 140, 270, 528, 1042, 2068, 4118, 8216, 16410, 32796, 65566, 131104, 262178, 524324, 1048614, 2097192, 4194346, 8388652, 16777262, 33554480, 67108914, 134217780, 268435510, 536870968, 1073741882, 2147483708"
A134519,sub x_0_2 idiv n sub INT- 1 sign x_0_6,(x_0_2 sub (n idiv (-1 sub sign(x_0_6)))),"1, 2, 3, 4, 6, 7, 10, 11, 15, 16, 21, 22, 28, 29, 36, 37, 45, 46, 55, 56, 66, 67, 78, 79, 91, 92, 105, 106, 120, 121, 136, 137, 153, 154, 171, 172, 190, 191, 210, 211, 231, 232, 253, 254, 276, 277, 300, 301, 325, 326, 351, 352, 378, 379, 406, 407, 435, 436, 465, 466"
A085621,add INT+ 6 mul x_0_4 sign x_0_6,(6 add (x_0_4 mul sign(x_0_6))),"1, 3, 5, 7, 9, 10, 11, 13, 15, 16, 17, 19"
A108812,mod x_0_5 add mul n n x_0_6,(x_0_5 mod ((n mul n) add x_0_6)),"1, 11, 21, 31, 41, 1, 11, 21, 31, 41, 1, 11, 21, 31, 41, 1, 11, 21, 31, 41, 1, 11, 21, 31, 41, 1, 11, 21, 31, 41, 1, 11, 21, 31, 41, 1, 11, 21, 31, 41, 1, 11, 21, 31, 41, 1, 11, 21, 31, 41, 1, 11, 21, 31, 41, 1, 11, 21, 31, 41, 1, 11, 21, 31, 41, 1, 11, 21, 31, 41, 1, 11, 21, 31, 41"
A109043,sub x_0_4 sub x_0_6 x_0_2,(x_0_4 sub (x_0_6 sub x_0_2)),"0, 2, 2, 6, 4, 10, 6, 14, 8, 18, 10, 22, 12, 26, 14, 30, 16, 34, 18, 38, 20, 42, 22, 46, 24, 50, 26, 54, 28, 58, 30, 62, 32, 66, 34, 70, 36, 74, 38, 78, 40, 82, 42, 86, 44, 90, 46, 94, 48, 98, 50, 102, 52, 106, 54, 110, 56, 114, 58, 118, 60, 122, 62, 126, 64, 130, 66, 134"
A055002,add add n INT- 4 mul x_0_4 sign x_0_6,((n add -4) add (x_0_4 mul sign(x_0_6))),"1, 1, 2, 2, 3, 4, 5, 6, 8, 10, 12, 14, 17"
A179606,sub mul INT+ 3 x_0_1 mul INT- 5 x_0_2,((3 mul x_0_1) sub (-5 mul x_0_2)),"1, 4, 17, 71, 298, 1249, 5237, 21956, 92053, 385939, 1618082, 6783941, 28442233, 119246404, 499950377, 2096083151, 8788001338, 36844419769, 154473265997, 647641896836, 2715292020493, 11384085545659, 47728716739442"
A112667,sign x_0_6,sign(x_0_6),"97, 88, 72, 51, 26, 10, 1, 1, 1, 1, 1, 1, 1, 1, 1, 1, 1, 1, 1, 1, 1, 1, 1, 1, 1, 1, 1, 1, 1, 1, 1, 1, 1, 1, 1, 1, 1, 1, 1, 1, 1, 1, 1, 1, 1, 1, 1, 1, 1, 1, 1, 1, 1, 1, 1, 1, 1, 1, 1, 1, 1, 1, 1, 1, 1, 1, 1, 1, 1, 1, 1, 1, 1, 1, 1, 1, 1, 1, 1, 1, 1, 1, 1, 1, 1, 1, 1, 1, 1, 1, 1, 1, 1, 1, 1, 1, 1, 1, 1, 1, 1, 1"
A156796,add x_0_1 add sqr sub INT+ 1 0 sign x_0_1 idiv INT+ 3 x_0_1,(x_0_1 add (((10 sub sign(x_0_1)))**2 add (3 idiv x_0_1))),"59, 140, 221, 302, 383, 464, 545, 626, 707, 788, 869, 950, 1031, 1112, 1193, 1274, 1355, 1436, 1517, 1598, 1679, 1760, 1841, 1922, 2003, 2084, 2165, 2246, 2327, 2408, 2489, 2570, 2651, 2732, 2813, 2894, 2975, 3056, 3137, 3218, 3299, 3380, 3461, 3542"
A163811,sub x_0_6 idiv INT+ 7 n,(x_0_6 sub (7 idiv n)),"1, -1, 0, 0, 0, 1, 0, -1, 0, 0, 0, 1, 0, -1, 0, 0, 0, 1, 0, -1, 0, 0, 0, 1, 0, -1, 0, 0, 0, 1, 0, -1, 0, 0, 0, 1, 0, -1, 0, 0, 0, 1, 0, -1, 0, 0, 0, 1, 0, -1, 0, 0, 0, 1, 0, -1, 0, 0, 0, 1, 0, -1, 0, 0, 0, 1, 0, -1, 0, 0, 0, 1, 0, -1, 0, 0, 0, 1, 0, -1, 0, 0, 0, 1, 0, -1, 0, 0, 0, 1, 0, -1, 0, 0, 0, 1, 0, -1, 0, 0, 0, 1, 0, -1, 0"
A113655,sub x_0_6 INT- 6,(x_0_6 sub -6),"3, 2, 1, 6, 5, 4, 9, 8, 7, 12, 11, 10, 15, 14, 13, 18, 17, 16, 21, 20, 19, 24, 23, 22, 27, 26, 25, 30, 29, 28, 33, 32, 31, 36, 35, 34, 39, 38, 37, 42, 41, 40, 45, 44, 43, 48, 47, 46, 51, 50, 49, 54, 53, 52, 57, 56, 55, 60, 59, 58, 63, 62, 61, 66, 65, 64, 69, 68, 67, 72, 71, 70"
A113779,x_0_6,x_0_6,"17, 9, 8, 17, 9, 8, 17, 9, 8, 17, 9, 8, 17, 9, 8, 17, 9, 8, 17, 9, 8, 17, 9, 8, 17, 9, 8, 17, 9, 8, 17, 9, 8, 17, 9, 8, 17, 9, 8, 17, 9, 8, 17, 9, 8, 17, 9, 8, 17, 9, 8, 17, 9, 8, 17, 9, 8, 17, 9, 8, 17, 9, 8, 17, 9, 8, 17, 9, 8, 17, 9, 8, 17, 9, 8, 17, 9, 8, 17, 9, 8, 17, 9, 8, 17"
A013982,add sub x_0_1 x_0_6 x_0_2,((x_0_1 sub x_0_6) add x_0_2),"1, 0, 1, 1, 2, 3, 4, 7, 10, 16, 24, 37, 57, 87, 134, 205, 315, 483, 741, 1137, 1744, 2676, 4105, 6298, 9662, 14823, 22741, 34888, 53524, 82114, 125976, 193267, 296502, 454881, 697859, 1070626, 1642509"
A357678,sub mul INT+ 9 mul n sqr sub n sign x_0_1 sign x_0_1,((9 mul (n mul ((n sub sign(x_0_1)))**2)) sub sign(x_0_1)),"8, 17, 107"
A114563,relu idiv sign x_0_6 n,relu((sign(x_0_6) idiv n)),"1, 1, 2, 9, 207, 1632, 0, 0, 0, 0, 0, 0, 0, 0, 0, 0, 0, 0, 0, 0, 0, 0, 0, 0, 0, 0, 0, 0, 0, 0, 0, 0, 0, 0, 0, 0, 0, 0, 0, 0, 0, 0, 0, 0, 0, 0, 0, 0, 0, 0, 0, 0, 0, 0, 0, 0, 0, 0, 0, 0, 0, 0, 0, 0, 0, 0, 0, 0, 0, 0, 0, 0, 0, 0, 0, 0, 0, 0, 0, 0, 0, 0, 0, 0, 0, 0, 0, 0, 0, 0, 0, 0, 0, 0, 0, 0, 0"
A115274,sub x_0_3 sub x_0_6 x_0_3,(x_0_3 sub (x_0_6 sub x_0_3)),"1, 2, 3, 5, 7, 6, 9, 12, 9, 13, 17, 12, 17, 22, 15, 21, 27, 18, 25, 32, 21, 29, 37, 24, 33, 42, 27, 37, 47, 30, 41, 52, 33, 45, 57, 36, 49, 62, 39, 53, 67, 42, 57, 72, 45, 61, 77, 48, 65, 82, 51, 69, 87, 54, 73, 92, 57, 77, 97, 60, 81, 102, 63, 85, 107, 66, 89, 112, 69, 93, 117"
A115339,add x_0_6 add x_0_4 x_0_4,(x_0_6 add (x_0_4 add x_0_4)),"1, 1, 2, 3, 3, 4, 5, 7, 8, 11, 13, 18, 21, 29, 34, 47, 55, 76, 89, 123, 144, 199, 233, 322, 377, 521, 610, 843, 987, 1364, 1597, 2207, 2584, 3571, 4181, 5778, 6765, 9349, 10946, 15127, 17711, 24476, 28657, 39603, 46368, 64079, 75025, 103682, 121393, 167761"
A176691,add x_0_1 sub x_0_1 add n sub n INT+ 5,(x_0_1 add (x_0_1 sub (n add (n sub 5)))),"2, 5, 9, 15, 25, 43, 77, 143, 273, 531, 1045, 2071, 4121, 8219, 16413, 32799, 65569, 131107, 262181, 524327, 1048617, 2097195, 4194349, 8388655, 16777265, 33554483, 67108917, 134217783, 268435513, 536870971, 1073741885, 2147483711"
A056236,sub mul x_0_1 INT+ 4 add x_0_2 x_0_2,((x_0_1 mul 4) sub (x_0_2 add x_0_2)),"2, 4, 12, 40, 136, 464, 1584, 5408, 18464, 63040, 215232, 734848, 2508928, 8566016, 29246208, 99852800, 340918784, 1163969536, 3974040576, 13568223232, 46324811776, 158162800640, 540001579008, 1843680714752, 6294719700992"
A065423,sub x_0_4 sub x_0_6 x_0_2,(x_0_4 sub (x_0_6 sub x_0_2)),"0, 0, 2, 1, 4, 2, 6, 3, 8, 4, 10, 5, 12, 6, 14, 7, 16, 8, 18, 9, 20, 10, 22, 11, 24, 12, 26, 13, 28, 14, 30, 15, 32, 16, 34, 17, 36, 18, 38, 19, 40, 20, 42, 21, 44, 22, 46, 23, 48, 24, 50, 25, 52, 26, 54, 27, 56, 28, 58, 29, 60, 30, 62, 31, 64, 32, 66, 33, 68, 34, 70, 35, 72, 36, 74"
A121471,add sub x_0_1 sub x_0_3 x_0_2 INT+ 9,((x_0_1 sub (x_0_3 sub x_0_2)) add 9),"1, 3, 11, 22, 39, 59, 85, 114, 149, 187, 231, 278, 331, 387, 449, 514, 585, 659, 739, 822, 911, 1003, 1101, 1202, 1309, 1419, 1535, 1654, 1779, 1907, 2041, 2178, 2321, 2467, 2619, 2774, 2935, 3099, 3269, 3442, 3621, 3803, 3991, 4182, 4379, 4579, 4785, 4994, 5209"
A103750,add add x_0_4 x_0_5 add x_0_6 x_0_6,((x_0_4 add x_0_5) add (x_0_6 add x_0_6)),"1, 1, 1, 2, 3, 4, 4, 5, 7, 11, 14, 17, 20, 28, 39, 53, 65, 82, 107, 148, 196, 253, 319, 419, 558, 745, 964, 1244, 1615, 2141, 2825, 3698, 4787, 6244, 8196, 10805, 14135, 18427, 24014, 31489, 41332, 54172, 70711, 92357, 120849, 158482, 207547, 271412, 354628, 464045"
A122088,sub add x_0_2 x_0_2 x_0_4,((x_0_2 add x_0_2) sub x_0_4),"1, 11, 6, 16, 11, 21, 16, 26, 21, 31, 26, 36, 31, 41, 36, 46, 41, 51, 46, 56, 51, 61, 56, 66, 61, 71, 66, 76, 71, 81, 76, 86, 81, 91, 86, 96, 91, 101, 96, 106, 101, 111, 106, 116, 111, 121, 116, 126, 121, 131, 126, 136, 131, 141, 136, 146, 141, 151, 146, 156, 151, 161, 156, 166, 161, 171"
A122918,sub x_0_3 sub x_0_6 x_0_3,(x_0_3 sub (x_0_6 sub x_0_3)),"1, 0, -2, 2, 1, -4, 3, 2, -6, 4, 3, -8, 5, 4, -10, 6, 5, -12, 7, 6, -14, 8, 7, -16, 9, 8, -18, 10, 9, -20, 11, 10, -22, 12, 11, -24, 13, 12, -26, 14, 13, -28, 15, 14, -30, 16, 15, -32, 17, 16, -34, 18, 17, -36, 19, 18, -38"
A123231,add x_0_2 sub x_0_2 x_0_6,(x_0_2 add (x_0_2 sub x_0_6)),"1, 2, 1, 3, 2, 5, 3, 8, 5, 13, 8, 21, 13, 34, 21, 55, 34, 89, 55, 144, 89, 233, 144, 377, 233, 610, 377, 987, 610, 1597, 987, 2584, 1597, 4181, 2584, 6765, 4181, 10946, 6765, 17711, 10946, 28657, 17711, 46368, 28657, 75025, 46368, 121393, 75025, 196418"
A255198,add x_0_6 x_0_5,(x_0_6 add x_0_5),"1, 1, 1, 4, 1, 6, 2, 2, 5"
A131380,sub x_0_6 INT- 4,(x_0_6 sub -4),"0, 2, 1, 2, 4, 3, 4, 6, 5, 6, 8, 7, 8, 10, 9, 10, 12, 11, 12, 14, 13, 14, 16, 15, 16, 18, 17, 18, 20, 19, 20, 22, 21, 22, 24, 23, 24, 26, 25, 26, 28, 27, 28, 30, 29, 30, 32, 31, 32, 34, 33, 34, 36, 35, 36, 38, 37, 38, 40, 39, 40, 42, 41, 42, 44, 43, 44, 46, 45, 46, 48, 47, 48, 50"
A166446,mul x_0_6 INT- 1,(x_0_6 mul -1),"1, 1, 1, 1, 0, 0, -1, -1, -1, -1, 0, 0, 1, 1, 1, 1, 0, 0, -1, -1, -1, -1, 0, 0, 1, 1, 1, 1, 0, 0, -1, -1, -1, -1, 0, 0, 1, 1, 1, 1, 0, 0, -1, -1, -1, -1, 0, 0, 1, 1, 1, 1, 0, 0, -1, -1, -1, -1, 0, 0, 1, 1, 1, 1, 0, 0, -1, -1, -1, -1, 0, 0, 1, 1, 1, 1, 0, 0"
A010100,mul x_0_2 x_0_1 INT+ 1 0,(x_0_2 mul x_0_1),"1, 10, 10, 100, 1000, 100000, 100000000, 10000000000000, 1000000000000000000000, 10000000000000000000000000000000000, 10000000000000000000000000000000000000000000000000000000"
A211669,add x_0_3 idiv x_0_6 sqr x_0_3,(x_0_3 add (x_0_6 idiv (x_0_3)**2)),"0, 1, 1, 1, 1, 1, 1, 2, 2, 2, 2, 2, 2, 2, 2, 2, 2, 2, 2, 2, 2, 2, 2, 2, 2, 2, 2, 2, 2, 2, 2, 2, 2, 2, 2, 2, 2, 2, 2, 2, 2, 2, 2, 2, 2, 2, 2, 2, 2, 2, 2, 2, 2, 2, 2, 2, 2, 2, 2, 2, 2, 2, 2, 2, 2, 2, 2, 2, 2, 2, 2, 2, 2, 2, 2, 2, 2, 2, 2, 2, 2, 2, 2, 2, 2, 2"
A128017,mul x_0_6 INT- 1,(x_0_6 mul -1),"1, 2, 2, 1, 1, -1, -1, -2, -2, -1, -1, 1, 1, 2, 2, 1, 1, -1, -1, -2, -2, -1, -1, 1, 1, 2, 2, 1, 1, -1, -1, -2, -2, -1, -1, 1, 1, 2, 2, 1, 1, -1, -1, -2, -2, -1, -1, 1, 1, 2, 2, 1, 1, -1, -1, -2, -2, -1, -1, 1, 1, 2, 2, 1, 1, -1, -1, -2, -2, -1, -1"
A128615,sub x_0_3 sub x_0_6 x_0_3,(x_0_3 sub (x_0_6 sub x_0_3)),"0, 1, -1, 0, 2, -2, 0, 3, -3, 0, 4, -4, 0, 5, -5, 0, 6, -6, 0, 7, -7, 0, 8, -8, 0, 9, -9, 0, 10, -10, 0, 11, -11, 0, 12, -12, 0, 13, -13, 0, 14, -14, 0, 15, -15, 0, 16, -16, 0, 17, -17, 0, 18, -18, 0, 19, -19"
A334303,add INT+ 1 0 mul x_0_5 sign x_0_6,(10 add (x_0_5 mul sign(x_0_6))),"5, 7, 9, 10, 11, 14, 17"
A129197,abs x_0_6,abs(x_0_6),"12, 3, 4, 3, 12, 1, 12, 3, 4, 3, 12, 1, 12, 3, 4, 3, 12, 1, 12, 3, 4, 3, 12, 1, 12, 3, 4, 3, 12, 1, 12, 3, 4, 3, 12, 1, 12, 3, 4, 3, 12, 1, 12, 3, 4, 3, 12, 1, 12, 3, 4, 3, 12, 1, 12, 3, 4, 3, 12, 1, 12, 3, 4, 3, 12, 1, 12, 3, 4, 3, 12, 1, 12, 3, 4, 3, 12, 1"
A101443,add x_0_3 sub x_0_3 x_0_6,(x_0_3 add (x_0_3 sub x_0_6)),"1, 1, 1, 3, 1, 1, 5, 1, 1, 7, 1, 1, 9, 1, 1, 11, 1, 1, 13, 1, 1, 15, 1, 1, 17, 1, 1, 19, 1, 1, 21, 1, 1, 23, 1, 1, 25, 1, 1, 27, 1, 1, 29, 1, 1, 31, 1, 1, 33, 1, 1, 35, 1, 1, 37, 1, 1, 39, 1, 1, 41, 1, 1, 43, 1, 1, 45, 1, 1, 47, 1, 1, 49, 1, 1, 51, 1, 1, 53, 1, 1, 55, 1, 1, 57, 1, 1, 59, 1, 1, 61, 1"
A260316,add x_0_3 sub x_0_3 x_0_6,(x_0_3 add (x_0_3 sub x_0_6)),"0, 0, 1, 1, 3, 4, 2, 6, 7, 3, 9, 10, 4, 12, 13, 5, 15, 16, 6, 18, 19, 7, 21, 22, 8, 24, 25, 9, 27, 28, 10, 30, 31, 11, 33, 34, 12, 36, 37, 13, 39, 40, 14, 42, 43, 15, 45, 46, 16, 48, 49, 17, 51, 52, 18, 54, 55, 19, 57, 58, 20, 60, 61, 21, 63, 64, 22, 66, 67, 23"
A130165,idiv x_0_4 sign x_0_6,(x_0_4 idiv sign(x_0_6)),"1, 2, 3, 5, 11, 2, 3, 5, 11, 2, 3, 5, 11, 2, 3, 5, 11, 2, 3, 5, 11, 2, 3, 5, 11, 2, 3, 5, 11, 2, 3, 5, 11, 2, 3, 5, 11, 2, 3, 5, 11, 2, 3, 5, 11, 2, 3, 5, 11, 2, 3, 5, 11, 2, 3, 5, 11, 2, 3, 5, 11, 2, 3, 5, 11, 2, 3, 5, 11, 2, 3, 5, 11, 2, 3, 5, 11, 2, 3, 5, 11, 2, 3, 5, 11, 2, 3, 5, 11, 2, 3, 5, 11, 2"
A130509,sub x_0_6 INT- 6,(x_0_6 sub -6),"3, 1, 2, 6, 4, 5, 9, 7, 8, 12, 10, 11, 15, 13, 14, 18, 16, 17, 21, 19, 20, 24, 22, 23, 27, 25, 26, 30, 28, 29, 33, 31, 32, 36, 34, 35, 39, 37, 38, 42, 40, 41, 45, 43, 44, 48, 46, 47, 51, 49, 50, 54, 52, 53, 57, 55, 56, 60, 58, 59, 63, 61, 62, 66, 64, 65, 69, 67"
A130724,add x_0_3 sub x_0_3 x_0_6,(x_0_3 add (x_0_3 sub x_0_6)),"0, 3, 6, 1, 12, 15, 2, 21, 24, 3, 30, 33, 4, 39, 42, 5, 48, 51, 6, 57, 60, 7, 66, 69, 8, 75, 78, 9, 84, 87, 10, 93, 96, 11, 102, 105, 12, 111, 114, 13, 120, 123, 14, 129, 132, 15, 138, 141, 16, 147, 150, 17, 156, 159, 18, 165, 168, 19, 174, 177, 20, 183, 186"
A130727,sub x_0_6 INT- 4,(x_0_6 sub -4),"1, 3, 2, 3, 5, 4, 5, 7, 6, 7, 9, 8, 9, 11, 10, 11, 13, 12, 13, 15, 14, 15, 17, 16, 17, 19, 18, 19, 21, 20, 21, 23, 22, 23, 25, 24, 25, 27, 26, 27, 29, 28, 29, 31, 30, 31, 33, 32, 33, 35, 34, 35, 37, 36, 37, 39, 38, 39, 41, 40, 41, 43, 42, 43, 45, 44, 45, 47, 46, 47, 49, 48, 49, 51"
A145051,sub add x_0_2 x_0_2 x_0_4,((x_0_2 add x_0_2) sub x_0_4),"1, 3, 2, 5, 3, 7, 4, 9, 5, 11, 6, 13, 7, 15, 8, 17, 9, 19, 10, 21, 11, 23, 12, 25, 13, 27, 14, 29, 15, 31, 16, 33, 17, 35, 18, 37, 19, 39, 20, 41, 21, 43, 22, 45, 23, 47, 24, 49, 25, 51, 26, 53, 27, 55, 28, 57, 29, 59, 30, 61, 31, 63, 32, 65, 33, 67, 34, 69, 35, 71, 36, 73, 37, 75"
A131030,abs x_0_6,abs(x_0_6),"16, 7, 7, 16, 25, 25, 16, 7, 7, 16, 25, 25, 16, 7, 7, 16, 25, 25, 16, 7, 7, 16, 25, 25, 16, 7, 7, 16, 25, 25, 16, 7, 7, 16, 25, 25, 16, 7, 7, 16, 25, 25, 16, 7, 7, 16, 25, 25, 16, 7, 7, 16, 25, 25, 16, 7, 7, 16, 25, 25, 16, 7, 7, 16, 25, 25, 16, 7, 7, 16, 25, 25, 16, 7, 7, 16, 25, 25, 16"
A131358,sub x_0_3 sub x_0_6 x_0_3,(x_0_3 sub (x_0_6 sub x_0_3)),"0, 1, 0, 0, 2, -1, 0, 3, -2, 0, 4, -3, 0, 5, -4, 0, 6, -5, 0, 7, -6, 0, 8, -7, 0, 9, -8, 0, 10, -9, 0, 11, -10, 0, 12, -11, 0, 13, -12, 0, 14, -13, 0, 15, -14, 0, 16, -15, 0, 17, -16, 0, 18, -17, 0, 19, -18, 0, 20, -19, 0, 21, -20, 0, 22, -21, 0, 23, -22, 0, 24, -23, 0, 25, -24, 0, 26, -25, 0, 27, -26, 0, 28, -27, 0, 29, -28, 0, 30, -29"
A309970,idiv x_0_6 INT- 1,(x_0_6 idiv -1),"1, 1, 0, 0, -1, -1, -1, -1, 0, 0, 1, 1, 1, 1, 0, 0, -1, -1, -1, -1, 0, 0, 1, 1, 1, 1, 0, 0, -1, -1, -1, -1, 0, 0, 1, 1, 1, 1, 0, 0, -1, -1, -1, -1, 0, 0, 1, 1, 1, 1, 0, 0, -1, -1, -1, -1, 0, 0, 1, 1, 1, 1, 0, 0, -1, -1, -1, -1, 0, 0, 1, 1, 1, 1, 0, 0, -1, -1"
A357619,add add x_0_1 x_0_3 sign x_0_5,((x_0_1 add x_0_3) add sign(x_0_5)),"0, 1, 2, 3, 6, 9, 13, 20, 30"
A134012,idiv x_0_5 sign x_0_6,(x_0_5 idiv sign(x_0_6)),"1, 6, 11, 6, 1, 1, 6, 11, 6, 1, 1, 6, 11, 6, 1, 1, 6, 11, 6, 1, 1, 6, 11, 6, 1, 1, 6, 11, 6, 1, 1, 6, 11, 6, 1, 1, 6, 11, 6, 1, 1, 6, 11, 6, 1, 1, 6, 11, 6, 1, 1, 6, 11, 6, 1"
A134202,add x_0_2 mul idiv INT+ 3 n x_0_6,(x_0_2 add ((3 idiv n) mul x_0_6)),"1, 5, 13, 14, 14, 14, 14, 14, 14, 14, 14, 14, 14, 14, 14, 14, 14, 14, 14, 14, 14, 14, 14, 14, 14, 14, 14, 14, 14, 14, 14, 14, 14, 14, 14, 14, 14, 14, 14, 14, 14, 14, 14, 14, 14, 14, 14, 14, 14, 14, 14, 14, 14, 14, 14, 14, 14, 14, 14, 14, 14, 14, 14, 14, 14, 14"
A109500,add mul INT+ 4 add x_0_1 x_0_2 x_0_2,((4 mul (x_0_1 add x_0_2)) add x_0_2),"1, 0, 5, 20, 105, 520, 2605, 13020, 65105, 325520, 1627605, 8138020, 40690105, 203450520, 1017252605, 5086263020, 25431315105, 127156575520, 635782877605, 3178914388020, 15894571940105, 79472859700520"
A137241,sub x_0_3 sub x_0_6 x_0_3,(x_0_3 sub (x_0_6 sub x_0_3)),"0, 3, 2, 1, 2, 0, 2, 1, -2, 3, 0, -4, 4, -1, -6, 5, -2, -8, 6, -3, -10, 7, -4, -12, 8, -5, -14, 9, -6, -16, 10, -7, -18, 11, -8, -20, 12, -9, -22, 13, -10, -24, 14, -11, -26, 15, -12, -28, 16, -13, -30, 17, -14, -32, 18, -15, -34, 19, -16, -36, 20, -17, -38, 21, -18, -40"
A139581,add x_0_1 sub x_0_1 sub x_0_2 add INT+ 9 INT- 5,(x_0_1 add (x_0_1 sub (x_0_2 sub (9 add -5)))),"0, 21, 46, 75, 108, 145, 186, 231, 280, 333, 390, 451, 516, 585, 658, 735, 816, 901, 990, 1083, 1180, 1281, 1386, 1495, 1608, 1725, 1846, 1971, 2100, 2233, 2370, 2511, 2656, 2805, 2958, 3115, 3276, 3441, 3610, 3783, 3960, 4141"
A033567,add sub x_0_1 x_0_2 add sqr INT- 4 x_0_1,((x_0_1 sub x_0_2) add ((-4)**2 add x_0_1)),"1, 3, 21, 55, 105, 171, 253, 351, 465, 595, 741, 903, 1081, 1275, 1485, 1711, 1953, 2211, 2485, 2775, 3081, 3403, 3741, 4095, 4465, 4851, 5253, 5671, 6105, 6555, 7021, 7503, 8001, 8515, 9045, 9591, 10153, 10731, 11325, 11935, 12561, 13203, 13861, 14535, 15225"
A192881,add x_0_1 mod INT+ 2 add n x_0_6,(x_0_1 add (2 mod (n add x_0_6))),"1, 3, 5, 8, 10, 11, 13, 15, 17, 19"
A129109,add x_0_1 mul INT+ 3 sub mul INT+ 4 n INT+ 3,(x_0_1 add (3 mul ((4 mul n) sub 3))),"7, 22, 49, 88, 139, 202, 277, 364, 463, 574, 697, 832, 979, 1138, 1309, 1492, 1687, 1894, 2113, 2344, 2587, 2842, 3109, 3388, 3679, 3982, 4297, 4624, 4963, 5314, 5677, 6052, 6439, 6838, 7249, 7672, 8107, 8554, 9013, 9484, 9967, 10462, 10969, 11488"
A142702,relu x_0_4,relu(x_0_4),"5, 2, 5, 8, 5, 2, 5, 8, 5, 2, 5, 8, 5, 2, 5, 8, 5, 2, 5, 8, 5, 2, 5, 8, 5, 2, 5, 8, 5, 2, 5, 8, 5, 2, 5, 8, 5, 2, 5, 8, 5, 2, 5, 8, 5, 2, 5, 8, 5, 2, 5, 8, 5, 2, 5, 8, 5, 2, 5, 8, 5, 2, 5, 8, 5, 2, 5, 8, 5, 2, 5, 8, 5, 2, 5, 8, 5, 2, 5, 8, 5, 2, 5, 8"
A143025,relu x_0_4,relu(x_0_4),"1, 8, 2, 8, 1, 8, 2, 8, 1, 8, 2, 8, 1, 8, 2, 8, 1, 8, 2, 8, 1, 8, 2, 8, 1, 8, 2, 8, 1, 8, 2, 8, 1, 8, 2, 8, 1, 8, 2, 8, 1, 8, 2, 8, 1, 8, 2, 8, 1, 8, 2, 8, 1, 8, 2, 8, 1, 8, 2, 8, 1, 8, 2, 8, 1, 8, 2, 8, 1, 8, 2, 8, 1, 8, 2, 8, 1, 8, 2, 8, 1, 8, 2, 8, 1, 8"
A266286,sub add x_0_2 x_0_2 x_0_4,((x_0_2 add x_0_2) sub x_0_4),"0, 2, 3, 3, 6, 4, 9, 5, 12, 6, 15, 7, 18, 8, 21, 9, 24, 10, 27, 11, 30, 12, 33, 13, 36, 14, 39, 15, 42, 16, 45, 17, 48, 18, 51, 19, 54, 20, 57, 21, 60, 22, 63, 23, 66, 24, 69, 25, 72, 26, 75, 27, 78, 28, 81, 29, 84, 30, 87, 31, 90, 32, 93, 33, 96, 34, 99, 35"
A143645,mul idiv INT+ 7 n idiv INT+ 8 sqr sub n sign x_0_6,((7 idiv n) mul (8 idiv ((n sub sign(x_0_6)))**2)),"24, 36, 55, 17, 1, 0, 0, 0, 0, 0, 0, 0, 0, 0, 0, 0, 0, 0, 0, 0, 0, 0, 0, 0, 0, 0, 0, 0, 0, 0, 0, 0, 0, 0, 0, 0, 0, 0, 0, 0, 0, 0, 0, 0, 0, 0, 0, 0, 0, 0, 0, 0, 0, 0, 0, 0, 0, 0, 0, 0, 0, 0, 0, 0, 0, 0, 0, 0, 0, 0, 0, 0, 0, 0, 0, 0, 0, 0, 0, 0, 0, 0, 0, 0, 0, 0, 0, 0, 0, 0, 0, 0, 0, 0, 0, 0, 0, 0, 0, 0, 0, 0, 0"
A143754,idiv idiv idiv x_0_6 n n n,(((x_0_6 idiv n) idiv n) idiv n),"75, 49, 8, 7, 1, 0, 0, 0, 0, 0, 0, 0, 0, 0, 0, 0, 0, 0, 0, 0, 0, 0, 0, 0, 0, 0, 0, 0, 0, 0, 0, 0, 0, 0, 0, 0, 0, 0, 0, 0, 0, 0, 0, 0, 0, 0, 0, 0, 0, 0, 0, 0, 0, 0, 0, 0, 0, 0, 0, 0, 0, 0, 0, 0, 0, 0, 0, 0, 0, 0, 0, 0, 0, 0, 0, 0, 0, 0, 0, 0, 0, 0, 0, 0, 0, 0, 0, 0, 0, 0, 0, 0, 0, 0, 0, 0, 0, 0, 0, 0, 0, 0, 0, 0"
A143737,idiv sqr sqr idiv INT+ 7 n add INT+ 8 idiv sign x_0_6 n,((((7 idiv n))**2)**2 idiv (8 add (sign(x_0_6) idiv n))),"68, 58, 32, 31, 1, 0, 0, 0, 0, 0, 0, 0, 0, 0, 0, 0, 0, 0, 0, 0, 0, 0, 0, 0, 0, 0, 0, 0, 0, 0, 0, 0, 0, 0, 0, 0, 0, 0, 0, 0, 0, 0, 0, 0, 0, 0, 0, 0, 0, 0, 0, 0, 0, 0, 0, 0, 0, 0, 0, 0, 0, 0, 0, 0, 0, 0, 0, 0, 0, 0, 0, 0, 0, 0, 0, 0, 0, 0, 0, 0, 0, 0, 0, 0, 0, 0, 0, 0, 0, 0, 0, 0, 0, 0, 0, 0, 0, 0, 0, 0, 0, 0, 0"
A145064,add x_0_3 sub x_0_3 x_0_6,(x_0_3 add (x_0_3 sub x_0_6)),"2, 1, 4, 5, 2, 7, 8, 3, 10, 11, 4, 13, 14, 5, 16, 17, 6, 19, 20, 7, 22, 23, 8, 25, 26, 9, 28, 29, 10, 31, 32, 11, 34, 35, 12, 37, 38, 13, 40, 41, 14, 43, 44, 15, 46, 47, 16, 49, 50, 17, 52, 53, 18, 55, 56, 19, 58, 59, 20, 61, 62, 21, 64, 65, 22, 67, 68, 23, 70, 71, 24, 73, 74, 25"
A145644,abs x_0_6,abs(x_0_6),"1, 10, 100, 1, 10, 100, 1, 10, 100, 1, 10, 100, 1, 10, 100, 1, 10, 100, 1, 10, 100, 1, 10, 100, 1, 10, 100, 1, 10, 100, 1, 10, 100, 1, 10, 100, 1, 10, 100, 1, 10, 100, 1, 10, 100, 1, 10, 100, 1, 10, 100, 1, 10, 100, 1, 10, 100, 1, 10, 100, 1, 10, 100, 1, 10, 100, 1, 10, 100"
A010558,add x_0_1 mul x_0_2 sign x_0_6,(x_0_1 add (x_0_2 mul sign(x_0_6))),"1, 1, 1, 2, 2, 2, 4, 6, 10"
A010671,mul x_0_5 add x_0_6 x_0_5,(x_0_5 mul (x_0_6 add x_0_5)),"1, 1, 1, 1, 1, 2, 2, 2, 2, 2, 6, 8"
A146535,sub x_0_3 sub x_0_6 x_0_3,(x_0_3 sub (x_0_6 sub x_0_3)),"1, 1, 5, 7, 3, 11, 13, 5, 17, 19, 7, 23, 25, 9, 29, 31, 11, 35, 37, 13, 41, 43, 15, 47, 49, 17, 53, 55, 19, 59, 61, 21, 65, 67, 23, 71, 73, 25, 77, 79, 27, 83, 85, 29, 89, 91, 31, 95, 97, 33, 101, 103, 35, 107, 109, 37, 113, 115, 39, 119, 121, 41, 125, 127, 43, 131, 133, 45"
A099213,add add mul x_0_3 INT+ 3 x_0_1 x_0_2,(((x_0_3 mul 3) add x_0_1) add x_0_2),"1, 1, 1, 5, 9, 17, 41, 85, 177, 385, 817, 1733, 3705, 7889, 16793, 35797, 76257, 162433, 346081, 737285, 1570665, 3346193, 7128713, 15186901, 32354193, 68927233, 146842129, 312831941, 666455769, 1419814097, 3024765689, 6443947093"
A212831,sub x_0_4 sub x_0_6 x_0_2,(x_0_4 sub (x_0_6 sub x_0_2)),"0, 1, 2, 3, 2, 5, 4, 7, 4, 9, 6, 11, 6, 13, 8, 15, 8, 17, 10, 19, 10, 21, 12, 23, 12, 25, 14, 27, 14, 29, 16, 31, 16, 33, 18, 35, 18, 37, 20, 39, 20, 41, 22, 43, 22, 45, 24, 47, 24, 49, 26, 51, 26, 53, 28, 55, 28, 57, 30, 59, 30, 61, 32, 63, 32, 65, 34, 67, 34, 69, 36, 71, 36, 73, 38, 75"
A151842,sub x_0_3 sub x_0_6 x_0_3,(x_0_3 sub (x_0_6 sub x_0_3)),"0, 1, 1, 1, 3, 2, 2, 5, 3, 3, 7, 4, 4, 9, 5, 5, 11, 6, 6, 13, 7, 7, 15, 8, 8, 17, 9, 9, 19, 10, 10, 21, 11, 11, 23, 12, 12, 25, 13, 13, 27, 14, 14, 29, 15, 15, 31, 16, 16, 33, 17, 17, 35, 18, 18, 37, 19, 19, 39, 20, 20, 41, 21, 21, 43, 22, 22, 45, 23, 23, 47"
A154035,sign x_0_6,sign(x_0_6),"28, 42, 30, 16, 5, 2, 1, 1, 1, 1, 1, 1, 1, 1, 1, 1, 1, 1, 1, 1, 1, 1, 1, 1, 1, 1, 1, 1, 1, 1, 1, 1, 1, 1, 1, 1, 1, 1, 1, 1, 1, 1, 1, 1, 1, 1, 1, 1, 1, 1, 1, 1, 1, 1, 1, 1"
A165665,sub mul INT+ 6 x_0_1 mul INT+ 8 x_0_2,((6 mul x_0_1) sub (8 mul x_0_2)),"1, 8, 40, 176, 736, 3008, 12160, 48896, 196096, 785408, 3143680, 12578816, 50323456, 201310208, 805273600, 3221159936, 12884770816, 51539345408, 206157905920, 824632672256, 3298532786176, 13194135339008, 52776549744640"
A115021,sub INT+ 1 0 sub x_0_3 sign x_0_6,(10 sub (x_0_3 sub sign(x_0_6))),"1, 4, 7, 8, 5, 2, 3, 6, 9"
A194272,add x_0_6 INT+ 3,(x_0_6 add 3),"1, 2, 3, 3, 3, 3, 4, 5, 6, 6, 6, 6, 7, 8, 9, 9, 9, 9, 10, 11, 12, 12, 12, 12, 13, 14, 15, 15, 15, 15, 16, 17, 18, 18, 18, 18, 19, 20, 21, 21, 21, 21, 22, 23, 24, 24, 24, 24, 25, 26, 27, 27, 27, 27, 28, 29, 30, 30, 30, 30, 31, 32, 33, 33, 33, 33, 34, 35, 36, 36, 36, 36"
A158607,mod x_0_5 mul x_0_6 n,(x_0_5 mod (x_0_6 mul n)),"9, 11, 13, 5, 7, 9, 11, 13, 5, 7, 9, 11, 13, 5, 7, 9, 11, 13, 5, 7, 9, 11, 13, 5, 7, 9, 11, 13, 5, 7, 9, 11, 13, 5, 7, 9, 11, 13, 5, 7, 9, 11, 13, 5, 7, 9, 11, 13, 5, 7, 9, 11, 13, 5, 7, 9, 11, 13, 5, 7, 9, 11, 13, 5, 7, 9, 11, 13, 5, 7, 9, 11, 13, 5, 7, 9, 11, 13, 5, 7"
A103820,sub mul INT+ 3 add x_0_1 x_0_2 INT- 1,((3 mul (x_0_1 add x_0_2)) sub -1),"1, 4, 16, 61, 232, 880, 3337, 12652, 47968, 181861, 689488, 2614048, 9910609, 37573972, 142453744, 540083149, 2047610680, 7763081488, 29432076505, 111585473980, 423052651456, 1603914376309, 6080901083296, 23054446378816"
A014848,sub x_0_1 sub x_0_3 add INT+ 4 x_0_2,(x_0_1 sub (x_0_3 sub (4 add x_0_2))),"0, 1, 3, 8, 14, 23, 33, 46, 60, 77, 95, 116, 138, 163, 189, 218, 248, 281, 315, 352, 390, 431, 473, 518, 564, 613, 663, 716, 770, 827, 885, 946, 1008, 1073, 1139, 1208, 1278, 1351, 1425, 1502, 1580, 1661, 1743, 1828, 1914, 2003, 2093, 2186, 2280, 2377, 2475"
A161435,idiv INT+ 7 mul n sign x_0_6,(7 idiv (n mul sign(x_0_6))),"1, 3, 5, 6, 5, 3, 1, 0, 0, 0, 0, 0, 0, 0, 0, 0, 0, 0, 0, 0, 0, 0, 0, 0, 0, 0, 0, 0, 0, 0, 0, 0, 0, 0, 0, 0, 0, 0, 0, 0, 0, 0, 0, 0, 0, 0, 0, 0, 0, 0, 0, 0, 0, 0, 0, 0, 0, 0, 0, 0, 0, 0, 0, 0, 0, 0, 0, 0, 0, 0, 0, 0, 0, 0, 0, 0, 0, 0, 0, 0, 0, 0, 0, 0, 0, 0, 0, 0, 0, 0, 0, 0, 0, 0, 0, 0, 0, 0, 0, 0, 0, 0, 0, 0, 0"
A255840,sub x_0_1 sub x_0_3 add INT+ 8 x_0_2,(x_0_1 sub (x_0_3 sub (8 add x_0_2))),"0, 1, 4, 13, 24, 41, 60, 85, 112, 145, 180, 221, 264, 313, 364, 421, 480, 545, 612, 685, 760, 841, 924, 1013, 1104, 1201, 1300, 1405, 1512, 1625, 1740, 1861, 1984, 2113, 2244, 2381, 2520, 2665, 2812, 2965, 3120, 3281, 3444, 3613, 3784, 3961, 4140, 4325, 4512"
A283056,add INT+ 2 mul x_0_2 sign x_0_6,(2 add (x_0_2 mul sign(x_0_6))),"0, 7, 9, 11, 11, 13, 13"
A163522,mod x_0_2 mul mul n n x_0_6,(x_0_2 mod ((n mul n) mul x_0_6)),"2, 4, 7, 13, 16, 13, 16, 13, 16, 13, 16, 13, 16, 13, 16, 13, 16, 13, 16, 13, 16, 13, 16, 13, 16, 13, 16, 13, 16, 13, 16, 13, 16, 13, 16, 13, 16, 13, 16, 13, 16, 13, 16, 13, 16, 13, 16, 13, 16, 13, 16, 13, 16, 13, 16, 13, 16, 13, 16, 13, 16, 13, 16, 13, 16, 13, 16"
A164005,add add n n add x_0_1 sign x_0_6,((n add n) add (x_0_1 add sign(x_0_6))),"0, 7, 14, 21, 32, 45, 60, 77, 96, 117, 140, 165, 192, 221, 252, 285, 320, 357, 396, 437, 480, 525, 572, 621, 672, 725, 780, 837, 896, 957, 1020, 1085, 1152, 1221, 1292, 1365, 1440, 1517, 1596, 1677, 1760, 1845, 1932, 2021, 2112, 2205, 2300, 2397, 2496, 2597"
A200724,sub mul x_0_1 mul INT+ 7 INT+ 5 x_0_2,((x_0_1 mul (7 mul 5)) sub x_0_2),"1, 35, 1224, 42805, 1496951, 52350480, 1830769849, 64024594235, 2239030028376, 78302026398925, 2738331893933999, 95763314261291040, 3348977667251252401, 117118455039532542995, 4095796948716387752424, 143235774750034038791845, 5009156319302474969962151"
A165351,sub add x_0_2 x_0_2 x_0_4,((x_0_2 add x_0_2) sub x_0_4),"0, 3, 3, 9, 6, 15, 9, 21, 12, 27, 15, 33, 18, 39, 21, 45, 24, 51, 27, 57, 30, 63, 33, 69, 36, 75, 39, 81, 42, 87, 45, 93, 48, 99, 51, 105, 54, 111, 57, 117, 60, 123, 63, 129, 66, 135, 69, 141, 72, 147, 75, 153, 78, 159, 81, 165, 84, 171, 87, 177, 90, 183, 93, 189, 96, 195"
A179599,sub mul INT+ 3 x_0_1 mul INT- 8 x_0_2,((3 mul x_0_1) sub (-8 mul x_0_2)),"1, 7, 29, 143, 661, 3127, 14669, 69023, 324421, 1525447, 7171709, 33718703, 158529781, 745338967, 3504255149, 16475477183, 77460472741, 364185235687, 1712239488989, 8050200352463, 37848516969301, 177947153727607"
A166138,sub add x_0_2 x_0_2 x_0_4,((x_0_2 add x_0_2) sub x_0_4),"1, 8, 7, 20, 13, 32, 19, 44, 25, 56, 31, 68, 37, 80, 43, 92, 49, 104, 55, 116, 61, 128, 67, 140, 73, 152, 79, 164, 85, 176, 91, 188, 97, 200, 103, 212, 109, 224, 115, 236, 121, 248, 127, 260, 133, 272, 139, 284, 145, 296, 151, 308, 157, 320, 163, 332, 169, 344, 175, 356, 181, 368, 187, 380, 193, 392"
A166711,sub x_0_3 sub x_0_6 x_0_3,(x_0_3 sub (x_0_6 sub x_0_3)),"0, 1, 2, -1, 3, 4, -2, 5, 6, -3, 7, 8, -4, 9, 10, -5, 11, 12, -6, 13, 14, -7, 15, 16, -8, 17, 18, -9, 19, 20, -10, 21, 22, -11, 23, 24, -12, 25, 26, -13, 27, 28, -14, 29, 30, -15, 31, 32, -16, 33, 34, -17, 35, 36, -18, 37, 38, -19, 39, 40, -20, 41, 42, -21, 43, 44, -22, 45, 46"
A170752,mul x_0_1 add idiv sign n x_0_1 mul INT+ 8 INT+ 4,(x_0_1 mul ((sign(n) idiv x_0_1) add (8 mul 4))),"1, 33, 1056, 33792, 1081344, 34603008, 1107296256, 35433480192, 1133871366144, 36283883716608, 1161084278931456, 37154696925806592, 1188950301625810944, 38046409652025950208, 1217485108864830406656, 38959523483674573012992, 1246704751477586336415744"
A238379,sub mul sqr INT+ 6 x_0_1 x_0_2,(((6)**2 mul x_0_1) sub x_0_2),"1, 35, 1259, 45289, 1629145, 58603931, 2108112371, 75833441425, 2727895778929, 98128414600019, 3529895029821755, 126978092658983161, 4567681440693572041, 164309553772309610315, 5910576254362452399299, 212616435603275976764449"
A167426,mul x_0_3 sign x_0_6,(x_0_3 mul sign(x_0_6)),"1, 2, 4, 8, 16, 4, 8, 16, 4, 8, 16, 4, 8, 16, 4, 8, 16, 4, 8, 16, 4, 8, 16, 4, 8, 16, 4, 8, 16, 4, 8, 16, 4, 8, 16, 4, 8, 16, 4, 8, 16, 4, 8, 16, 4, 8, 16, 4, 8, 16, 4, 8, 16, 4, 8, 16, 4, 8, 16, 4, 8, 16, 4, 8, 16, 4, 8, 16, 4, 8, 16, 4, 8, 16, 4, 8, 16, 4, 8, 16, 4, 8, 16, 4"
A195019,sub add x_0_2 x_0_2 x_0_4,((x_0_2 add x_0_2) sub x_0_4),"3, 4, 6, 8, 9, 12, 12, 16, 15, 20, 18, 24, 21, 28, 24, 32, 27, 36, 30, 40, 33, 44, 36, 48, 39, 52, 42, 56, 45, 60, 48, 64, 51, 68, 54, 72, 57, 76, 60, 80, 63, 84, 66, 88, 69, 92, 72, 96, 75, 100, 78, 104, 81, 108, 84, 112, 87, 116, 90, 120, 93, 124, 96, 128"
A168053,sub x_0_6 INT+ 8,(x_0_6 sub 8),"1, 1, -1, -3, -3, -5, -7, -7, -9, -11, -11, -13, -15, -15, -17, -19, -19, -21, -23, -23, -25, -27, -27, -29, -31, -31, -33, -35, -35, -37, -39, -39, -41, -43, -43, -45, -47, -47, -49, -51, -51, -53, -55, -55, -57, -59, -59, -61, -63, -63, -65, -67, -67, -69"
A168103,add INT+ 9 mul x_0_1 sign x_0_6,(9 add (x_0_1 mul sign(x_0_6))),"10, 15, 21, 28, 36, 45, 54, 63, 72, 81, 90, 99, 108, 117, 126, 135, 144, 153, 162, 171, 180, 189, 198, 207, 216, 225, 234, 243, 252, 261, 270, 279, 288, 297, 306, 315, 324, 333, 342, 351, 360, 369, 378, 387, 396, 405, 414, 423, 432, 441, 450, 459, 468, 477, 486, 495, 504, 513, 522"
A168104,add sub x_0_1 INT- 1 0 sign mod x_0_6 n,((x_0_1 sub -10) add sign((x_0_6 mod n))),"15, 21, 28, 36, 45, 55, 66, 77, 88, 99, 110, 121, 132, 143, 154, 165, 176, 187, 198, 209, 220, 231, 242, 253, 264, 275, 286, 297, 308, 319, 330, 341, 352, 363, 374, 385, 396, 407, 418, 429, 440, 451, 462, 473, 484, 495, 506, 517, 528, 539, 550, 561, 572, 583, 594, 605, 616, 627"
A168232,sub x_0_6 INT- 6,(x_0_6 sub -6),"2, 0, 4, 2, 6, 4, 8, 6, 10, 8, 12, 10, 14, 12, 16, 14, 18, 16, 20, 18, 22, 20, 24, 22, 26, 24, 28, 26, 30, 28, 32, 30, 34, 32, 36, 34, 38, 36, 40, 38, 42, 40, 44, 42, 46, 44, 48, 46, 50, 48, 52, 50, 54, 52, 56, 54, 58, 56, 60, 58, 62, 60, 64, 62, 66, 64, 68, 66, 70, 68, 72"
A168413,add add x_0_1 sub x_0_2 x_0_1 INT+ 9,((x_0_1 add (x_0_2 sub x_0_1)) add 9),"2, 11, 11, 20, 20, 29, 29, 38, 38, 47, 47, 56, 56, 65, 65, 74, 74, 83, 83, 92, 92, 101, 101, 110, 110, 119, 119, 128, 128, 137, 137, 146, 146, 155, 155, 164, 164, 173, 173, 182, 182, 191, 191, 200, 200, 209, 209, 218, 218, 227, 227, 236, 236, 245, 245, 254, 254"
A168463,add INT+ 1 0 add x_0_2 sign add n x_0_6,(10 add (x_0_2 add sign((n add x_0_6)))),"5, 16, 16, 27, 27, 38, 38, 49, 49, 60, 60, 71, 71, 82, 82, 93, 93, 104, 104, 115, 115, 126, 126, 137, 137, 148, 148, 159, 159, 170, 170, 181, 181, 192, 192, 203, 203, 214, 214, 225, 225, 236, 236, 247, 247, 258, 258, 269, 269, 280, 280, 291, 291, 302, 302, 313"
A321220,sub add x_0_2 x_0_2 x_0_4,((x_0_2 add x_0_2) sub x_0_4),"2, 3, 4, 7, 6, 11, 8, 15, 10, 19, 12, 23, 14, 27, 16, 31, 18, 35, 20, 39, 22, 43, 24, 47, 26, 51, 28, 55, 30, 59, 32, 63, 34, 67, 36, 71, 38, 75, 40, 79, 42, 83, 44, 87, 46, 91, 48, 95, 50, 99, 52, 103, 54, 107, 56, 111, 58, 115, 60, 119, 62, 123, 64, 127, 66"
A171418,mul x_0_2 sign x_0_6,(x_0_2 mul sign(x_0_6)),"1, 5, 11, 15, 16, 16, 16, 16, 16, 16, 16, 16, 16, 16, 16, 16, 16, 16, 16, 16, 16, 16, 16, 16, 16, 16, 16, 16, 16, 16, 16, 16, 16, 16, 16, 16, 16, 16, 16, 16, 16, 16, 16, 16, 16, 16, 16, 16, 16, 16, 16, 16, 16, 16, 16, 16, 16, 16, 16, 16, 16, 16, 16, 16, 16, 16, 16, 16, 16, 16, 16"
A171440,mul INT+ 8 mod INT+ 4 add x_0_6 n,(8 mul (4 mod (x_0_6 add n))),"1, 6, 16, 26, 31, 32, 32, 32, 32, 32, 32, 32, 32, 32, 32, 32, 32, 32, 32, 32, 32, 32, 32, 32, 32, 32, 32, 32, 32, 32, 32, 32, 32, 32, 32, 32, 32, 32, 32, 32, 32, 32, 32, 32, 32, 32, 32, 32, 32, 32, 32, 32, 32, 32, 32, 32, 32, 32, 32, 32, 32, 32, 32, 32, 32, 32, 32, 32, 32, 32"
A266072,sub add x_0_2 x_0_2 x_0_4,((x_0_2 add x_0_2) sub x_0_4),"1, 1, 1, 5, 1, 9, 1, 13, 1, 17, 1, 21, 1, 25, 1, 29, 1, 33, 1, 37, 1, 41, 1, 45, 1, 49, 1, 53, 1, 57, 1, 61, 1, 65, 1, 69, 1, 73, 1, 77, 1, 81, 1, 85, 1, 89, 1, 93, 1, 97, 1, 101, 1, 105, 1, 109, 1, 113, 1, 117, 1, 121, 1, 125, 1, 129, 1, 133, 1, 137, 1, 141"
A004272,sub n sub sub sign x_0_6 n INT- 7,(n sub ((sign(x_0_6) sub n) sub -7)),"0, 1, 2, 3, 4, 5, 6, 8, 10, 12, 14, 16, 18, 20, 22, 24, 26, 28, 30, 32, 34, 36, 38, 40, 42, 44, 46, 48, 50, 52, 54, 56, 58, 60, 62, 64, 66, 68, 70, 72, 74, 76, 78, 80, 82, 84, 86, 88, 90, 92, 94, 96, 98, 100, 102, 104"
A178804,sub x_0_4 sub x_0_6 x_0_2,(x_0_4 sub (x_0_6 sub x_0_2)),"1, 1, 1, 2, 2, 3, 2, 4, 3, 5, 3, 6, 4, 7, 4, 8, 5, 9, 5, 10, 6, 11, 6, 12, 7, 13, 7, 14, 8, 15, 8, 16, 9, 17, 9, 18, 10, 19, 10, 20, 11, 21, 11, 22, 12, 23, 12, 24, 13, 25, 13, 26, 14, 27, 14, 28, 15, 29, 15, 30, 16, 31, 16, 32, 17, 33, 17, 34, 18, 35, 18, 36, 19, 37, 19, 38, 20, 39, 20"
A173773,add x_0_3 sub x_0_3 x_0_6,(x_0_3 add (x_0_3 sub x_0_6)),"2, 1, 6, 10, 3, 14, 18, 5, 22, 26, 7, 30, 34, 9, 38, 42, 11, 46, 50, 13, 54, 58, 15, 62, 66, 17, 70, 74, 19, 78, 82, 21, 86, 90, 23, 94, 98, 25, 102, 106, 27, 110, 114, 29, 118, 122, 31, 126, 130, 33, 134, 138, 35, 142, 146, 37, 150, 154, 39, 158"
A174012,sub add x_0_2 x_0_2 x_0_4,((x_0_2 add x_0_2) sub x_0_4),"0, 6, 3, 18, 6, 30, 9, 42, 12, 54, 15, 66, 18, 78, 21, 90, 24, 102, 27, 114, 30, 126, 33, 138, 36, 150, 39, 162, 42, 174, 45, 186, 48, 198, 51, 210, 54, 222, 57, 234, 60, 246, 63, 258, 66, 270, 69, 282, 72, 294, 75, 306, 78, 318, 81, 330, 84, 342, 87, 354, 90, 366, 93, 378, 96"
A290464,add add x_0_1 6 sub n sign x_0_6,((x_0_1 add 6) add (n sub sign(x_0_6))),"0, 1, 2, 5, 9, 16, 28"
A178143,relu x_0_6,relu(x_0_6),"0, 4, 9, 4, 0, 13, 0, 4, 9, 4, 0, 13, 0, 4, 9, 4, 0, 13, 0, 4, 9, 4, 0, 13, 0, 4, 9, 4, 0, 13, 0, 4, 9, 4, 0, 13, 0, 4, 9, 4, 0, 13, 0, 4, 9, 4, 0, 13, 0, 4, 9, 4, 0, 13, 0, 4, 9, 4, 0, 13, 0, 4, 9, 4, 0, 13, 0, 4, 9, 4, 0, 13, 0, 4, 9, 4, 0, 13, 0, 4, 9, 4"
A284743,add x_0_2 add INT+ 7 sign x_0_6,(x_0_2 add (7 add sign(x_0_6))),"2, 3, 6, 7, 11, 15, 19, 23"
A179178,add add add n x_0_1 sub n INT+ 4 mul n sign x_0_6,(((n add x_0_1) add (n sub 4)) add (n mul sign(x_0_6))),"1, 3, 7, 14, 25, 40, 57, 77, 100, 126, 155, 187, 222, 260, 301, 345, 392, 442, 495, 551, 610, 672, 737, 805, 876, 950, 1027, 1107, 1190, 1276, 1365, 1457, 1552, 1650, 1751, 1855, 1962, 2072, 2185, 2301, 2420, 2542, 2667, 2795, 2926, 3060, 3197, 3337, 3480"
A108984,add mul INT+ 6 add x_0_1 x_0_2 x_0_2,((6 mul (x_0_1 add x_0_2)) add x_0_2),"1, 8, 55, 386, 2701, 18908, 132355, 926486, 6485401, 45397808, 317784655, 2224492586, 15571448101, 109000136708, 763000956955, 5341006698686, 37387046890801, 261709328235608, 1831965297649255, 12823757083544786"
A287815,add mul INT+ 6 add x_0_1 x_0_2 x_0_1,((6 mul (x_0_1 add x_0_2)) add x_0_1),"1, 8, 62, 482, 3746, 29114, 226274, 1758602, 13667858, 106226618, 825593474, 6416514026, 49869159026, 387583197338, 3012297335522, 23411580532682, 181954847741906, 1414153417389434, 10990803008177474, 85420541561578922, 663888608980117298, 5159743512230294618"
A226488,add x_0_1 sub x_0_1 sub x_0_2 sub INT+ 7 INT- 6,(x_0_1 add (x_0_1 sub (x_0_2 sub (7 sub -6)))),"0, 2, 17, 45, 86, 140, 207, 287, 380, 486, 605, 737, 882, 1040, 1211, 1395, 1592, 1802, 2025, 2261, 2510, 2772, 3047, 3335, 3636, 3950, 4277, 4617, 4970, 5336, 5715, 6107, 6512, 6930, 7361, 7805, 8262, 8732, 9215, 9711, 10220, 10742, 11277, 11825, 12386, 12960"
A226490,add x_0_1 sub x_0_1 sub x_0_2 sub INT+ 1 0 INT- 9,(x_0_1 add (x_0_1 sub (x_0_2 sub (10 sub -9)))),"0, 2, 23, 63, 122, 200, 297, 413, 548, 702, 875, 1067, 1278, 1508, 1757, 2025, 2312, 2618, 2943, 3287, 3650, 4032, 4433, 4853, 5292, 5750, 6227, 6723, 7238, 7772, 8325, 8897, 9488, 10098, 10727, 11375, 12042, 12728, 13433, 14157, 14900, 15662, 16443, 17243"
A180713,add x_0_4 sub INT+ 1 0 idiv INT- 2 sign x_0_6,(x_0_4 add (10 sub (-2 idiv sign(x_0_6)))),"0, 4, 6, 11, 12, 16, 18, 23, 24, 28, 30, 35, 36, 40, 42, 47, 48, 52, 54, 59, 60, 64, 66, 71, 72, 76, 78, 83, 84, 88, 90, 95, 96, 100, 102, 107, 108, 112, 114, 119, 120, 124, 126, 131, 132, 136, 138, 143, 144, 148, 150, 155, 156, 160, 162, 167, 168, 172, 174, 179, 180, 184, 186, 191, 192, 196, 198, 203, 204"
A181405,relu idiv idiv x_0_6 n n,relu(((x_0_6 idiv n) idiv n)),"0, 3, 12, 0, 0, 0, 0, 0, 0, 0, 0, 0, 0, 0, 0, 0, 0, 0, 0, 0, 0, 0, 0, 0, 0, 0, 0, 0, 0, 0, 0, 0, 0, 0, 0, 0, 0, 0, 0, 0, 0, 0, 0, 0, 0, 0, 0, 0, 0, 0, 0, 0, 0, 0, 0, 0, 0, 0, 0, 0, 0, 0, 0, 0, 0, 0, 0, 0, 0, 0, 0, 0, 0, 0, 0, 0, 0, 0, 0, 0, 0, 0, 0"
A181762,sub add x_0_2 x_0_2 x_0_4,((x_0_2 add x_0_2) sub x_0_4),"0, 8, 1, 14, 2, 20, 3, 26, 4, 32, 5, 38, 6, 44, 7, 50, 8, 56, 9, 62, 10, 68, 11, 74, 12, 80, 13, 86, 14, 92, 15, 98, 16, 104, 17, 110, 18, 116, 19, 122, 20, 128, 21, 134, 22, 140, 23, 146, 24, 152, 25, 158, 26, 164, 27, 170, 28, 176, 29, 182, 30, 188, 31, 194, 32, 200, 33, 206, 34, 212, 35, 218, 36, 224, 37"
A078010,add x_0_1 add x_0_2 add x_0_3 x_0_3,(x_0_1 add (x_0_2 add (x_0_3 add x_0_3))),"1, 0, 1, 3, 4, 9, 19, 36, 73, 147, 292, 585, 1171, 2340, 4681, 9363, 18724, 37449, 74899, 149796, 299593, 599187, 1198372, 2396745, 4793491, 9586980, 19173961, 38347923, 76695844, 153391689, 306783379, 613566756, 1227133513, 2454267027, 4908534052"
A028252,add x_0_3 sqr mod INT+ 4 add n x_0_6,(x_0_3 add ((4 mod (n add x_0_6)))**2),"3, 8, 14, 19, 24, 29, 35, 40, 45, 51"
A129863,add x_0_1 sub x_0_1 add INT- 9 x_0_2,(x_0_1 add (x_0_1 sub (-9 add x_0_2))),"6, 18, 39, 69, 108, 156, 213, 279, 354, 438, 531, 633, 744, 864, 993, 1131, 1278, 1434, 1599, 1773, 1956, 2148, 2349, 2559, 2778, 3006, 3243, 3489, 3744, 4008, 4281, 4563, 4854, 5154, 5463, 5781, 6108, 6444, 6789, 7143, 7506, 7878, 8259, 8649, 9048, 9456"
A185452,sub add x_0_2 x_0_2 x_0_4,((x_0_2 add x_0_2) sub x_0_4),"0, 3, 1, 8, 2, 13, 3, 18, 4, 23, 5, 28, 6, 33, 7, 38, 8, 43, 9, 48, 10, 53, 11, 58, 12, 63, 13, 68, 14, 73, 15, 78, 16, 83, 17, 88, 18, 93, 19, 98, 20, 103, 21, 108, 22, 113, 23, 118, 24, 123, 25, 128, 26, 133, 27, 138, 28, 143, 29, 148, 30, 153, 31, 158, 32, 163, 33, 168, 34, 173, 35, 178, 36, 183, 37, 188, 38, 193, 39, 198"
A186682,mul INT+ 6 mod INT+ 4 add x_0_6 n,(6 mul (4 mod (x_0_6 add n))),"0, 2, 19, 24, 24, 24, 24, 24, 24, 24, 24, 24, 24, 24, 24, 24, 24, 24, 24, 24, 24, 24, 24, 24, 24, 24, 24, 24, 24, 24, 24, 24, 24, 24, 24, 24, 24, 24, 24, 24, 24, 24, 24, 24, 24, 24, 24, 24, 24, 24, 24, 24, 24, 24, 24, 24, 24, 24, 24, 24, 24, 24, 24, 24, 24"
A186681,idiv idiv x_0_6 n n,((x_0_6 idiv n) idiv n),"0, 3, 30, 30, 2, 0, 0, 0, 0, 0, 0, 0, 0, 0, 0, 0, 0, 0, 0, 0, 0, 0, 0, 0, 0, 0, 0, 0, 0, 0, 0, 0, 0, 0, 0, 0, 0, 0, 0, 0, 0, 0, 0, 0, 0, 0, 0, 0, 0, 0, 0, 0, 0, 0, 0, 0, 0, 0, 0, 0, 0, 0, 0, 0, 0, 0, 0, 0, 0, 0, 0, 0, 0, 0, 0, 0, 0, 0, 0, 0, 0, 0, 0, 0, 0, 0"
A186683,relu idiv idiv x_0_6 n n,relu(((x_0_6 idiv n) idiv n)),"0, 2, 17, 5, 0, 0, 0, 0, 0, 0, 0, 0, 0, 0, 0, 0, 0, 0, 0, 0, 0, 0, 0, 0, 0, 0, 0, 0, 0, 0, 0, 0, 0, 0, 0, 0, 0, 0, 0, 0, 0, 0, 0, 0, 0, 0, 0, 0, 0, 0, 0, 0, 0, 0, 0, 0, 0, 0, 0, 0, 0, 0, 0, 0, 0, 0, 0, 0, 0, 0, 0, 0, 0, 0, 0, 0, 0, 0, 0, 0, 0, 0, 0, 0, 0, 0"
A048972,add x_0_1 sign x_0_6,(x_0_1 add sign(x_0_6)),"1, 2, 5, 6, 7, 9, 10, 11, 12, 13, 14, 15, 16"
A189320,add x_0_2 sub INT+ 1 0 idiv INT- 2 sign x_0_6,(x_0_2 add (10 sub (-2 idiv sign(x_0_6)))),"5, 7, 11, 16, 22, 28, 34, 40, 46, 52, 58, 64, 70, 76, 82, 88, 94, 100, 106, 112, 118, 124, 130, 136, 142, 148, 154, 160, 166, 172, 178, 184, 190, 196, 202, 208, 214, 220, 226, 232, 238, 244, 250, 256, 262, 268, 274, 280, 286, 292, 298, 304, 310, 316, 322, 328, 334, 340"
A355125,add add INT+ 1 0 INT+ 8 mul x_0_3 sign x_0_6,((10 add 8) add (x_0_3 mul sign(x_0_6))),"3, 8, 13, 16, 21, 26, 34, 39, 44"
A001570,sub mul INT+ 7 add x_0_1 x_0_1 x_0_2,((7 mul (x_0_1 add x_0_1)) sub x_0_2),"1, 13, 181, 2521, 35113, 489061, 6811741, 94875313, 1321442641, 18405321661, 256353060613, 3570537526921, 49731172316281, 692665874901013, 9647591076297901, 134373609193269601, 1871582937629476513, 26067787517619401581, 363077442309042145621"
A093485,sub x_0_1 mul INT- 9 sub mul INT+ 3 n INT+ 4,(x_0_1 sub (-9 mul ((3 mul n) sub 4))),"1, 19, 64, 136, 235, 361, 514, 694, 901, 1135, 1396, 1684, 1999, 2341, 2710, 3106, 3529, 3979, 4456, 4960, 5491, 6049, 6634, 7246, 7885, 8551, 9244, 9964, 10711, 11485, 12286, 13114, 13969, 14851, 15760, 16696, 17659, 18649, 19666, 20710, 21781"
A190322,sub x_0_3 sub INT- 1 sign x_0_6,(x_0_3 sub (-1 sub sign(x_0_6))),"1, 9, 17, 3, 11, 19, 5, 13, 21, 7, 15, 23, 9, 17, 25, 11, 19, 27, 13, 21, 29, 15, 23, 31, 17, 25, 33, 19, 27, 35, 21, 29, 37, 23, 31, 39, 25, 33, 41, 27, 35, 43, 29, 37, 45, 31, 39, 47, 33, 41, 49, 35, 43, 51, 37, 45, 53, 39, 47, 55, 41, 49, 57, 43, 51, 59"
A193690,sub x_0_6 idiv INT+ 7 n,(x_0_6 sub (7 idiv n)),"1, 2, 1, 0, -1, -2, 0, 2, 1, 0, -1, -2, 0, 2, 1, 0, -1, -2, 0, 2, 1, 0, -1, -2, 0, 2, 1, 0, -1, -2, 0, 2, 1, 0, -1, -2, 0, 2, 1, 0, -1, -2, 0, 2, 1, 0, -1, -2, 0, 2, 1, 0, -1, -2, 0, 2, 1, 0, -1, -2, 0, 2, 1, 0, -1, -2, 0, 2, 1, 0, -1, -2, 0, 2, 1, 0, -1, -2, 0, 2, 1, 0, -1, -2, 0, 2, 1, 0, -1, -2, 0, 2, 1, 0, -1, -2"
A211523,add add n add n INT- 7 x_0_5,((n add (n add -7)) add x_0_5),"0, 0, 1, 2, 4, 5, 7, 10, 13, 17, 20, 24, 29, 34, 40, 45, 51, 58, 65, 73, 80, 88, 97, 106, 116, 125, 135, 146, 157, 169, 180, 192, 205, 218, 232, 245, 259, 274, 289, 305, 320, 336, 353, 370, 388, 405, 423, 442, 461, 481, 500, 520, 541, 562, 584, 605, 627"
A177101,add x_0_2 sub INT+ 8 sign add n x_0_6,(x_0_2 add (8 sub sign((n add x_0_6)))),"1, 2, 4, 7, 13, 14, 20"
A070058,mod sub INT+ 1 0 x_0_3 add n n,((10 sub x_0_3) mod (n add n)),"6, 6, 7, 4"
A195140,add x_0_2 sub x_0_2 x_0_4,(x_0_2 add (x_0_2 sub x_0_4)),"0, 1, 5, 3, 10, 5, 15, 7, 20, 9, 25, 11, 30, 13, 35, 15, 40, 17, 45, 19, 50, 21, 55, 23, 60, 25, 65, 27, 70, 29, 75, 31, 80, 33, 85, 35, 90, 37, 95, 39, 100, 41, 105, 43, 110, 45, 115, 47, 120, 49, 125, 51, 130, 53, 135, 55, 140, 57, 145, 59, 150, 61, 155, 63"
A201629,sub x_0_4 sub x_0_6 x_0_2,(x_0_4 sub (x_0_6 sub x_0_2)),"0, 0, 2, 4, 4, 4, 6, 8, 8, 8, 10, 12, 12, 12, 14, 16, 16, 16, 18, 20, 20, 20, 22, 24, 24, 24, 26, 28, 28, 28, 30, 32, 32, 32, 34, 36, 36, 36, 38, 40, 40, 40, 42, 44, 44, 44, 46, 48, 48, 48, 50, 52, 52, 52, 54, 56, 56, 56, 58, 60, 60, 60, 62, 64, 64, 64, 66, 68, 68"
A202253,sub x_0_3 mul INT- 8 sub n sign x_0_6,(x_0_3 sub (-8 mul (n sub sign(x_0_6)))),"3, 9, 17, 27, 41, 57, 75, 97, 121, 147, 177, 209, 243, 281, 321, 363, 409, 457, 507, 561, 617, 675, 737, 801, 867, 937, 1009, 1083, 1161, 1241, 1323, 1409, 1497, 1587, 1681, 1777, 1875, 1977, 2081, 2187, 2297, 2409, 2523, 2641, 2761, 2883, 3009, 3137, 3267"
A077836,mul INT+ 3 add add x_0_1 x_0_3 x_0_2,(3 mul ((x_0_1 add x_0_3) add x_0_2)),"1, 2, 9, 36, 141, 558, 2205, 8712, 34425, 136026, 537489, 2123820, 8392005, 33159942, 131027301, 517737744, 2045774961, 8083620018, 31941398169, 126212379444, 498712192893, 1970597911518, 7786567451565, 30767632667928, 121574394093033, 480385782637578"
A153796,add sub x_0_1 x_0_2 add sqr INT- 6 x_0_1,((x_0_1 sub x_0_2) add ((-6)**2 add x_0_1)),"0, 6, 48, 126, 240, 390, 576, 798, 1056, 1350, 1680, 2046, 2448, 2886, 3360, 3870, 4416, 4998, 5616, 6270, 6960, 7686, 8448, 9246, 10080, 10950, 11856, 12798, 13776, 14790, 15840, 16926, 18048, 19206, 20400, 21630, 22896, 24198, 25536, 26910, 28320, 29766"
A064705,mul INT+ 2 add x_0_1 x_0_3,(2 mul (x_0_1 add x_0_3)),"1, 2, 8, 18, 40"
A031878,add x_0_2 sub x_0_2 add INT- 4 x_0_4,(x_0_2 add (x_0_2 sub (-4 add x_0_4))),"0, 1, 3, 5, 10, 13, 21, 25, 36, 41, 55, 61, 78, 85, 105, 113, 136, 145, 171, 181, 210, 221, 253, 265, 300, 313, 351, 365, 406, 421, 465, 481, 528, 545, 595, 613, 666, 685, 741, 761, 820, 841, 903, 925, 990, 1013, 1081, 1105, 1176, 1201, 1275, 1301, 1378"
A105677,add INT+ 2 mul x_0_3 sign x_0_6,(2 add (x_0_3 mul sign(x_0_6))),"2, 3, 3, 4, 4, 6, 6, 6"
A060163,add x_0_1 sub x_0_1 add sub x_0_2 n INT+ 4,(x_0_1 add (x_0_1 sub ((x_0_2 sub n) add 4))),"0, 2, 3, 4, 6, 10, 17, 28, 44, 66, 95, 132, 178, 234, 301, 380, 472, 578, 699, 836, 990, 1162, 1353, 1564, 1796, 2050, 2327, 2628, 2954, 3306, 3685, 4092, 4528, 4994, 5491, 6020, 6582, 7178, 7809, 8476, 9180, 9922, 10703, 11524, 12386, 13290, 14237"
A317313,sub add x_0_2 x_0_2 x_0_4,((x_0_2 add x_0_2) sub x_0_4),"0, 1, 13, 3, 26, 5, 39, 7, 52, 9, 65, 11, 78, 13, 91, 15, 104, 17, 117, 19, 130, 21, 143, 23, 156, 25, 169, 27, 182, 29, 195, 31, 208, 33, 221, 35, 234, 37, 247, 39, 260, 41, 273, 43, 286, 45, 299, 47, 312, 49, 325, 51, 338, 53, 351, 55, 364, 57, 377, 59, 390, 61, 403, 63, 416, 65, 429, 67, 442, 69"
A214438,idiv x_0_6 INT- 1,(x_0_6 idiv -1),"1, 1, 2, 1, 1, 0, -1, -1, -2, -1, -1, 0, 1, 1, 2, 1, 1, 0, -1, -1, -2, -1, -1, 0, 1, 1, 2, 1, 1, 0, -1, -1, -2, -1, -1, 0, 1, 1, 2, 1, 1, 0, -1, -1, -2, -1, -1, 0, 1, 1, 2, 1, 1, 0, -1, -1, -2, -1, -1, 0, 1, 1, 2, 1, 1, 0, -1, -1, -2, -1, -1, 0, 1, 1, 2, 1, 1, 0, -1, -1, -2, -1"
A216125,mul x_0_2 sign add n x_0_6,(x_0_2 mul sign((n add x_0_6))),"1, 5, 25, 125, 625, 125, 625, 125, 625, 125, 625, 125, 625, 125, 625, 125, 625, 125, 625, 125, 625, 125, 625, 125, 625, 125, 625, 125, 625, 125, 625, 125, 625, 125, 625, 125, 625, 125, 625, 125, 625, 125, 625, 125, 625, 125, 625, 125, 625, 125, 625, 125, 625, 125, 625, 125, 625, 125, 625, 125, 625, 125, 625"
A217585,add INT+ 8 mul x_0_2 sign x_0_6,(8 add (x_0_2 mul sign(x_0_6))),"0, 1, 5, 11, 15, 19, 23, 27, 31, 35, 39, 43, 47, 51, 55, 59, 63, 67, 71, 75, 79, 83, 87, 91, 95, 99, 103, 107, 111, 115, 119, 123, 127, 131, 135, 139, 143, 147, 151, 155, 159, 163, 167, 171, 175, 179, 183, 187, 191, 195, 199, 203, 207, 211, 215, 219, 223, 227, 231, 235, 239, 243, 247"
A217518,abs x_0_6,abs(x_0_6),"13, 7, 7, 12, 7, 6, 13, 7, 7, 12, 7, 6, 13, 7, 7, 12, 7, 6, 13, 7, 7, 12, 7, 6, 13, 7, 7, 12, 7, 6, 13, 7, 7, 12, 7, 6, 13, 7, 7, 12, 7, 6, 13, 7, 7, 12, 7, 6, 13, 7, 7, 12, 7, 6, 13, 7, 7, 12, 7, 6, 13, 7, 7, 12, 7, 6, 13, 7, 7, 12, 7, 6, 13"
A219529,add x_0_3 sqr mod INT+ 4 add n x_0_6,(x_0_3 add ((4 mod (n add x_0_6)))**2),"1, 5, 11, 16, 21, 27, 32, 37, 43, 48, 53, 59, 64, 69, 75, 80, 85, 91, 96, 101, 107, 112, 117, 123, 128, 133, 139, 144, 149, 155, 160, 165, 171, 176, 181, 187, 192, 197, 203, 208, 213, 219, 224, 229, 235, 240, 245, 251, 256, 261, 267, 272, 277, 283, 288, 293, 299"
A053209,add add add x_0_1 x_0_1 INT+ 3 sign x_0_2,(((x_0_1 add x_0_1) add 3) add sign(x_0_2)),"1, 5, 14, 32, 68, 140, 284, 572, 1148, 2300, 4604, 9212, 18428, 36860, 73724, 147452, 294908, 589820, 1179644, 2359292, 4718588, 9437180, 18874364, 37748732, 75497468, 150994940, 301989884, 603979772, 1207959548, 2415919100"
A223082,idiv sign x_0_6 n,(sign(x_0_6) idiv n),"9, 0, 0, 2, 1, 0, 0, 0, 0, 0, 0, 0, 0, 0, 0, 0, 0, 0, 0, 0, 0, 0, 0, 0, 0, 0, 0, 0, 0, 0, 0, 0, 0, 0, 0, 0, 0, 0, 0, 0, 0, 0, 0, 0, 0, 0, 0, 0, 0, 0, 0, 0, 0, 0, 0, 0, 0, 0, 0, 0, 0, 0, 0, 0, 0, 0, 0, 0, 0, 0, 0, 0, 0, 0, 0, 0, 0, 0, 0, 0, 0, 0, 0, 0, 0, 0, 0, 0, 0, 0, 0, 0, 0, 0"
A225003,add INT+ 7 mul x_0_5 sign x_0_6,(7 add (x_0_5 mul sign(x_0_6))),"23, 2, 3, 5, 6, 7, 9, 10, 12, 13, 14, 16, 17, 19, 20, 21, 23, 24, 26, 27, 28, 30, 31, 33, 34, 35, 37, 38, 40, 41, 42, 44, 45, 47, 48, 49, 51, 52, 54, 55, 56, 58, 59, 61, 62, 63, 65, 66, 68, 69, 70, 72, 73, 75, 76, 77, 79, 80, 82, 83, 84, 86, 87, 89, 90, 91, 93"
A225055,add x_0_3 sub x_0_3 x_0_6,(x_0_3 add (x_0_3 sub x_0_6)),"1, 2, 4, 3, 6, 12, 5, 10, 20, 7, 14, 28, 9, 18, 36, 11, 22, 44, 13, 26, 52, 15, 30, 60, 17, 34, 68, 19, 38, 76, 21, 42, 84, 23, 46, 92, 25, 50, 100, 27, 54, 108, 29, 58, 116, 31, 62, 124, 33, 66, 132, 35, 70, 140, 37, 74, 148"
A361837,add INT+ 1 0 x_0_5,(10 add x_0_5),"3, 4, 6, 9, 10, 13"
A080512,sub add x_0_2 x_0_2 x_0_4,((x_0_2 add x_0_2) sub x_0_4),"1, 3, 3, 6, 5, 9, 7, 12, 9, 15, 11, 18, 13, 21, 15, 24, 17, 27, 19, 30, 21, 33, 23, 36, 25, 39, 27, 42, 29, 45, 31, 48, 33, 51, 35, 54, 37, 57, 39, 60, 41, 63, 43, 66, 45, 69, 47, 72, 49, 75, 51, 78, 53, 81, 55, 84, 57, 87, 59, 90, 61, 93, 63, 96, 65, 99, 67, 102"
A359380,add INT+ 6 add x_0_6 INT+ 6,(6 add (x_0_6 add 6)),"1, 4, 5, 7, 8, 11, 13, 16, 17, 19, 20, 23, 25, 28, 29, 31, 32, 35, 37, 40, 41, 43, 44, 47, 49, 52, 53, 55, 56, 59, 61, 64, 65, 67, 68, 71, 73, 76, 77, 79, 80, 83, 85, 88, 89, 91, 92, 95, 97, 100, 101, 103, 104, 107, 109, 112, 113, 115, 116, 119, 121, 124, 125, 127, 128, 131, 133, 136, 137, 139, 140"
A002062,add x_0_1 sub x_0_2 add INT- 4 n,(x_0_1 add (x_0_2 sub (-4 add n))),"0, 2, 3, 5, 7, 10, 14, 20, 29, 43, 65, 100, 156, 246, 391, 625, 1003, 1614, 2602, 4200, 6785, 10967, 17733, 28680, 46392, 75050, 121419, 196445, 317839, 514258, 832070, 1346300, 2178341, 3524611, 5702921, 9227500, 14930388, 24157854, 39088207, 63246025"
A322171,add x_0_1 sub x_0_3 add INT- 1 0 x_0_2,(x_0_1 add (x_0_3 sub (-10 add x_0_2))),"3, 11, 17, 19, 23, 31, 37, 39, 43, 51, 57, 59, 63, 71, 77, 79, 83, 91, 97, 99, 103, 111, 117, 119, 123, 131, 137, 139, 143, 151, 157, 159, 163, 171, 177, 179, 183, 191, 197, 199, 203, 211, 217, 219, 223, 231, 237, 239, 243, 251, 257, 259, 263, 271, 277, 279, 283, 291, 297, 299"
A195013,sub add x_0_2 x_0_2 x_0_4,((x_0_2 add x_0_2) sub x_0_4),"2, 3, 4, 6, 6, 9, 8, 12, 10, 15, 12, 18, 14, 21, 16, 24, 18, 27, 20, 30, 22, 33, 24, 36, 26, 39, 28, 42, 30, 45, 32, 48, 34, 51, 36, 54, 38, 57, 40, 60, 42, 63, 44, 66, 46, 69, 48, 72, 50, 75, 52, 78, 54, 81, 56, 84, 58, 87, 60, 90, 62, 93, 64, 96, 66, 99, 68, 102"
A023435,add sub x_0_2 x_0_5 x_0_1,((x_0_2 sub x_0_5) add x_0_1),"0, 1, 1, 2, 3, 5, 7, 11, 16, 24, 35, 52, 76, 112, 164, 241, 353, 518, 759, 1113, 1631, 2391, 3504, 5136, 7527, 11032, 16168, 23696, 34728, 50897, 74593, 109322, 160219, 234813, 344135, 504355, 739168, 1083304, 1587659, 2326828, 3410132, 4997792, 7324620, 10734753"
A240828,sub x_0_4 sub x_0_6 x_0_2,(x_0_4 sub (x_0_6 sub x_0_2)),"0, 0, 2, 2, 4, 2, 6, 4, 8, 4, 10, 6, 12, 6, 14, 8, 16, 8, 18, 10, 20, 10, 22, 12, 24, 12, 26, 14, 28, 14, 30, 16, 32, 16, 34, 18, 36, 18, 38, 20, 40, 20, 42, 22, 44, 22, 46, 24, 48, 24, 50, 26, 52, 26, 54, 28, 56, 28, 58, 30, 60, 30, 62, 32, 64, 32, 66, 34, 68, 34, 70, 36, 72, 36, 74, 38, 76, 38, 78, 40, 80, 40"
A060834,add x_0_1 mul INT+ 6 sub add n n INT+ 2,(x_0_1 add (6 mul ((n add n) sub 2))),"31, 43, 67, 103, 151, 211, 283, 367, 463, 571, 691, 823, 967, 1123, 1291, 1471, 1663, 1867, 2083, 2311, 2551, 2803, 3067, 3343, 3631, 3931, 4243, 4567, 4903, 5251, 5611, 5983, 6367, 6763, 7171, 7591, 8023, 8467, 8923, 9391, 9871, 10363, 10867, 11383"
A135318,add add x_0_2 x_0_4 x_0_4,((x_0_2 add x_0_4) add x_0_4),"1, 1, 1, 2, 3, 4, 5, 8, 11, 16, 21, 32, 43, 64, 85, 128, 171, 256, 341, 512, 683, 1024, 1365, 2048, 2731, 4096, 5461, 8192, 10923, 16384, 21845, 32768, 43691, 65536, 87381, 131072, 174763, 262144, 349525, 524288, 699051, 1048576, 1398101, 2097152, 2796203"
A025769,sub x_0_3 idiv n sub INT- 7 sign x_0_6,(x_0_3 sub (n idiv (-7 sub sign(x_0_6)))),"1, 1, 1, 2, 2, 2, 3, 3, 4, 5, 5, 6, 7, 7, 8, 9, 10, 11, 12, 13, 14, 15, 16, 17, 19, 20, 21, 23, 24, 25, 27, 28, 30, 32, 33, 35, 37, 38, 40, 42, 44, 46, 48, 50, 52, 54, 56, 58, 61, 63, 65, 68, 70, 72, 75, 77, 80, 83, 85, 88"
A110862,sub x_0_3 idiv n sub INT- 8 sign x_0_6,(x_0_3 sub (n idiv (-8 sub sign(x_0_6)))),"1, 2, 3, 3, 4, 4, 4, 5, 5, 6, 7, 7"
A271751,sub add x_0_1 x_0_6 x_0_5,((x_0_1 add x_0_6) sub x_0_5),"0, 1, 2, 3, 4, 5, 4, 3, 2, 1, 0, 1, 2, 3, 4, 5, 4, 3, 2, 1, 0, 1, 2, 3, 4, 5, 4, 3, 2, 1, 0, 1, 2, 3, 4, 5, 4, 3, 2, 1, 0, 1, 2, 3, 4, 5, 4, 3, 2, 1, 0, 1, 2, 3, 4, 5, 4, 3, 2, 1, 0, 1, 2, 3, 4, 5, 4, 3, 2, 1, 0, 1, 2, 3, 4, 5, 4, 3, 2, 1, 0, 1, 2, 3, 4, 5"
A022272,sub x_0_1 sub x_0_2 add x_0_1 sub INT+ 1 0 INT- 5,(x_0_1 sub (x_0_2 sub (x_0_1 add (10 sub -5)))),"0, 7, 29, 66, 118, 185, 267, 364, 476, 603, 745, 902, 1074, 1261, 1463, 1680, 1912, 2159, 2421, 2698, 2990, 3297, 3619, 3956, 4308, 4675, 5057, 5454, 5866, 6293, 6735, 7192, 7664, 8151, 8653, 9170, 9702, 10249, 10811, 11388, 11980, 12587, 13209, 13846, 14498"
A211666,add idiv n sqr INT+ 1 0 sign x_0_6,((n idiv (10)**2) add sign(x_0_6)),"0, 1, 1, 1, 1, 1, 1, 1, 1, 1, 1, 1, 1, 1, 1, 1, 1, 1, 1, 1, 1, 1, 1, 1, 1, 1, 1, 1, 1, 1, 1, 1, 1, 1, 1, 1, 1, 1, 1, 1, 1, 1, 1, 1, 1, 1, 1, 1, 1, 1, 1, 1, 1, 1, 1, 1, 1, 1, 1, 1, 1, 1, 1, 1, 1, 1, 1, 1, 1, 1, 1, 1, 1, 1, 1, 1, 1, 1, 1, 1, 1, 1, 1, 1, 1, 1, 1, 1, 1, 1, 1, 1, 1, 1, 1, 1, 1, 1, 1, 2, 2, 2, 2, 2, 2"
A075692,sub x_0_1 idiv sub INT- 1 0 sign x_0_6 n,(x_0_1 sub ((-10 sub sign(x_0_6)) idiv n)),"1, 1, 2, 4, 5, 7, 9, 11, 13, 15"
A260023,idiv x_0_2 sign x_0_6,(x_0_2 idiv sign(x_0_6)),"77, 49, 36, 18, 8, 8, 8, 8, 8, 8, 8, 8, 8, 8, 8, 8, 8, 8, 8, 8, 8, 8, 8, 8, 8, 8, 8, 8, 8, 8, 8, 8, 8, 8, 8, 8, 8, 8, 8, 8, 8, 8, 8, 8, 8, 8, 8, 8, 8, 8, 8, 8, 8, 8, 8, 8, 8, 8, 8, 8, 8, 8, 8, 8, 8, 8, 8, 8, 8, 8, 8, 8, 8, 8, 8, 8, 8, 8, 8, 8, 8, 8, 8, 8, 8, 8, 8, 8, 8, 8, 8, 8, 8, 8, 8, 8, 8, 8, 8, 8, 8, 8, 8, 8, 8, 8, 8, 8, 8, 8, 8, 8, 8, 8, 8, 8, 8, 8, 8, 8, 8, 8, 8"
A261557,sub x_0_6 INT- 4,(x_0_6 sub -4),"0, 0, 4, 2, 2, 6, 4, 4, 8, 6, 6, 10, 8, 8, 12, 10, 10, 14, 12, 12, 16, 14, 14, 18, 16, 16, 20, 18, 18, 22, 20, 20, 24, 22, 22, 26, 24, 24, 28, 26, 26, 30, 28, 28, 32, 30, 30, 34, 32, 32, 36, 34, 34, 38, 36, 36, 40, 38, 38, 42, 40, 40, 44, 42"
A261671,sub add x_0_2 x_0_2 x_0_4,((x_0_2 add x_0_2) sub x_0_4),"3, 1, 15, 3, 27, 5, 39, 7, 51, 9, 63, 11, 75, 13, 87, 15, 99, 17, 111, 19, 123, 21, 135, 23, 147, 25, 159, 27, 171, 29, 183, 31, 195, 33, 207, 35, 219, 37, 231, 39, 243, 41, 255, 43, 267, 45, 279, 47, 291, 49, 303, 51, 315, 53, 327, 55, 339, 57, 351, 59, 363"
A261952,add INT+ 9 mul x_0_2 sign x_0_6,(9 add (x_0_2 mul sign(x_0_6))),"1, 3, 9, 18, 18, 24, 27, 33, 36, 42, 45, 51, 54, 60, 63, 69, 72, 78, 81, 87, 90, 96, 99, 105, 108, 114, 117, 123, 126, 132, 135, 141, 144, 150, 153, 159, 162, 168, 171, 177, 180, 186, 189, 195, 198, 204, 207, 213, 216, 222"
A240443,add sub x_0_1 idiv n INT+ 5 mul n sign x_0_6,((x_0_1 sub (n idiv 5)) add (n mul sign(x_0_6))),"1, 3, 6, 10, 15, 21, 27, 34, 42, 50"
A302097,sub INT+ 5 x_0_6,(5 sub x_0_6),"1, 2, 1, 1, 3, 4, 4, 3"
A153814,add mul sqr INT- 1 0 add mul n INT+ 9 n n,(((-10)**2 mul ((n mul 9) add n)) add n),"1001, 2002, 3003, 4004, 5005, 6006, 7007, 8008, 9009, 10010, 11011, 12012, 13013, 14014, 15015, 16016, 17017, 18018, 19019, 20020, 21021, 22022, 23023, 24024, 25025, 26026, 27027, 28028, 29029, 30030, 31031, 32032, 33033, 34034, 35035, 36036, 37037, 38038"
A265755,add add x_0_2 x_0_4 sub x_0_4 x_0_6,((x_0_2 add x_0_4) add (x_0_4 sub x_0_6)),"0, 0, 0, 1, 1, 0, 1, 2, 3, 1, 4, 5, 9, 5, 14, 14, 28, 19, 47, 42, 89, 66, 155, 131, 286, 221, 507, 417, 924, 728, 1652, 1341, 2993, 2380, 5373, 4334, 9707, 7753, 17460, 14041, 31501, 25213, 56714, 45542, 102256, 81927, 184183, 147798, 331981, 266110, 598091, 479779, 1077870, 864201, 1942071, 1557649"
A265723,sub x_0_4 sub x_0_6 x_0_2,(x_0_4 sub (x_0_6 sub x_0_2)),"0, 3, 4, 3, 8, 3, 12, 3, 16, 3, 20, 3, 24, 3, 28, 3, 32, 3, 36, 3, 40, 3, 44, 3, 48, 3, 52, 3, 56, 3, 60, 3, 64, 3, 68, 3, 72, 3, 76, 3, 80, 3, 84, 3, 88, 3, 92, 3, 96, 3, 100, 3, 104, 3, 108, 3, 112, 3, 116, 3, 120, 3, 124, 3, 128, 3, 132, 3, 136, 3, 140, 3"
A266258,add x_0_2 mod INT+ 4 add x_0_2 x_0_6,(x_0_2 add (4 mod (x_0_2 add x_0_6))),"0, 2, 3, 2, 7, 2, 11, 2, 15, 2, 19, 2, 23, 2, 27, 2, 31, 2, 35, 2, 39, 2, 43, 2, 47, 2, 51, 2, 55, 2, 59, 2, 63, 2, 67, 2, 71, 2, 75, 2, 79, 2, 83, 2, 87, 2, 91, 2, 95, 2, 99, 2, 103, 2, 107, 2, 111, 2, 115, 2, 119, 2, 123, 2, 127, 2, 131, 2, 135, 2, 139, 2"
A266303,add x_0_2 mod INT+ 4 add x_0_2 x_0_6,(x_0_2 add (4 mod (x_0_2 add x_0_6))),"1, 2, 1, 6, 1, 10, 1, 14, 1, 18, 1, 22, 1, 26, 1, 30, 1, 34, 1, 38, 1, 42, 1, 46, 1, 50, 1, 54, 1, 58, 1, 62, 1, 66, 1, 70, 1, 74, 1, 78, 1, 82, 1, 86, 1, 90, 1, 94, 1, 98, 1, 102, 1, 106, 1, 110, 1, 114, 1, 118, 1, 122, 1, 126, 1, 130, 1, 134, 1, 138, 1"
A168181,sqr idiv mod sub x_0_6 n INT- 8 n,((((x_0_6 sub n) mod -8) idiv n))**2,"0, 1, 1, 1, 1, 1, 1, 1, 0, 1, 1, 1, 1, 1, 1, 1, 0, 1, 1, 1, 1, 1, 1, 1, 0, 1, 1, 1, 1, 1, 1, 1, 0, 1, 1, 1, 1, 1, 1, 1, 0, 1, 1, 1, 1, 1, 1, 1, 0, 1, 1, 1, 1, 1, 1, 1, 0, 1, 1, 1, 1, 1, 1, 1, 0, 1, 1, 1, 1, 1, 1, 1, 0, 1, 1, 1, 1, 1, 1, 1, 0, 1, 1, 1, 1, 1, 1, 1, 0, 1, 1, 1, 1, 1, 1, 1, 0, 1, 1, 1, 1, 1, 1, 1, 0"
A267354,add x_0_2 mod INT+ 4 add x_0_2 x_0_6,(x_0_2 add (4 mod (x_0_2 add x_0_6))),"0, 1, 2, 1, 6, 1, 10, 1, 14, 1, 18, 1, 22, 1, 26, 1, 30, 1, 34, 1, 38, 1, 42, 1, 46, 1, 50, 1, 54, 1, 58, 1, 62, 1, 66, 1, 70, 1, 74, 1, 78, 1, 82, 1, 86, 1, 90, 1, 94, 1, 98, 1, 102, 1, 106, 1, 110, 1, 114, 1, 118, 1, 122, 1, 126, 1, 130, 1, 134, 1, 138, 1"
A013927,add add x_0_1 n sign x_0_6,((x_0_1 add n) add sign(x_0_6)),"0, 2, 5, 10, 15, 23, 31, 40"
A196655,add x_0_1 sub x_0_1 INT+ 7,(x_0_1 add (x_0_1 sub 7)),"73, 139, 271, 535, 1063, 2119, 4231, 8455, 16903, 33799, 67591, 135175, 270343, 540679, 1081351, 2162695, 4325383, 8650759, 17301511, 34603015, 69206023, 138412039, 276824071, 553648135, 1107296263, 2214592519, 4429185031, 8858370055, 17716740103"
A192748,add sub x_0_1 sub x_0_3 x_0_1 INT+ 3,((x_0_1 sub (x_0_3 sub x_0_1)) add 3),"0, 1, 4, 11, 24, 47, 86, 151, 258, 433, 718, 1181, 1932, 3149, 5120, 8311, 13476, 21835, 35362, 57251, 92670, 149981, 242714, 392761, 635544, 1028377, 1663996, 2692451, 4356528, 7049063, 11405678, 18454831, 29860602, 48315529, 78176230"
A192952,sub add x_0_1 sub x_0_2 mul INT- 3 n INT+ 8,((x_0_1 add (x_0_2 sub (-3 mul n))) sub 8),"0, 1, 2, 7, 16, 33, 62, 111, 192, 325, 542, 895, 1468, 2397, 3902, 6339, 10284, 16669, 27002, 43723, 70780, 114561, 185402, 300027, 485496, 785593, 1271162, 2056831, 3328072, 5384985, 8713142, 14098215, 22811448, 36909757, 59721302, 96631159"
A270090,mul sqr add n add n sign x_0_2 sign sub x_0_2 x_0_6,(((n add (n add sign(x_0_2))))**2 mul sign((x_0_2 sub x_0_6))),"3, 1, 35, -40, 121, -121, 225, -225, 361, -361, 529, -529, 729, -729, 961, -961, 1225, -1225, 1521, -1521, 1849, -1849, 2209, -2209, 2601, -2601, 3025, -3025, 3481, -3481, 3969, -3969, 4489, -4489, 5041, -5041, 5625, -5625, 6241, -6241, 6889, -6889, 7569"
A270700,mul INT+ 6 add mul n INT+ 6 sub INT- 5 mod mul n x_0_6 n,(6 mul ((n mul 6) add (-5 sub ((n mul x_0_6) mod n)))),"12, 42, 78, 114, 150, 186, 222, 258, 294, 330, 366, 402, 438, 474, 510, 546, 582, 618, 654, 690, 726, 762, 798, 834, 870, 906, 942, 978, 1014, 1050, 1086, 1122, 1158, 1194, 1230, 1266, 1302, 1338, 1374, 1410, 1446, 1482, 1518, 1554, 1590, 1626, 1662, 1698, 1734"
A271378,abs x_0_6,abs(x_0_6),"1, 5, 25, 1, 5, 25, 1, 5, 25, 1, 5, 25, 1, 5, 25, 1, 5, 25, 1, 5, 25, 1, 5, 25, 1, 5, 25, 1, 5, 25, 1, 5, 25, 1, 5, 25, 1, 5, 25, 1, 5, 25, 1, 5, 25, 1, 5, 25, 1, 5, 25, 1, 5, 25, 1, 5, 25, 1, 5, 25, 1, 5, 25, 1, 5, 25, 1, 5, 25, 1, 5, 25, 1, 5, 25, 1, 5, 25"
A271478,add x_0_2 sub x_0_2 x_0_4,(x_0_2 add (x_0_2 sub x_0_4)),"0, 4, 1, 8, 2, 12, 3, 16, 4, 20, 5, 24, 6, 28, 7, 32, 8, 36, 9, 40, 10, 44, 11, 48, 12, 52, 13, 56, 14, 60, 15, 64, 16, 68, 17, 72, 18, 76, 19, 80, 20, 84, 21, 88, 22, 92, 23, 96, 24, 100, 25, 104, 26, 108, 27, 112, 28, 116, 29, 120, 30, 124, 31, 128, 32, 132, 33, 136, 34, 140, 35"
A272071,sub x_0_6 INT- 4,(x_0_6 sub -4),"0, 3, 1, 2, 5, 3, 4, 7, 5, 6, 9, 7, 8, 11, 9, 10, 13, 11, 12, 15, 13, 14, 17, 15, 16, 19, 17, 18, 21, 19, 20, 23, 21, 22, 25, 23, 24, 27, 25, 26, 29, 27, 28, 31, 29, 30, 33, 31, 32, 35, 33, 34, 37, 35, 36, 39, 37, 38, 41, 39, 40, 43, 41, 42, 45, 43, 44, 47, 45, 46, 49, 47, 48, 51, 49, 50, 53, 51, 52, 55"
A339800,add sub x_0_1 sub x_0_2 INT+ 9 INT- 7,((x_0_1 sub (x_0_2 sub 9)) add -7),"1, 8, 9, 3"
A022276,add add x_0_1 sub x_0_1 x_0_2 sub INT+ 9 INT- 1 0,((x_0_1 add (x_0_1 sub x_0_2)) add (9 sub -10)),"0, 9, 37, 84, 150, 235, 339, 462, 604, 765, 945, 1144, 1362, 1599, 1855, 2130, 2424, 2737, 3069, 3420, 3790, 4179, 4587, 5014, 5460, 5925, 6409, 6912, 7434, 7975, 8535, 9114, 9712, 10329, 10965, 11620, 12294, 12987, 13699, 14430, 15180, 15949, 16737, 17544, 18370"
A273420,add x_0_2 sqr mod INT+ 4 add mul n n x_0_6,(x_0_2 add ((4 mod ((n mul n) add x_0_6)))**2),"3, 17, 20, 31, 41, 47, 57, 63, 73, 79, 89, 95, 105, 111, 121, 127, 137, 143, 153, 159, 169, 175, 185, 191, 201, 207, 217, 223, 233, 239, 249, 255, 265, 271, 281, 287, 297, 303, 313, 319, 329, 335, 345, 351, 361, 367, 377, 383, 393, 399, 409, 415, 425, 431"
A273443,mul INT+ 4 sub sqr n mod n add mul n n x_0_6,(4 mul ((n)**2 sub (n mod ((n mul n) add x_0_6)))),"1, 4, 21, 41, 80, 120, 168, 224, 288, 360, 440, 528, 624, 728, 840, 960, 1088, 1224, 1368, 1520, 1680, 1848, 2024, 2208, 2400, 2600, 2808, 3024, 3248, 3480, 3720, 3968, 4224, 4488, 4760, 5040, 5328, 5624, 5928, 6240, 6560, 6888, 7224, 7568, 7920, 8280, 8648"
A273387,mul INT+ 8 mod n add mul n n x_0_6,(8 mul (n mod ((n mul n) add x_0_6))),"4, 12, 32, 32, 40, 48, 56, 64, 72, 80, 88, 96, 104, 112, 120, 128, 136, 144, 152, 160, 168, 176, 184, 192, 200, 208, 216, 224, 232, 240, 248, 256, 264, 272, 280, 288, 296, 304, 312, 320, 328, 336, 344, 352, 360, 368, 376, 384, 392, 400, 408, 416, 424, 432"
A273337,mul INT+ 8 mod n add mul n n x_0_6,(8 mul (n mod ((n mul n) add x_0_6))),"3, 13, 31, 32, 40, 48, 56, 64, 72, 80, 88, 96, 104, 112, 120, 128, 136, 144, 152, 160, 168, 176, 184, 192, 200, 208, 216, 224, 232, 240, 248, 256, 264, 272, 280, 288, 296, 304, 312, 320, 328, 336, 344, 352, 360, 368, 376, 384, 392, 400, 408, 416, 424, 432"
A273334,mul INT+ 4 sub sqr n mod n sqr add n x_0_6,(4 mul ((n)**2 sub (n mod ((n add x_0_6))**2))),"1, 4, 17, 48, 80, 120, 168, 224, 288, 360, 440, 528, 624, 728, 840, 960, 1088, 1224, 1368, 1520, 1680, 1848, 2024, 2208, 2400, 2600, 2808, 3024, 3248, 3480, 3720, 3968, 4224, 4488, 4760, 5040, 5328, 5624, 5928, 6240, 6560, 6888, 7224, 7568, 7920, 8280, 8648"
A273766,sqr sub add n n sign x_0_6,(((n add n) sub sign(x_0_6)))**2,"1, 4, 17, 48, 81, 121, 169, 225, 289, 361, 441, 529, 625, 729, 841, 961, 1089, 1225, 1369, 1521, 1681, 1849, 2025, 2209, 2401, 2601, 2809, 3025, 3249, 3481, 3721, 3969, 4225, 4489, 4761, 5041, 5329, 5625, 5929, 6241, 6561, 6889, 7225, 7569, 7921, 8281, 8649"
A273769,mul INT+ 8 mod n add mul n n x_0_6,(8 mul (n mod ((n mul n) add x_0_6))),"3, 13, 31, 33, 40, 48, 56, 64, 72, 80, 88, 96, 104, 112, 120, 128, 136, 144, 152, 160, 168, 176, 184, 192, 200, 208, 216, 224, 232, 240, 248, 256, 264, 272, 280, 288, 296, 304, 312, 320, 328, 336, 344, 352, 360, 368, 376, 384, 392, 400, 408, 416, 424, 432"
A273780,sqr sub add n n sign x_0_6,(((n add n) sub sign(x_0_6)))**2,"1, 4, 21, 48, 81, 121, 169, 225, 289, 361, 441, 529, 625, 729, 841, 961, 1089, 1225, 1369, 1521, 1681, 1849, 2025, 2209, 2401, 2601, 2809, 3025, 3249, 3481, 3721, 3969, 4225, 4489, 4761, 5041, 5329, 5625, 5929, 6241, 6561, 6889, 7225, 7569, 7921, 8281, 8649"
A273782,mul INT+ 8 mod n add mul n n x_0_6,(8 mul (n mod ((n mul n) add x_0_6))),"3, 17, 27, 33, 40, 48, 56, 64, 72, 80, 88, 96, 104, 112, 120, 128, 136, 144, 152, 160, 168, 176, 184, 192, 200, 208, 216, 224, 232, 240, 248, 256, 264, 272, 280, 288, 296, 304, 312, 320, 328, 336, 344, 352, 360, 368, 376, 384, 392, 400, 408, 416, 424, 432"
A273850,mul INT+ 8 mod n add mul n n x_0_6,(8 mul (n mod ((n mul n) add x_0_6))),"3, 17, 24, 31, 45, 48, 56, 64, 72, 80, 88, 96, 104, 112, 120, 128, 136, 144, 152, 160, 168, 176, 184, 192, 200, 208, 216, 224, 232, 240, 248, 256, 264, 272, 280, 288, 296, 304, 312, 320, 328, 336, 344, 352, 360, 368, 376, 384, 392, 400, 408, 416, 424, 432"
A273847,sqr sub add n n sign x_0_6,(((n add n) sub sign(x_0_6)))**2,"1, 4, 21, 45, 76, 121, 169, 225, 289, 361, 441, 529, 625, 729, 841, 961, 1089, 1225, 1369, 1521, 1681, 1849, 2025, 2209, 2401, 2601, 2809, 3025, 3249, 3481, 3721, 3969, 4225, 4489, 4761, 5041, 5329, 5625, 5929, 6241, 6561, 6889, 7225, 7569, 7921, 8281, 8649"
A023785,add add n add n x_0_6 n,((n add (n add x_0_6)) add n),"0, 1, 2, 3, 6, 7, 21"
A022270,add add x_0_1 sub x_0_1 x_0_2 add INT+ 7 INT+ 6,((x_0_1 add (x_0_1 sub x_0_2)) add (7 add 6)),"0, 6, 25, 57, 102, 160, 231, 315, 412, 522, 645, 781, 930, 1092, 1267, 1455, 1656, 1870, 2097, 2337, 2590, 2856, 3135, 3427, 3732, 4050, 4381, 4725, 5082, 5452, 5835, 6231, 6640, 7062, 7497, 7945, 8406, 8880, 9367, 9867, 10380, 10906, 11445"
A033818,add x_0_1 sub x_0_2 add INT- 4 n,(x_0_1 add (x_0_2 sub (-4 add n))),"3, 5, 9, 14, 22, 34, 53, 83, 131, 208, 332, 532, 855, 1377, 2221, 3586, 5794, 9366, 15145, 24495, 39623, 64100, 103704, 167784, 271467, 439229, 710673, 1149878, 1860526, 3010378, 4870877, 7881227, 12752075, 20633272, 33385316, 54018556, 87403839, 141422361, 228826165, 370248490"
A182306,idiv mul x_0_1 INT+ 6 INT+ 5,((x_0_1 mul 6) idiv 5),"5, 6, 7, 8, 9, 10, 12, 14, 16, 19, 22, 26, 31, 37, 44, 52, 62, 74, 88, 105, 126, 151, 181, 217, 260, 312, 374, 448, 537, 644, 772, 926, 1111, 1333, 1599, 1918, 2301, 2761, 3313, 3975, 4770, 5724, 6868, 8241, 9889, 11866, 14239, 17086, 20503, 24603, 29523, 35427, 42512"
A231103,add mul INT+ 4 add x_0_1 x_0_2 x_0_2,((4 mul (x_0_1 add x_0_2)) add x_0_2),"0, 2, 8, 42, 208, 1042, 5208, 26042, 130208, 651042, 3255208, 16276042, 81380208, 406901042, 2034505208, 10172526042, 50862630208, 254313151042, 1271565755208, 6357828776042, 31789143880208, 158945719401042, 794728597005208"
A028739,add add INT+ 1 0 x_0_6 INT+ 3,((10 add x_0_6) add 3),"2, 5, 6, 7, 8, 11, 15, 18, 19, 20, 21, 24"
A064455,sub add x_0_2 x_0_2 x_0_4,((x_0_2 add x_0_2) sub x_0_4),"1, 3, 2, 6, 3, 9, 4, 12, 5, 15, 6, 18, 7, 21, 8, 24, 9, 27, 10, 30, 11, 33, 12, 36, 13, 39, 14, 42, 15, 45, 16, 48, 17, 51, 18, 54, 19, 57, 20, 60, 21, 63, 22, 66, 23, 69, 24, 72, 25, 75, 26, 78, 27, 81, 28, 84, 29, 87, 30, 90, 31, 93, 32, 96, 33, 99, 34, 102, 35, 105, 36, 108"
A360360,add x_0_2 mul sign x_0_6 x_0_2,(x_0_2 add (sign(x_0_6) mul x_0_2)),"1, 2, 2, 2, 4, 4, 8, 8, 16, 16, 32, 32, 64, 64"
A291514,sub x_0_6 relu add n x_0_6,(x_0_6 sub relu((n add x_0_6))),"-9, -9, -9, -9, -9, -9, -9, -9, -9, -10, -11, -12, -13, -14, -15, -16, -17, -18, -19, -20, -21, -22, -23, -24, -25, -26, -27, -28, -29, -30, -31, -32, -33, -34, -35, -36, -37, -38, -39, -40, -41, -42, -43, -44, -45, -46, -47, -48, -49, -50, -51, -52, -53, -54, -55, -56, -57, -58, -59, -60, -61, -62, -63, -64, -65, -66, -67, -68, -69, -70"
A186783,add x_0_1 sub n sign x_0_6,(x_0_1 add (n sub sign(x_0_6))),"0, 1, 2, 6, 10, 15, 21, 28, 36, 45, 55, 66, 78"
A169932,mul INT+ 1 0 idiv sub sign x_0_6 n INT- 1 0,(10 mul ((sign(x_0_6) sub n) idiv -10)),"0, 0, 0, 0, 0, 0, 0, 0, 0, 0, 10, 10, 10, 10, 10, 10, 10, 10, 10, 10, 20, 20, 20, 20, 20, 20, 20, 20, 20, 20, 30, 30, 30, 30, 30, 30, 30, 30, 30, 30, 40, 40, 40, 40, 40, 40, 40, 40, 40, 40, 50, 50, 50, 50, 50, 50, 50, 50, 50, 50, 60, 60, 60, 60, 60, 60, 60, 60, 60, 60, 70, 70, 70, 70, 70"
A298785,sub x_0_3 mul INT- 1 0 sub n mod INT+ 2 add n x_0_6,(x_0_3 sub (-10 mul (n sub (2 mod (n add x_0_6))))),"1, 5, 11, 21, 35, 51, 71, 95, 121, 151, 185, 221, 261, 305, 351, 401, 455, 511, 571, 635, 701, 771, 845, 921, 1001, 1085, 1171, 1261, 1355, 1451, 1551, 1655, 1761, 1871, 1985, 2101, 2221, 2345, 2471, 2601, 2735, 2871, 3011, 3155, 3301, 3451, 3605, 3761, 3921, 4085, 4251, 4421, 4595, 4771"
A299529,relu idiv idiv x_0_6 n n,relu(((x_0_6 idiv n) idiv n)),"5, 35, 35, 17, 0, 0, 0, 0, 0, 0, 0, 0, 0, 0, 0, 0, 0, 0, 0, 0, 0, 0, 0, 0, 0, 0, 0, 0, 0, 0, 0, 0, 0, 0, 0, 0, 0, 0, 0, 0, 0, 0, 0, 0, 0, 0, 0, 0, 0, 0, 0, 0, 0, 0, 0, 0, 0, 0, 0, 0, 0, 0, 0, 0, 0, 0, 0, 0, 0, 0, 0, 0, 0, 0, 0, 0, 0, 0, 0, 0, 0, 0, 0, 0"
A320727,mul INT+ 2 x_0_4,(2 mul x_0_4),"3, 4, 5, 6, 6, 8"
A015577,sub mul INT+ 9 add x_0_1 x_0_2 x_0_1,((9 mul (x_0_1 add x_0_2)) sub x_0_1),"0, 1, 8, 73, 656, 5905, 53144, 478297, 4304672, 38742049, 348678440, 3138105961, 28242953648, 254186582833, 2287679245496, 20589113209465, 185302018885184, 1667718169966657, 15009463529699912, 135085171767299209, 1215766545905692880, 10941898913151235921"
A158186,add x_0_1 sub x_0_1 sub x_0_2 sub INT+ 1 0 INT- 1 0,(x_0_1 add (x_0_1 sub (x_0_2 sub (10 sub -10)))),"1, 4, 27, 70, 133, 216, 319, 442, 585, 748, 931, 1134, 1357, 1600, 1863, 2146, 2449, 2772, 3115, 3478, 3861, 4264, 4687, 5130, 5593, 6076, 6579, 7102, 7645, 8208, 8791, 9394, 10017, 10660, 11323, 12006, 12709, 13432, 14175, 14938, 15721, 16524, 17347"
A185212,mul add INT- 7 mul INT+ 6 n sub add n n INT+ 3,((-7 add (6 mul n)) mul ((n add n) sub 3)),"1, 5, 33, 85, 161, 261, 385, 533, 705, 901, 1121, 1365, 1633, 1925, 2241, 2581, 2945, 3333, 3745, 4181, 4641, 5125, 5633, 6165, 6721, 7301, 7905, 8533, 9185, 9861, 10561, 11285, 12033, 12805, 13601, 14421, 15265, 16133, 17025, 17941, 18881, 19845, 20833"
A195320,add x_0_3 mul INT+ 3 sub x_0_1 x_0_2,(x_0_3 add (3 mul (x_0_1 sub x_0_2))),"0, 7, 42, 105, 196, 315, 462, 637, 840, 1071, 1330, 1617, 1932, 2275, 2646, 3045, 3472, 3927, 4410, 4921, 5460, 6027, 6622, 7245, 7896, 8575, 9282, 10017, 10780, 11571, 12390, 13237, 14112, 15015, 15946, 16905, 17892, 18907, 19950, 21021, 22120, 23247, 24402"
A270743,add x_0_3 sub x_0_3 x_0_6,(x_0_3 add (x_0_3 sub x_0_6)),"1, 1, 2, 1, 2, 4, 1, 3, 6, 1, 4, 8, 1, 5, 10, 1, 6, 12, 1, 7, 14, 1, 8, 16, 1, 9, 18, 1, 10, 20, 1, 11, 22, 1, 12, 24, 1, 13, 26, 1, 14, 28, 1, 15, 30, 1, 16, 32, 1, 17, 34, 1, 18, 36, 1, 19, 38, 1, 20, 40, 1, 21, 42, 1, 22, 44, 1, 23, 46, 1, 24, 48, 1, 25"
A087509,add x_0_3 sub x_0_3 x_0_6,(x_0_3 add (x_0_3 sub x_0_6)),"0, 0, 1, 0, 1, 2, 0, 2, 3, 0, 3, 4, 0, 4, 5, 0, 5, 6, 0, 6, 7, 0, 7, 8, 0, 8, 9, 0, 9, 10, 0, 10, 11, 0, 11, 12, 0, 12, 13, 0, 13, 14, 0, 14, 15, 0, 15, 16, 0, 16, 17, 0, 17, 18, 0, 18, 19, 0, 19, 20, 0, 20, 21, 0, 21, 22, 0, 22, 23, 0, 23, 24, 0, 24, 25, 0, 25, 26, 0, 26, 27, 0, 27, 28, 0, 28"
A307985,sub x_0_6 idiv x_0_3 sub x_0_6 n,(x_0_6 sub (x_0_3 idiv (x_0_6 sub n))),"0, 0, 1, 0, 0, 1, 0, 0, 2, 0, 0, 2, 0, 0, 3, 0, 0, 3, 0, 0, 4, 0, 0, 4, 0, 0, 5, 0, 0, 5, 0, 0, 6, 0, 0, 6, 0, 0, 7, 0, 0, 7, 0, 0, 8, 0, 0, 8, 0, 0, 9, 0, 0, 9, 0, 0, 10, 0, 0, 10, 0, 0, 11, 0, 0, 11, 0, 0, 12, 0, 0, 12, 0, 0, 13, 0, 0, 13, 0, 0, 14, 0, 0"
A308607,add INT+ 8 mul x_0_2 sign x_0_6,(8 add (x_0_2 mul sign(x_0_6))),"16, 18, 22, 26, 30, 34, 38, 42, 46, 50, 54, 58, 62, 66, 70, 74, 78, 82, 86, 90, 94, 98, 102, 106, 110, 114, 118, 122, 126, 130, 134, 138, 142, 146, 150, 154, 158, 162, 166, 170, 174, 178, 182, 186, 190, 194, 198, 202, 206, 210, 214, 218, 222, 226, 230, 234, 238"
A232996,add INT+ 1 0 mul x_0_1 sign add n x_0_6,(10 add (x_0_1 mul sign((n add x_0_6)))),"1, 4, 8, 14, 20, 26, 36"
A315036,add INT+ 1 0 mul x_0_2 sign x_0_6,(10 add (x_0_2 mul sign(x_0_6))),"1, 5, 9, 15, 19, 26, 29, 36, 39, 46, 49, 56, 59, 66, 69, 76, 79, 86, 89, 96, 99, 106, 109, 116, 119, 126, 129, 136, 139, 146, 149, 156, 159, 166, 169, 176, 179, 186, 189, 196, 199, 206, 209, 216, 219, 226, 229, 236, 239, 246"
A228318,add x_0_1 sub x_0_1 add INT- 8 x_0_2,(x_0_1 add (x_0_1 sub (-8 add x_0_2))),"15, 33, 59, 93, 135, 185, 243, 309, 383, 465, 555, 653, 759, 873, 995, 1125, 1263, 1409, 1563, 1725, 1895, 2073, 2259, 2453, 2655, 2865, 3083, 3309, 3543, 3785, 4035, 4293, 4559, 4833, 5115, 5405, 5703, 6009"
A317317,sub add x_0_2 x_0_2 x_0_4,((x_0_2 add x_0_2) sub x_0_4),"0, 1, 17, 3, 34, 5, 51, 7, 68, 9, 85, 11, 102, 13, 119, 15, 136, 17, 153, 19, 170, 21, 187, 23, 204, 25, 221, 27, 238, 29, 255, 31, 272, 33, 289, 35, 306, 37, 323, 39, 340, 41, 357, 43, 374, 45, 391, 47, 408, 49, 425, 51, 442, 53, 459, 55, 476, 57, 493, 59, 510, 61, 527, 63, 544, 65, 561, 67, 578, 69"
A317320,sub add x_0_2 x_0_2 x_0_4,((x_0_2 add x_0_2) sub x_0_4),"0, 1, 20, 3, 40, 5, 60, 7, 80, 9, 100, 11, 120, 13, 140, 15, 160, 17, 180, 19, 200, 21, 220, 23, 240, 25, 260, 27, 280, 29, 300, 31, 320, 33, 340, 35, 360, 37, 380, 39, 400, 41, 420, 43, 440, 45, 460, 47, 480, 49, 500, 51, 520, 53, 540, 55, 560, 57, 580, 59, 600, 61, 620, 63, 640, 65, 660, 67, 680, 69"
A317311,add x_0_2 sub x_0_2 x_0_4,(x_0_2 add (x_0_2 sub x_0_4)),"0, 1, 11, 3, 22, 5, 33, 7, 44, 9, 55, 11, 66, 13, 77, 15, 88, 17, 99, 19, 110, 21, 121, 23, 132, 25, 143, 27, 154, 29, 165, 31, 176, 33, 187, 35, 198, 37, 209, 39, 220, 41, 231, 43, 242, 45, 253, 47, 264, 49, 275, 51, 286, 53, 297, 55, 308, 57, 319, 59, 330, 61, 341, 63, 352, 65, 363, 67, 374, 69"
A317314,add x_0_2 sub x_0_2 x_0_4,(x_0_2 add (x_0_2 sub x_0_4)),"0, 1, 14, 3, 28, 5, 42, 7, 56, 9, 70, 11, 84, 13, 98, 15, 112, 17, 126, 19, 140, 21, 154, 23, 168, 25, 182, 27, 196, 29, 210, 31, 224, 33, 238, 35, 252, 37, 266, 39, 280, 41, 294, 43, 308, 45, 322, 47, 336, 49, 350, 51, 364, 53, 378, 55, 392, 57, 406, 59, 420, 61, 434, 63, 448, 65, 462, 67, 476, 69"
A317319,sub add x_0_2 x_0_2 x_0_4,((x_0_2 add x_0_2) sub x_0_4),"0, 1, 19, 3, 38, 5, 57, 7, 76, 9, 95, 11, 114, 13, 133, 15, 152, 17, 171, 19, 190, 21, 209, 23, 228, 25, 247, 27, 266, 29, 285, 31, 304, 33, 323, 35, 342, 37, 361, 39, 380, 41, 399, 43, 418, 45, 437, 47, 456, 49, 475, 51, 494, 53, 513, 55, 532, 57, 551, 59, 570, 61, 589, 63, 608, 65, 627, 67, 646, 69"
A317316,add x_0_2 sub x_0_2 x_0_4,(x_0_2 add (x_0_2 sub x_0_4)),"0, 1, 16, 3, 32, 5, 48, 7, 64, 9, 80, 11, 96, 13, 112, 15, 128, 17, 144, 19, 160, 21, 176, 23, 192, 25, 208, 27, 224, 29, 240, 31, 256, 33, 272, 35, 288, 37, 304, 39, 320, 41, 336, 43, 352, 45, 368, 47, 384, 49, 400, 51, 416, 53, 432, 55, 448, 57, 464, 59, 480, 61, 496, 63, 512, 65, 528, 67, 544, 69"
A317312,add x_0_2 sub x_0_2 x_0_4,(x_0_2 add (x_0_2 sub x_0_4)),"0, 1, 12, 3, 24, 5, 36, 7, 48, 9, 60, 11, 72, 13, 84, 15, 96, 17, 108, 19, 120, 21, 132, 23, 144, 25, 156, 27, 168, 29, 180, 31, 192, 33, 204, 35, 216, 37, 228, 39, 240, 41, 252, 43, 264, 45, 276, 47, 288, 49, 300, 51, 312, 53, 324, 55, 336, 57, 348, 59, 360, 61, 372, 63, 384, 65, 396, 67, 408, 69"
A318972,sub x_0_4 sub x_0_6 x_0_2,(x_0_4 sub (x_0_6 sub x_0_2)),"0, 2, 1, 5, 2, 9, 3, 12, 4, 16, 5, 19, 6, 23, 7, 26, 8, 30, 9, 33, 10, 37, 11, 40, 12, 44, 13, 47, 14, 51, 15, 54, 16, 58, 17, 61, 18, 65, 19, 68, 20, 72, 21, 75, 22, 79, 23, 82, 24, 86, 25, 89, 26, 93, 27, 96, 28, 100, 29, 103, 30, 107, 31, 110, 32, 114, 33, 117, 34, 121"
A212988,add add n add n INT- 4 x_0_4,((n add (n add -4)) add x_0_4),"1, 1, 2, 4, 7, 9, 12, 16, 21, 25, 30, 36, 43, 49, 56, 64, 73, 81, 90, 100, 111, 121, 132, 144, 157, 169, 182, 196, 211, 225, 240, 256, 273, 289, 306, 324, 343, 361, 380, 400, 421, 441, 462, 484, 507, 529, 552, 576, 601, 625, 650, 676, 703, 729, 756, 784"
A320427,add INT+ 1 0 x_0_6,(10 add x_0_6),"11, 13, 14, 16, 17, 19, 21, 23, 24, 26, 27, 29, 31, 33, 34, 36, 37, 39, 41, 43, 44, 46, 47, 49, 51, 53, 54, 56, 57, 59, 61, 63, 64, 66, 67, 69, 71, 73, 74, 76, 77, 79, 81, 83, 84, 86, 87, 89, 91, 93, 94, 96, 97, 99, 101, 103, 104, 106, 107, 109, 111, 113"
A325909,sub x_0_3 sub x_0_6 x_0_3,(x_0_3 sub (x_0_6 sub x_0_3)),"1, 3, 2, 4, 9, 5, 7, 15, 8, 10, 21, 11, 13, 27, 14, 16, 33, 17, 19, 39, 20, 22, 45, 23, 25, 51, 26, 28, 57, 29, 31, 63, 32, 34, 69, 35, 37, 75, 38, 40, 81, 41, 43, 87, 44, 46, 93, 47, 49, 99, 50, 52, 105, 53, 55, 111, 56, 58, 117, 59, 61, 123, 62, 64, 129, 65"
A218470,add x_0_1 idiv sub n sign x_0_6 INT+ 9,(x_0_1 add ((n sub sign(x_0_6)) idiv 9)),"0, 0, 0, 0, 0, 0, 0, 0, 0, 1, 2, 3, 4, 5, 6, 7, 8, 9, 11, 13, 15, 17, 19, 21, 23, 25, 27, 30, 33, 36, 39, 42, 45, 48, 51, 54, 58, 62, 66, 70, 74, 78, 82, 86, 90, 95, 100, 105, 110, 115, 120, 125, 130, 135, 141, 147, 153, 159, 165, 171, 177, 183, 189, 196, 203, 210, 217, 224"
A329507,mul sign x_0_6 x_0_1,(sign(x_0_6) mul x_0_1),"1, 4, 8, 12, 11, 8, 8, 8, 8, 8, 8, 8, 8, 8, 8, 8, 8, 8, 8, 8, 8, 8, 8, 8, 8, 8, 8, 8, 8, 8, 8, 8, 8, 8, 8, 8, 8, 8, 8, 8, 8, 8, 8, 8, 8, 8, 8, 8, 8, 8, 8, 8, 8, 8, 8, 8, 8, 8, 8, 8, 8, 8, 8, 8, 8, 8, 8, 8, 8, 8, 8, 8, 8, 8, 8, 8, 8, 8, 8, 8, 8, 8, 8, 8"
A329517,mul INT+ 1 0 sign x_0_6,(10 mul sign(x_0_6)),"1, 3, 6, 9, 12, 12, 10, 10, 10, 10, 10, 10, 10, 10, 10, 10, 10, 10, 10, 10, 10, 10, 10, 10, 10, 10, 10, 10, 10, 10, 10, 10, 10, 10, 10, 10, 10, 10, 10, 10, 10, 10, 10, 10, 10, 10, 10, 10, 10, 10, 10, 10, 10, 10, 10, 10, 10, 10, 10, 10, 10, 10, 10, 10, 10"
A033303,add x_0_1 sub x_0_1 sub x_0_3 x_0_2,(x_0_1 add (x_0_1 sub (x_0_3 sub x_0_2))),"1, 3, 7, 16, 36, 81, 182, 409, 919, 2065, 4640, 10426, 23427, 52640, 118281, 265775, 597191, 1341876, 3015168, 6775021, 15223334, 34206521, 76861355, 172705897, 388066628, 871977798, 1959316327"
A332019,add x_0_1 add INT+ 1 0 mod INT+ 2 add n x_0_6,(x_0_1 add (10 add (2 mod (n add x_0_6)))),"1, 9, 21, 35, 48, 60, 72, 84, 96, 108, 120, 132, 144, 156, 168, 180, 192, 204, 216, 228, 240, 252, 264, 276, 288, 300, 312, 324, 336, 348, 360, 372, 384, 396, 408, 420, 432, 444, 456, 468, 480, 492, 504, 516, 528, 540, 552, 564, 576, 588, 600, 612, 624, 636"
A084853,add add x_0_4 x_0_5 mul INT+ 4 n,((x_0_4 add x_0_5) add (4 mul n)),"1, 2, 3, 4, 5, 27"
A266285,sub add x_0_2 x_0_2 x_0_4,((x_0_2 add x_0_2) sub x_0_4),"1, 1, 2, 4, 3, 7, 4, 10, 5, 13, 6, 16, 7, 19, 8, 22, 9, 25, 10, 28, 11, 31, 12, 34, 13, 37, 14, 40, 15, 43, 16, 46, 17, 49, 18, 52, 19, 55, 20, 58, 21, 61, 22, 64, 23, 67, 24, 70, 25, 73, 26, 76, 27, 79, 28, 82, 29, 85, 30, 88, 31, 91, 32, 94, 33, 97, 34"
A339486,mul INT+ 8 mod INT+ 4 add x_0_6 n,(8 mul (4 mod (x_0_6 add n))),"1, 2, 10, 22, 31, 32, 32, 32, 32, 32, 32, 32, 32, 32, 32, 32, 32, 32, 32, 32, 32, 32, 32, 32, 32, 32, 32, 32, 32, 32, 32, 32, 32, 32, 32, 32, 32, 32, 32, 32, 32, 32, 32, 32, 32, 32, 32, 32, 32, 32, 32, 32, 32, 32, 32, 32, 32, 32, 32, 32, 32, 32, 32"
A211715,add x_0_1 sub x_0_1 INT+ 1 0,(x_0_1 add (x_0_1 sub 10)),"34, 58, 106, 202, 394, 778, 1546, 3082, 6154, 12298, 24586, 49162, 98314, 196618, 393226, 786442, 1572874, 3145738, 6291466, 12582922, 25165834, 50331658, 100663306, 201326602, 402653194, 805306378, 1610612746, 3221225482"
A186357,add add n x_0_3 mod INT+ 2 add n x_0_6,((n add x_0_3) add (2 mod (n add x_0_6))),"1, 2, 4, 7, 9, 12, 16, 19, 23, 28, 32, 37, 43, 48, 54, 61, 67, 74, 82, 89, 97, 106, 114, 123, 133, 142, 152, 163, 173, 184, 196, 207, 219, 232, 244, 257, 271, 284, 298, 313, 327, 342, 358, 373, 389, 406, 422, 439, 457, 474, 492, 511, 529, 548, 568, 587, 607, 628, 648, 669, 691, 712, 734, 757, 779, 802, 826, 849, 873, 898, 922, 947, 973, 998, 1024, 1051, 1077, 1104, 1132, 1159, 1187, 1216, 1244, 1273, 1303, 1332, 1362, 1393, 1423, 1454"
A344805,sub x_0_1 idiv INT- 1 0 add n mod x_0_6 n,(x_0_1 sub (-10 idiv (n add (x_0_6 mod n)))),"6, 9, 12, 14, 15, 17, 18, 20, 21, 22, 23, 24, 25, 26, 27, 28, 29, 30, 31, 32, 33, 34, 35, 36, 37, 38, 39, 40, 41, 42, 43, 44, 45, 46, 47, 48, 49, 50, 51, 52, 53, 54, 55, 56, 57, 58, 59, 60, 61, 62, 63, 64, 65, 66, 67, 68, 69, 70, 71, 72, 73, 74, 75, 76, 77"
A047861,sub mul INT+ 4 sub x_0_1 x_0_2 INT+ 3,((4 mul (x_0_1 sub x_0_2)) sub 3),"1, 6, 17, 41, 93, 205, 445, 957, 2045, 4349, 9213, 19453, 40957, 86013, 180221, 376829, 786429, 1638397, 3407869, 7077885, 14680061, 30408701, 62914557, 130023421, 268435453, 553648125, 1140850685, 2348810237, 4831838205, 9932111869, 20401094653, 41875931133"
A013578,add x_0_1 sub x_0_3 x_0_5,(x_0_1 add (x_0_3 sub x_0_5)),"1, 2, 4, 5, 10, 13, 16"
A192581,add x_0_1 mul INT+ 4 sub n sign x_0_6,(x_0_1 add (4 mul (n sub sign(x_0_6)))),"2, 4, 5, 11, 17, 23, 47"
A353314,sub x_0_3 sub x_0_6 x_0_3,(x_0_3 sub (x_0_6 sub x_0_3)),"0, 4, 5, 3, 9, 10, 6, 14, 15, 9, 19, 20, 12, 24, 25, 15, 29, 30, 18, 34, 35, 21, 39, 40, 24, 44, 45, 27, 49, 50, 30, 54, 55, 33, 59, 60, 36, 64, 65, 39, 69, 70, 42, 74, 75, 45, 79, 80, 48, 84, 85, 51, 89, 90, 54, 94, 95, 57, 99, 100, 60, 104, 105, 63, 109, 110, 66, 114, 115, 69, 119, 120, 72, 124, 125, 75, 129, 130"
A070550,add add x_0_1 x_0_3 x_0_4,((x_0_1 add x_0_3) add x_0_4),"1, 2, 2, 3, 6, 10, 15, 24, 40, 65, 104, 168, 273, 442, 714, 1155, 1870, 3026, 4895, 7920, 12816, 20737, 33552, 54288, 87841, 142130, 229970, 372099, 602070, 974170, 1576239, 2550408, 4126648, 6677057, 10803704, 17480760, 28284465, 45765226"
A091905,mul INT+ 4 sub x_0_1 mul INT- 8 x_0_2,(4 mul (x_0_1 sub (-8 mul x_0_2))),"1, 0, 32, 128, 1536, 10240, 90112, 688128, 5636096, 44564480, 358612992, 2860515328, 22917677056, 183207198720, 1466194460672, 11727408201728, 93827855548416, 750588484648960, 6004845316145152, 48038212773347328"
A005359,mul sub n INT+ 2 mul x_0_2 sub n sign x_0_2,((n sub 2) mul (x_0_2 mul (n sub sign(x_0_2)))),"1, 0, 2, 0, 24, 0, 720, 0, 40320, 0, 3628800, 0, 479001600, 0, 87178291200, 0, 20922789888000, 0, 6402373705728000, 0, 2432902008176640000, 0, 1124000727777607680000, 0, 620448401733239439360000, 0"
A349948,sub mul INT+ 4 x_0_1 sub x_0_2 INT+ 8,((4 mul x_0_1) sub (x_0_2 sub 8)),"0, 10, 48, 190, 720, 2698, 10080, 37630, 140448, 524170, 1956240, 7300798, 27246960, 101687050, 379501248, 1416317950, 5285770560, 19726764298, 73621286640, 274758382270, 1025412242448, 3826890587530, 14282150107680, 53301709843198, 198924689265120"
A122972,add x_0_2 mul sub n INT+ 2 add x_0_1 x_0_2,(x_0_2 add ((n sub 2) mul (x_0_1 add x_0_2))),"1, 2, 4, 14, 58, 302, 1858, 13262, 107698, 980942, 9905458, 109844942, 1327159858, 17353902542, 244180971058, 3678842132942, 59089527531058, 1007972756756942, 18199148360427058, 346736152866068942"
A041024,sub x_0_2 mul x_0_1 INT- 8,(x_0_2 sub (x_0_1 mul -8)),"4, 33, 268, 2177, 17684, 143649, 1166876, 9478657, 76996132, 625447713, 5080577836, 41270070401, 335241141044, 2723199198753, 22120834731068, 179689877047297, 1459639851109444, 11856808685922849, 96314109338492236"
A049453,mul add INT- 5 mul n INT+ 6 sub n sign n,((-5 add (n mul 6)) mul (n sub sign(n))),"0, 7, 26, 57, 100, 155, 222, 301, 392, 495, 610, 737, 876, 1027, 1190, 1365, 1552, 1751, 1962, 2185, 2420, 2667, 2926, 3197, 3480, 3775, 4082, 4401, 4732, 5075, 5430, 5797, 6176, 6567, 6970, 7385, 7812, 8251, 8702, 9165, 9640, 10127, 10626"
A141015,add add add x_0_1 x_0_2 x_0_3 x_0_2,(((x_0_1 add x_0_2) add x_0_3) add x_0_2),"0, 1, 2, 4, 9, 19, 41, 88, 189, 406, 872, 1873, 4023, 8641, 18560, 39865, 85626, 183916, 395033, 848491, 1822473, 3914488, 8407925, 18059374, 38789712, 83316385, 178955183, 384377665, 825604416, 1773314929, 3808901426"
A182780,add x_0_1 add x_0_1 sub x_0_2 INT+ 2,(x_0_1 add (x_0_1 add (x_0_2 sub 2))),"2, 4, 8, 18, 42, 100, 240, 578, 1394, 3364, 8120, 19602, 47322, 114244, 275808, 665858, 1607522, 3880900, 9369320, 22619538, 54608394, 131836324, 318281040, 768398402, 1855077842, 4478554084, 10812186008, 26102926098, 63018038202, 152139002500, 367296043200, 886731088898, 2140758220994, 5168247530884"
A164298,sub mul x_0_1 INT+ 4 add x_0_2 x_0_2,((x_0_1 mul 4) sub (x_0_2 add x_0_2)),"1, 10, 38, 132, 452, 1544, 5272, 18000, 61456, 209824, 716384, 2445888, 8350784, 28511360, 97343872, 332352768, 1134723328, 3874187776, 13227304448, 45160842240, 154188760064, 526433355776, 1797355902976, 6136556900352"
A059633,add x_0_1 sub x_0_1 sub x_0_3 x_0_4,(x_0_1 add (x_0_1 sub (x_0_3 sub x_0_4))),"1, 2, 4, 7, 13, 24, 45, 84, 157, 293, 547, 1021, 1906, 3558, 6642, 12399, 23146, 43208, 80659, 150571, 281080, 524709, 979506, 1828503, 3413377, 6371957, 11894917, 22204960, 41451340, 77379720, 144449397, 269652414"
A037498,add mul INT+ 5 x_0_1 mod add n x_0_1 INT+ 3,((5 mul x_0_1) add ((n add x_0_1) mod 3)),"1, 5, 27, 136, 680, 3402, 17011, 85055, 425277, 2126386, 10631930, 53159652, 265798261, 1328991305, 6644956527, 33224782636, 166123913180, 830619565902, 4153097829511, 20765489147555, 103827445737777, 519137228688886"
A003422,add x_0_1 mul sub x_0_1 x_0_2 sub n INT+ 2,(x_0_1 add ((x_0_1 sub x_0_2) mul (n sub 2))),"0, 1, 2, 4, 10, 34, 154, 874, 5914, 46234, 409114, 4037914, 43954714, 522956314, 6749977114, 93928268314, 1401602636314, 22324392524314, 378011820620314, 6780385526348314, 128425485935180314, 2561327494111820314, 53652269665821260314, 1177652997443428940314"
A161838,add x_0_1 add x_0_4 mul sign x_0_6 x_0_4,(x_0_1 add (x_0_4 add (sign(x_0_6) mul x_0_4))),"0, 0, 0, 0, 1, 1, 1, 1, 3, 5"
A077846,sub x_0_3 mul sub x_0_1 x_0_3 INT- 3,(x_0_3 sub ((x_0_1 sub x_0_3) mul -3)),"1, 3, 9, 25, 69, 189, 517, 1413, 3861, 10549, 28821, 78741, 215125, 587733, 1605717, 4386901, 11985237, 32744277, 89459029, 244406613, 667731285, 1824275797, 4984014165, 13616579925, 37201188181, 101635536213, 277673448789"
A094325,add INT+ 6 idiv mod n n x_0_6,(6 add ((n mod n) idiv x_0_6)),"111111, 110, 20, 12, 11, 10, 6, 6, 6, 6, 6, 6, 6, 6, 6, 6, 6, 6, 6, 6, 6, 6, 6, 6, 6, 6, 6, 6, 6, 6, 6, 6, 6, 6, 6, 6, 6, 6, 6, 6, 6, 6, 6, 6, 6, 6, 6, 6, 6, 6, 6, 6, 6, 6, 6, 6, 6, 6, 6, 6, 6, 6, 6, 6, 6, 6, 6, 6, 6, 6, 6, 6, 6, 6, 6, 6, 6, 6, 6, 6, 6, 6, 6, 6, 6, 6, 6, 6, 6, 6, 6, 6, 6, 6"
A121351,sub mul x_0_1 sub mul n INT+ 3 INT+ 2 x_0_2,((x_0_1 mul ((n mul 3) sub 2)) sub x_0_2),"0, 1, 7, 69, 890, 14171, 268359, 5889727, 146974816, 4109405121, 127244583935, 4322206448669, 159794394016818, 6387453554224051, 274500708437617375, 12620645134576175199, 618137110885794967376, 32130509120926762128353"
A006516,sub mul x_0_1 INT+ 6 mul INT+ 8 x_0_2,((x_0_1 mul 6) sub (8 mul x_0_2)),"0, 1, 6, 28, 120, 496, 2016, 8128, 32640, 130816, 523776, 2096128, 8386560, 33550336, 134209536, 536854528, 2147450880, 8589869056, 34359607296, 137438691328, 549755289600, 2199022206976, 8796090925056, 35184367894528"
A075839,sub mul INT+ 1 0 add x_0_1 x_0_1 x_0_2,((10 mul (x_0_1 add x_0_1)) sub x_0_2),"1, 19, 379, 7561, 150841, 3009259, 60034339, 1197677521, 23893516081, 476672644099, 9509559365899, 189714514673881, 3784780734111721, 75505900167560539, 1506333222617099059, 30051158552174420641, 599516837820871313761, 11960285597865251854579"
A254598,sub mul INT+ 8 x_0_1 mul INT- 7 x_0_2,((8 mul x_0_1) sub (-7 mul x_0_2)),"1, 9, 79, 695, 6113, 53769, 472943, 4159927, 36590017, 321839625, 2830847119, 24899654327, 219013164449, 1926402895881, 16944315318191, 149039342816695, 1310924949760897, 11530674997804041, 101421874630758607, 892089722030697143, 7846670898660887393, 69017995243501979145"
A122069,sub mul INT+ 3 x_0_1 mul INT- 9 x_0_2,((3 mul x_0_1) sub (-9 mul x_0_2)),"1, 3, 18, 81, 405, 1944, 9477, 45927, 223074, 1082565, 5255361, 25509168, 123825753, 601059771, 2917611090, 14162371209, 68745613437, 333698181192, 1619805064509, 7862698824255, 38166342053346, 185263315578333"
A000580,idiv mul x_0_1 add n INT+ 6 sub n sign n,((x_0_1 mul (n add 6)) idiv (n sub sign(n))),"1, 8, 36, 120, 330, 792, 1716, 3432, 6435, 11440, 19448, 31824, 50388, 77520, 116280, 170544, 245157, 346104, 480700, 657800, 888030, 1184040, 1560780, 2035800, 2629575, 3365856, 4272048, 5379616, 6724520, 8347680, 10295472"
A126473,sub mul INT+ 4 add x_0_1 x_0_2 x_0_2,((4 mul (x_0_1 add x_0_2)) sub x_0_2),"1, 5, 23, 107, 497, 2309, 10727, 49835, 231521, 1075589, 4996919, 23214443, 107848529, 501037445, 2327695367, 10813893803, 50238661313, 233396326661, 1084301290583, 5037394142315, 23402480441009, 108722104190981, 505095858086951, 2346549744920747"
A163274,idiv sqr mul sqr sub n sign n n INT+ 2,(((((n sub sign(n)))**2 mul n))**2 idiv 2),"0, 2, 72, 648, 3200, 11250, 31752, 76832, 165888, 328050, 605000, 1054152, 1752192, 2798978, 4321800, 6480000, 9469952, 13530402, 18948168, 26064200, 35280000, 47064402, 61960712, 80594208, 103680000, 132031250, 166567752, 208324872"
A049866,add x_0_1 sub x_0_1 sub x_0_3 x_0_4,(x_0_1 add (x_0_1 sub (x_0_3 sub x_0_4))),"1, 1, 3, 4, 8, 14, 27, 50, 94, 175, 327, 610, 1139, 2126, 3969, 7409, 13831, 25819, 48198, 89974, 167960, 313541, 585306, 1092626, 2039671, 3807577, 7107834, 13268623, 24769340, 46238423, 86316057, 161131397, 300793711"
A077998,add x_0_1 sub x_0_1 sub x_0_3 x_0_2,(x_0_1 add (x_0_1 sub (x_0_3 sub x_0_2))),"1, 1, 3, 6, 14, 31, 70, 157, 353, 793, 1782, 4004, 8997, 20216, 45425, 102069, 229347, 515338, 1157954, 2601899, 5846414, 13136773, 29518061, 66326481, 149034250, 334876920, 752461609, 1690765888, 3799116465, 8536537209, 19181424995, 43100270734, 96845429254"
A228361,add x_0_2 mul x_0_3 sign x_0_6,(x_0_2 add (x_0_3 mul sign(x_0_6))),"0, 0, 1, 2, 2, 3, 4, 5, 7, 9, 12, 16, 21, 28, 37, 49, 65, 86, 114, 151, 200, 265, 351, 465, 616, 816, 1081, 1432, 1897, 2513, 3329, 4410, 5842, 7739, 10252, 13581, 17991, 23833, 31572, 41824, 55405, 73396, 97229, 128801, 170625, 226030, 299426, 396655, 525456"
A181532,add add x_0_1 x_0_2 x_0_4,((x_0_1 add x_0_2) add x_0_4),"0, 1, 1, 2, 3, 6, 10, 18, 31, 55, 96, 169, 296, 520, 912, 1601, 2809, 4930, 8651, 15182, 26642, 46754, 82047, 143983, 252672, 443409, 778128, 1365520, 2396320, 4205249, 7379697, 12950466, 22726483, 39882198, 69988378, 122821042, 215535903"
A166115,sub add x_0_1 mul INT+ 8 x_0_2 INT- 2,((x_0_1 add (8 mul x_0_2)) sub -2),"4, 12, 46"
A251653,add x_0_1 sub x_0_1 x_0_6,(x_0_1 add (x_0_1 sub x_0_6)),"0, 0, 1, 0, 0, 1, 2, 4, 7, 14, 28, 55, 108, 212, 417, 820, 1612, 3169, 6230, 12248, 24079, 47338, 93064, 182959, 359688, 707128, 1390177, 2733016, 5372968, 10562977"
A077941,add x_0_1 sub x_0_1 add x_0_2 x_0_3,(x_0_1 add (x_0_1 sub (x_0_2 add x_0_3))),"1, 2, 3, 3, 1, -4, -12, -21, -26, -19, 9, 63, 136, 200, 201, 66, -269, -805, -1407, -1740, -1268, 611, 4230, 9117, 13393, 13439, 4368, -18096, -53999, -94270, -116445, -84621, 41473, 284012, 611172, 896859, 898534, 289037, -1217319, -3622209, -6316136, -7792744, -5647143, 2814594"
A291017,mul INT+ 7 sub x_0_1 x_0_2,(7 mul (x_0_1 sub x_0_2)),"5, 29, 168, 973, 5635, 32634, 188993, 1094513, 6338640, 36708889, 212591743, 1231179978, 7130117645, 41292563669, 239137122168, 1384911909493, 8020423511275, 46448581212474, 268997103908393, 1557839658871433, 9021897884741280, 52248407581088929"
A037482,add mul INT+ 5 x_0_1 mod x_0_2 INT+ 5,((5 mul x_0_1) add (x_0_2 mod 5)),"1, 7, 36, 182, 911, 4557, 22786, 113932, 569661, 2848307, 14241536, 71207682, 356038411, 1780192057, 8900960286, 44504801432, 222524007161, 1112620035807, 5563100179036, 27815500895182, 139077504475911, 695387522379557"
A142703,mul add x_0_1 x_0_2 add n sub n INT+ 2,((x_0_1 add x_0_2) mul (n add (n sub 2))),"1, 1, 8, 54, 496, 5500, 71952, 1084328, 18500480, 352526544, 7420540480, 171007474528, 4282272360192, 115785275702720, 3361891345761536, 104330298643927680, 3446150079670054912, 120716332862675408128"
A081359,add add add n n x_0_1 idiv INT- 1 0 sub x_0_1 n,(((n add n) add x_0_1) add (-10 idiv (x_0_1 sub n))),"6, 7, 10, 16, 25"
A174738,add x_0_1 idiv sub n sign x_0_6 INT+ 7,(x_0_1 add ((n sub sign(x_0_6)) idiv 7)),"0, 0, 0, 0, 0, 0, 0, 1, 2, 3, 4, 5, 6, 7, 9, 11, 13, 15, 17, 19, 21, 24, 27, 30, 33, 36, 39, 42, 46, 50, 54, 58, 62, 66, 70, 75, 80, 85, 90, 95, 100, 105, 111, 117, 123, 129, 135, 141, 147, 154, 161, 168, 175, 182, 189, 196, 204, 212, 220, 228, 236"
A005251,add add x_0_1 x_0_2 x_0_4,((x_0_1 add x_0_2) add x_0_4),"0, 1, 1, 1, 2, 4, 7, 12, 21, 37, 65, 114, 200, 351, 616, 1081, 1897, 3329, 5842, 10252, 17991, 31572, 55405, 97229, 170625, 299426, 525456, 922111, 1618192, 2839729, 4983377, 8745217, 15346786, 26931732, 47261895, 82938844, 145547525, 255418101, 448227521"
A084056,sub mul x_0_1 INT- 2 add x_0_2 sign n,((x_0_1 mul -2) sub (x_0_2 add sign(n))),"0, 1, -3, 4, -6, 7, -9, 10, -12, 13, -15, 16, -18, 19, -21, 22, -24, 25, -27, 28, -30, 31, -33, 34, -36, 37, -39, 40, -42, 43, -45, 46, -48, 49, -51, 52, -54, 55, -57, 58, -60, 61, -63, 64, -66, 67, -69, 70, -72, 73, -75, 76, -78, 79, -81, 82, -84, 85, -87, 88, -90"
A190981,add mul INT+ 9 x_0_1 mul INT- 4 x_0_2,((9 mul x_0_1) add (-4 mul x_0_2)),"0, 1, 9, 77, 657, 5605, 47817, 407933, 3480129, 29689429, 253284345, 2160801389, 18434075121, 157263470533, 1341634934313, 11445660526685, 97644405002913, 833017002919477, 7106575406263641, 60627110644694861, 517217694177199185, 4412450805016013221"
A190954,add mul INT+ 1 0 x_0_1 mul INT+ 4 x_0_2,((10 mul x_0_1) add (4 mul x_0_2)),"0, 1, 10, 104, 1080, 11216, 116480, 1209664, 12562560, 130464256, 1354892800, 14070785024, 146127421440, 1517557354496, 15760083230720, 163671061725184, 1699750950174720, 17652193748647936, 183320941287178240, 1903818187866374144, 19771465643812454400"
A008778,add x_0_1 add sub x_0_1 sub x_0_2 n sign n,(x_0_1 add ((x_0_1 sub (x_0_2 sub n)) add sign(n))),"1, 5, 13, 26, 45, 71, 105, 148, 201, 265, 341, 430, 533, 651, 785, 936, 1105, 1293, 1501, 1730, 1981, 2255, 2553, 2876, 3225, 3601, 4005, 4438, 4901, 5395, 5921, 6480, 7073, 7701, 8365, 9066, 9805, 10583, 11401, 12260, 13161, 14105, 15093, 16126, 17205, 18331"
A171415,sub mul x_0_1 INT+ 9 9 x_0_2,((x_0_1 mul 99) sub x_0_2),"0, 1, 99, 9800, 970101, 96030199, 9506019600, 940999910201, 93149485090299, 9220858024029400, 912771794893820301, 90355186836464180399, 8944250725015060039200, 885390466589654479700401"
A211013,add x_0_1 sub x_0_1 sub x_0_2 sub INT+ 1 0 INT- 1,(x_0_1 add (x_0_1 sub (x_0_2 sub (10 sub -1)))),"0, 10, 31, 63, 106, 160, 225, 301, 388, 486, 595, 715, 846, 988, 1141, 1305, 1480, 1666, 1863, 2071, 2290, 2520, 2761, 3013, 3276, 3550, 3835, 4131, 4438, 4756, 5085, 5425, 5776, 6138, 6511, 6895, 7290, 7696, 8113, 8541, 8980, 9430, 9891, 10363"
A087404,add mul INT+ 4 add x_0_1 x_0_2 x_0_2,((4 mul (x_0_1 add x_0_2)) add x_0_2),"2, 4, 26, 124, 626, 3124, 15626, 78124, 390626, 1953124, 9765626, 48828124, 244140626, 1220703124, 6103515626, 30517578124, 152587890626, 762939453124, 3814697265626, 19073486328124, 95367431640626, 476837158203124"
A083589,add mul INT+ 4 x_0_1 mod add n x_0_2 INT+ 2,((4 mul x_0_1) add ((n add x_0_2) mod 2)),"1, 4, 16, 64, 257, 1028, 4112, 16448, 65793, 263172, 1052688, 4210752, 16843009, 67372036, 269488144, 1077952576, 4311810305, 17247241220, 68988964880, 275955859520, 1103823438081, 4415293752324, 17661175009296, 70644700037184"
A080042,sub mul INT+ 4 add x_0_1 x_0_2 x_0_2,((4 mul (x_0_1 add x_0_2)) sub x_0_2),"2, 4, 22, 100, 466, 2164, 10054, 46708, 216994, 1008100, 4683382, 21757828, 101081458, 469599316, 2181641638, 10135364500, 47086382914, 218751625156, 1016265649366, 4721317472932, 21934066839826, 101900219778100"
A350468,add x_0_1 mul INT+ 7 add x_0_2 x_0_2,(x_0_1 add (7 mul (x_0_2 add x_0_2))),"1, 1, 15, 29, 239, 645, 3991, 13021, 68895, 251189, 1215719, 4732365, 21752431, 88005541, 392539575, 1624617149, 7120171199, 29864811285, 129547208071, 547654566061, 2361315479055, 10028479403909, 43086896110679, 183485607765405, 786702153314911, 3355500662030581"
A187361,add mul INT+ 7 add x_0_1 x_0_1 x_0_2,((7 mul (x_0_1 add x_0_1)) add x_0_2),"1, 12, 169, 2378, 33461, 470832, 6625109, 93222358, 1311738121, 18457556052, 259717522849, 3654502875938, 51422757785981, 723573111879672, 10181446324101389, 143263821649299118, 2015874949414289041, 28365513113449345692, 399133058537705128729, 5616228332641321147898"
A103459,add x_0_1 mul INT+ 7 sub x_0_1 sign x_0_2,(x_0_1 add (7 mul (x_0_1 sub sign(x_0_2)))),"1, 9, 65, 513, 4097, 32769, 262145, 2097153, 16777217, 134217729, 1073741825, 8589934593, 68719476737, 549755813889, 4398046511105, 35184372088833, 281474976710657, 2251799813685249, 18014398509481985, 144115188075855873"
A065100,sub mul INT+ 9 x_0_1 x_0_2,((9 mul x_0_1) sub x_0_2),"3, 27, 240, 2133, 18957, 168480, 1497363, 13307787, 118272720, 1051146693, 9342047517, 83027280960, 737903481123, 6558104049147, 58285032961200, 518007192601653, 4603779700453677, 40916010111481440, 363640311302879283"
A121740,sub mul x_0_1 INT+ 6 6 x_0_2,((x_0_1 mul 66) sub x_0_2),"0, 8, 528, 34840, 2298912, 151693352, 10009462320, 660472819768, 43581196642368, 2875698505576520, 189752520171407952, 12520790632807348312, 826182429245113580640, 54515519539544688973928"
A067078,add x_0_1 mul sub x_0_1 x_0_2 sub n INT+ 2,(x_0_1 add ((x_0_1 sub x_0_2) mul (n sub 2))),"1, 2, 3, 5, 11, 35, 155, 875, 5915, 46235, 409115, 4037915, 43954715, 522956315, 6749977115, 93928268315, 1401602636315, 22324392524315, 378011820620315, 6780385526348315, 128425485935180315, 2561327494111820315"
A109868,mul INT+ 1 0 mul x_0_2 sign x_0_4,(10 mul (x_0_2 mul sign(x_0_4))),"1, 2, 11, 10, 110, 100, 1100, 1000, 11000, 10000, 110000, 100000, 1100000, 1000000, 11000000, 10000000, 110000000, 100000000, 1100000000, 1000000000, 11000000000, 10000000000, 110000000000, 100000000000"
A137340,add mul x_0_2 INT+ 3 add x_0_1 x_0_1,((x_0_2 mul 3) add (x_0_1 add x_0_1)),"1, 9, 21, 69, 201, 609, 1821, 5469, 16401, 49209, 147621, 442869, 1328601, 3985809, 11957421, 35872269, 107616801, 322850409, 968551221, 2905653669, 8716961001, 26150883009, 78452649021, 235357947069, 706073841201, 2118221523609, 6354664570821, 19063993712469"
A283931,sub mul INT+ 8 x_0_1 add x_0_2 INT- 8,((8 mul x_0_1) sub (x_0_2 add -8)),"1, 63, 511"
A112387,add add x_0_2 x_0_4 x_0_4,((x_0_2 add x_0_4) add x_0_4),"1, 2, 1, 4, 3, 8, 5, 16, 11, 32, 21, 64, 43, 128, 85, 256, 171, 512, 341, 1024, 683, 2048, 1365, 4096, 2731, 8192, 5461, 16384, 10923, 32768, 21845, 65536, 43691, 131072, 87381, 262144, 174763, 524288, 349525, 1048576, 699051, 2097152, 1398101"
A076860,add x_0_1 sub x_0_1 add INT- 5 mul n sign x_0_3,(x_0_1 add (x_0_1 sub (-5 add (n mul sign(x_0_3))))),"1, 5, 7, 15, 30"
A288133,add sub x_0_1 sub n INT+ 3 mul x_0_1 sign x_0_2,((x_0_1 sub (n sub 3)) add (x_0_1 mul sign(x_0_2))),"1, 2, 4, 7, 12, 21, 38, 71, 136, 265, 522, 1035, 2060, 4109, 8206, 16399, 32784, 65553, 131090, 262163, 524308, 1048597, 2097174, 4194327, 8388632, 16777241, 33554458, 67108891, 134217756, 268435485"
A189801,add mul INT+ 6 x_0_1 mul INT+ 9 x_0_2,((6 mul x_0_1) add (9 mul x_0_2)),"0, 1, 6, 45, 324, 2349, 17010, 123201, 892296, 6462585, 46806174, 339000309, 2455257420, 17782547301, 128792600586, 932798529225, 6755924580624, 48930734246769, 354387726706230, 2566702968458301, 18589707351105876, 134638570822759965, 975138791096512674"
A007484,sub x_0_2 sub mul x_0_1 INT- 3 x_0_2,(x_0_2 sub ((x_0_1 mul -3) sub x_0_2)),"2, 7, 25, 89, 317, 1129, 4021, 14321, 51005, 181657, 646981, 2304257, 8206733, 29228713, 104099605, 370756241, 1320467933, 4702916281, 16749684709, 59654886689, 212464029485, 756701861833, 2695033644469, 9598504657073, 34185581260157, 121753753094617"
A077937,mul INT+ 2 add x_0_1 sub x_0_2 x_0_3,(2 mul (x_0_1 add (x_0_2 sub x_0_3))),"1, 2, 6, 14, 36, 88, 220, 544, 1352, 3352, 8320, 20640, 51216, 127072, 315296, 782304, 1941056, 4816128, 11949760, 29649664, 73566592, 182532992, 452899840, 1123732480, 2788198656, 6918062592, 17165057536, 42589842944, 105673675776, 262196922368"
A188048,sub mul INT+ 4 x_0_2 sub x_0_2 x_0_3,((4 mul x_0_2) sub (x_0_2 sub x_0_3)),"1, 0, 2, 1, 6, 5, 19, 21, 62, 82, 207, 308, 703, 1131, 2417, 4096, 8382, 14705, 29242, 52497, 102431, 186733, 359790, 662630, 1266103, 2347680, 4460939, 8309143, 15730497, 29388368, 55500634, 103895601, 195890270, 367187437, 691566411, 1297452581"
A099919,add mul x_0_1 INT+ 4 sub x_0_2 INT- 2,((x_0_1 mul 4) add (x_0_2 sub -2)),"0, 2, 10, 44, 188, 798, 3382, 14328, 60696, 257114, 1089154, 4613732, 19544084, 82790070, 350704366, 1485607536, 6293134512, 26658145586, 112925716858, 478361013020, 2026369768940, 8583840088782, 36361730124070"
A079811,mul x_0_4 sub INT+ 4 sign sub x_0_5 n,(x_0_4 mul (4 sub sign((x_0_5 sub n)))),"1, 2, 2, 6, 7, 10, 10"
A000073,add add x_0_1 x_0_3 x_0_2,((x_0_1 add x_0_3) add x_0_2),"0, 0, 1, 1, 2, 4, 7, 13, 24, 44, 81, 149, 274, 504, 927, 1705, 3136, 5768, 10609, 19513, 35890, 66012, 121415, 223317, 410744, 755476, 1389537, 2555757, 4700770, 8646064, 15902591, 29249425, 53798080, 98950096, 181997601, 334745777, 615693474, 1132436852"
A332235,sub mul x_0_1 n idiv x_0_1 add n INT+ 4,((x_0_1 mul n) sub (x_0_1 idiv (n add 4))),"2, 4, 12, 47"
A167541,add x_0_1 sub x_0_1 add n sub x_0_2 INT+ 3,(x_0_1 add (x_0_1 sub (n add (x_0_2 sub 3)))),"2, 5, 8, 10, 10, 7, 0, -12, -30, -55, -88, -130, -182, -245, -320, -408, -510, -627, -760, -910, -1078, -1265, -1472, -1700, -1950, -2223, -2520, -2842, -3190, -3565, -3968, -4400, -4862, -5355, -5880, -6438, -7030, -7657, -8320, -9020, -9758, -10535, -11352"
A071930,add mul x_0_2 INT+ 8 add x_0_1 x_0_1,((x_0_2 mul 8) add (x_0_1 add x_0_1)),"0, 6, 12, 72, 240, 1056, 4032, 16512, 65280, 262656, 1047552, 4196352, 16773120, 67117056, 268419072, 1073774592, 4294901760, 17180000256, 68719214592, 274878431232, 1099510579200, 4398048608256, 17592181850112"
A304380,mul sub mul n sqr INT- 6 INT+ 4 n,(((n mul (-6)**2) sub 4) mul n),"32, 136, 312, 560, 880, 1272, 1736, 2272, 2880, 3560, 4312, 5136, 6032, 7000, 8040, 9152, 10336, 11592, 12920, 14320, 15792, 17336, 18952, 20640, 22400, 24232, 26136, 28112, 30160, 32280, 34472, 36736, 39072, 41480, 43960, 46512, 49136, 51832, 54600, 57440"
A084382,add INT+ 6 mul sqr sub n sign n add n INT- 1,(6 add (((n sub sign(n)))**2 mul (n add -1))),"6, 7, 14, 33, 70, 131, 222, 349, 518, 735, 1006, 1337, 1734, 2203, 2750, 3381, 4102, 4919, 5838, 6865, 8006, 9267, 10654, 12173, 13830, 15631, 17582, 19689, 21958, 24395, 27006, 29797, 32774, 35943, 39310, 42881, 46662, 50659, 54878, 59325, 64006"
A295681,add add x_0_1 x_0_3 x_0_4,((x_0_1 add x_0_3) add x_0_4),"0, 1, 0, 2, 3, 4, 6, 11, 18, 28, 45, 74, 120, 193, 312, 506, 819, 1324, 2142, 3467, 5610, 9076, 14685, 23762, 38448, 62209, 100656, 162866, 263523, 426388, 689910, 1116299, 1806210, 2922508, 4728717, 7651226, 12379944, 20031169, 32411112, 52442282, 84853395"
A013848,mul sqr sqr INT- 8 mul x_0_1 INT+ 8,(((-8)**2)**2 mul (x_0_1 mul 8)),"512, 16777216, 549755813888, 18014398509481984, 590295810358705651712, 19342813113834066795298816, 633825300114114700748351602688, 20769187434139310514121985316880384, 680564733841876926926749214863536422912"
A102285,sub mul sub x_0_1 x_0_2 INT+ 6 x_0_2,(((x_0_1 sub x_0_2) mul 6) sub x_0_2),"1, 5, 23, 103, 457, 2021, 8927, 39415, 174001, 768101, 3390599, 14966887, 66067129, 291634565, 1287337487, 5682582967, 25084135393, 110726731589, 488771441783, 2157541529575, 9523849084969, 42040303802789"
A247968,add x_0_2 add x_0_1 sub x_0_2 sign x_0_3,(x_0_2 add (x_0_1 add (x_0_2 sub sign(x_0_3)))),"1, 1, 1, 2, 3, 6, 11, 22, 43, 86, 171, 342, 683, 1366, 2731, 5462, 10923, 21846, 43691, 87382, 174763, 349526, 699051, 1398102, 2796203, 5592406, 11184811, 22369622"
A247594,add mul INT+ 3 x_0_3 add x_0_1 x_0_2,((3 mul x_0_3) add (x_0_1 add x_0_2)),"1, 2, 5, 10, 21, 46, 97, 206, 441, 938, 1997, 4258, 9069, 19318, 41161, 87686, 186801, 397970, 847829, 1806202, 3847941, 8197630, 17464177, 37205630, 79262697, 168860858, 359740445, 766389394, 1632712413, 3478323142, 7410203737, 15786664118, 33631837281"
A266723,sub mul n n sub x_0_1 mod n INT- 2,((n mul n) sub (x_0_1 sub (n mod -2))),"1, 3, 5, 11, 13, 23, 25, 39, 41, 59, 61, 83, 85, 111, 113, 143, 145, 179, 181, 219, 221, 263, 265, 311, 313, 363, 365, 419, 421, 479, 481, 543, 545, 611, 613, 683, 685, 759, 761, 839, 841, 923, 925, 1011, 1013, 1103, 1105, 1199, 1201, 1299, 1301, 1403, 1405"
A101206,sub mul n x_0_1 idiv n sub INT- 2 x_0_3,((n mul x_0_1) sub (n idiv (-2 sub x_0_3))),"1, 2, 5, 22, 112"
A015574,add mul INT+ 3 x_0_2 mul INT+ 8 x_0_1,((3 mul x_0_2) add (8 mul x_0_1)),"0, 1, 8, 67, 560, 4681, 39128, 327067, 2733920, 22852561, 191022248, 1596735667, 13346952080, 111565823641, 932567445368, 7795237033867, 65159598607040, 544662499957921, 4552778795484488, 38056217863749667, 318108079296450800, 2659033287962855401, 22226590541592195608"
A200739,sub add mul INT+ 5 x_0_1 x_0_3 x_0_2,(((5 mul x_0_1) add x_0_3) sub x_0_2),"1, 0, 0, 1, 5, 24, 116, 561, 2713, 13120, 63448, 306833, 1483837, 7175800, 34701996, 167818017, 811563889, 3924703424, 18979771248, 91785716705, 443873515701, 2146561633048, 10380720366244, 50200913713873, 242770409836169, 1174031855833216, 5677589783043784"
A033570,add mul INT+ 6 sub sqr n n sub INT+ 2 n,((6 mul ((n)**2 sub n)) add (2 sub n)),"1, 12, 35, 70, 117, 176, 247, 330, 425, 532, 651, 782, 925, 1080, 1247, 1426, 1617, 1820, 2035, 2262, 2501, 2752, 3015, 3290, 3577, 3876, 4187, 4510, 4845, 5192, 5551, 5922, 6305, 6700, 7107, 7526, 7957, 8400, 8855, 9322, 9801, 10292, 10795, 11310, 11837"
A192962,add add x_0_1 sub x_0_1 x_0_3 INT+ 2,((x_0_1 add (x_0_1 sub x_0_3)) add 2),"1, 2, 7, 15, 30, 55, 97, 166, 279, 463, 762, 1247, 2033, 3306, 5367, 8703, 14102, 22839, 36977, 59854, 96871, 156767, 253682, 410495, 664225, 1074770, 1739047, 2813871, 4552974, 7366903, 11919937, 19286902, 31206903, 50493871, 81700842"
A072264,sub mul x_0_1 INT+ 3 mul x_0_2 INT- 5,((x_0_1 mul 3) sub (x_0_2 mul -5)),"1, 1, 8, 29, 127, 526, 2213, 9269, 38872, 162961, 683243, 2864534, 12009817, 50352121, 211105448, 885076949, 3710758087, 15557659006, 65226767453, 273468597389, 1146539629432, 4806961875241, 20153583772883, 84495560694854, 354254600948977, 1485241606321201"
A077908,add x_0_3 sub x_0_3 x_0_4,(x_0_3 add (x_0_3 sub x_0_4)),"1, 0, 0, 2, -1, 0, 4, -4, 1, 8, -12, 6, 15, -32, 24, 24, -79, 80, 24, -182, 239, -32, -388, 660, -303, -744, 1708, -1266, -1185, 4160, -4240, -1104, 9505, -12640, 2032, 20114, -34785, 16704, 38196, -89684, 68193, 59688, -217564, 226070, 51183, -494816, 669704, -123704, -1040815, 1834224"
A049856,add x_0_1 sub x_0_1 sub x_0_3 x_0_4,(x_0_1 add (x_0_1 sub (x_0_3 sub x_0_4))),"0, 0, 1, 1, 2, 3, 6, 11, 21, 39, 73, 136, 254, 474, 885, 1652, 3084, 5757, 10747, 20062, 37451, 69912, 130509, 243629, 454797, 848997, 1584874, 2958580, 5522960, 10310043, 19246380, 35928380, 67069677, 125203017, 233724034, 436306771, 814480202, 1520439387"
A005581,add x_0_1 add sub x_0_1 x_0_2 add n INT- 1,(x_0_1 add ((x_0_1 sub x_0_2) add (n add -1))),"0, 0, 2, 7, 16, 30, 50, 77, 112, 156, 210, 275, 352, 442, 546, 665, 800, 952, 1122, 1311, 1520, 1750, 2002, 2277, 2576, 2900, 3250, 3627, 4032, 4466, 4930, 5425, 5952, 6512, 7106, 7735, 8400, 9102, 9842, 10621, 11440, 12300, 13202, 14147, 15136, 16170"
A099503,sub mul INT+ 4 x_0_1 x_0_3,((4 mul x_0_1) sub x_0_3),"1, 4, 16, 63, 248, 976, 3841, 15116, 59488, 234111, 921328, 3625824, 14269185, 56155412, 220995824, 869714111, 3422701032, 13469808304, 53009519105, 208615375388, 820991693248, 3230957253887, 12715213640160, 50039862867392"
A052948,add x_0_3 mul INT+ 3 sub x_0_1 x_0_3,(x_0_3 add (3 mul (x_0_1 sub x_0_3))),"1, 1, 3, 7, 19, 51, 139, 379, 1035, 2827, 7723, 21099, 57643, 157483, 430251, 1175467, 3211435, 8773803, 23970475, 65488555, 178918059, 488813227, 1335462571, 3648551595, 9968028331, 27233159851, 74402376363, 203271072427"
A077950,add mul x_0_3 INT- 2 x_0_1,((x_0_3 mul -2) add x_0_1),"1, 1, 1, -1, -3, -5, -3, 3, 13, 19, 13, -13, -51, -77, -51, 51, 205, 307, 205, -205, -819, -1229, -819, 819, 3277, 4915, 3277, -3277, -13107, -19661, -13107, 13107, 52429, 78643, 52429, -52429, -209715, -314573, -209715, 209715, 838861, 1258291, 838861, -838861, -3355443, -5033165, -3355443"
A060925,add mul x_0_2 INT+ 3 add x_0_1 x_0_1,((x_0_2 mul 3) add (x_0_1 add x_0_1)),"1, 4, 11, 34, 101, 304, 911, 2734, 8201, 24604, 73811, 221434, 664301, 1992904, 5978711, 17936134, 53808401, 161425204, 484275611, 1452826834, 4358480501, 13075441504, 39226324511, 117678973534, 353036920601"
A106570,sub mul INT+ 4 add x_0_1 x_0_2 x_0_2,((4 mul (x_0_1 add x_0_2)) sub x_0_2),"0, 3, 12, 57, 264, 1227, 5700, 26481, 123024, 571539, 2655228, 12335529, 57307800, 266237787, 1236874548, 5746211553, 26695469856, 124020514083, 576168465900, 2676735405849, 12435447021096, 57771994301931, 268394318271012"
A209890,mul add x_0_2 x_0_1 INT+ 4,((x_0_2 add x_0_1) mul 4),"7, 34, 164, 792, 3824, 18464, 89152, 430464, 2078464, 10035712, 48456704, 233969664, 1129705472, 5454700544, 26337624064, 127169298432, 614027689984, 2964787953664, 14315262574592, 69120202113024, 333741858750464"
A124342,mul sub x_0_1 x_0_3 INT- 2,((x_0_1 sub x_0_3) mul -2),"1, -1, 2, -2, 2, 0, -4, 12, -24, 40, -56, 64, -48, -16, 160, -416, 800, -1280, 1728, -1856, 1152, 1152, -6016, 14336, -26368, 40704, -52736, 52736, -24064, -57344, 220160, -488448, 862208, -1284096, 1591296, -1458176, 348160"
A125701,mul add x_0_1 mul x_0_2 INT+ 4 n,((x_0_1 add (x_0_2 mul 4)) mul n),"1, 3, 21, 132"
A026395,mul x_0_2 add INT+ 4 sign x_0_3,(x_0_2 mul (4 add sign(x_0_3))),"1, 2, 4, 10, 20, 50, 100, 250, 500, 1250, 2500, 6250, 12500, 31250, 62500, 156250, 312500, 781250, 1562500, 3906250, 7812500, 19531250, 39062500, 97656250, 195312500, 488281250, 976562500, 2441406250, 4882812500, 12207031250"
A158740,add mul INT+ 9 mul INT+ 8 sqr sub n sign n sign n,((9 mul (8 mul ((n sub sign(n)))**2)) add sign(n)),"1, 73, 289, 649, 1153, 1801, 2593, 3529, 4609, 5833, 7201, 8713, 10369, 12169, 14113, 16201, 18433, 20809, 23329, 25993, 28801, 31753, 34849, 38089, 41473, 45001, 48673, 52489, 56449, 60553, 64801, 69193, 73729, 78409, 83233, 88201, 93313, 98569, 103969, 109513"
A188135,add sub x_0_1 x_0_2 add sqr INT- 4 x_0_1,((x_0_1 sub x_0_2) add ((-4)**2 add x_0_1)),"1, 11, 37, 79, 137, 211, 301, 407, 529, 667, 821, 991, 1177, 1379, 1597, 1831, 2081, 2347, 2629, 2927, 3241, 3571, 3917, 4279, 4657, 5051, 5461, 5887, 6329, 6787, 7261, 7751, 8257, 8779, 9317, 9871, 10441, 11027, 11629, 12247, 12881"
A037760,add mul x_0_1 INT+ 6 mod add n INT- 2 INT+ 4,((x_0_1 mul 6) add ((n add -2) mod 4)),"3, 18, 109, 656, 3939, 23634, 141805, 850832, 5104995, 30629970, 183779821, 1102678928, 6616073571, 39696441426, 238178648557, 1429071891344, 8574431348067, 51446588088402, 308679528530413, 1852077171182480"
A079971,add x_0_1 add x_0_5 x_0_2,(x_0_1 add (x_0_5 add x_0_2)),"1, 1, 2, 3, 5, 9, 15, 26, 44, 75, 128, 218, 372, 634, 1081, 1843, 3142, 5357, 9133, 15571, 26547, 45260, 77164, 131557, 224292, 382396, 651948, 1111508, 1895013, 3230813, 5508222, 9390983, 16010713, 27296709, 46538235, 79343166, 135272384"
A018903,sub mul x_0_1 INT+ 6 mul x_0_2 INT+ 4,((x_0_1 mul 6) sub (x_0_2 mul 4)),"1, 5, 26, 136, 712, 3728, 19520, 102208, 535168, 2802176, 14672384, 76825600, 402264064, 2106281984, 11028635648, 57746685952, 302365573120, 1583206694912, 8289777876992, 43405840482304, 227275931385856, 1190032226385920, 6231089632772096, 32626408891088896"
A010036,sub mul x_0_1 INT+ 6 mul x_0_2 INT+ 8,((x_0_1 mul 6) sub (x_0_2 mul 8)),"1, 5, 22, 92, 376, 1520, 6112, 24512, 98176, 392960, 1572352, 6290432, 25163776, 100659200, 402644992, 1610596352, 6442418176, 25769738240, 103079084032, 412316598272, 1649266917376, 6597068718080, 26388276969472, 105553112072192, 422212456677376"
A102846,add x_0_1 mul sub x_0_1 x_0_3 x_0_2 INT+ 5,(x_0_1 add ((x_0_1 sub x_0_3) mul x_0_2)),"1, 1, 3, 5, 17, 87, 1481, 128849, 190825371, 24587658227981, 4691949003375676905953, 115364038518117215020660724770070895, 541282185550473269502054702460138578085934426170057537937"
A015593,add x_0_1 add add x_0_2 x_0_2 mul INT+ 1 0 x_0_1,(x_0_1 add ((x_0_2 add x_0_2) add (10 mul x_0_1))),"0, 1, 11, 123, 1375, 15371, 171831, 1920883, 21473375, 240048891, 2683484551, 29998427843, 335349675375, 3748843284811, 41907975483671, 468485416890003, 5237155536757375, 58545681738111131, 654476810192737191, 7316336275596331363"
A123011,add x_0_1 sub x_0_1 mul INT- 5 x_0_2,(x_0_1 add (x_0_1 sub (-5 mul x_0_2))),"1, 5, 15, 55, 185, 645, 2215, 7655, 26385, 91045, 314015, 1083255, 3736585, 12889445, 44461815, 153370855, 529050785, 1824955845, 6295165615, 21715110455, 74906048985, 258387650245, 891305545415, 3074549342055"
A020698,sub mul x_0_1 INT+ 5 add x_0_2 x_0_2,((x_0_1 mul 5) sub (x_0_2 add x_0_2)),"2, 9, 41, 187, 853, 3891, 17749, 80963, 369317, 1684659, 7684661, 35053987, 159900613, 729395091, 3327174229, 15177080963, 69231056357, 315801119859, 1440543486581, 6571115193187, 29974488992773, 136730214577491, 623702094901909, 2845050045354563"
A081632,add mul x_0_2 INT+ 3 add x_0_1 x_0_1,((x_0_2 mul 3) add (x_0_1 add x_0_1)),"1, 7, 17, 55, 161, 487, 1457, 4375, 13121, 39367, 118097, 354295, 1062881, 3188647, 9565937, 28697815, 86093441, 258280327, 774840977, 2324522935, 6973568801, 20920706407, 62762119217, 188286357655, 564859072961, 1694577218887"
A015544,sub mul INT+ 5 x_0_1 mul x_0_2 INT- 8,((5 mul x_0_1) sub (x_0_2 mul -8)),"0, 1, 5, 33, 205, 1289, 8085, 50737, 318365, 1997721, 12535525, 78659393, 493581165, 3097180969, 19434554165, 121950218577, 765227526205, 4801739379641, 30130517107845, 189066500576353, 1186376639744525, 7444415203333449, 46713089134623445"
A274974,add add x_0_1 mul n INT+ 8 sub x_0_1 x_0_2,((x_0_1 add (n mul 8)) add (x_0_1 sub x_0_2)),"1, 13, 49, 117, 225, 381, 593, 869, 1217, 1645, 2161, 2773, 3489, 4317, 5265, 6341, 7553, 8909, 10417, 12085, 13921, 15933, 18129, 20517, 23105, 25901, 28913, 32149, 35617, 39325, 43281, 47493, 51969, 56717, 61745, 67061, 72673, 78589, 84817, 91365, 98241"
A220414,sub mul INT+ 6 x_0_1 x_0_2,((6 mul x_0_1) sub x_0_2),"13, 73, 425, 2477, 14437, 84145, 490433, 2858453, 16660285, 97103257, 565959257, 3298652285, 19225954453, 112057074433, 653116492145, 3806641878437, 22186734778477, 129313766792425, 753695865976073, 4392861429064013, 25603472708408005, 149227974821384017"
A037711,add mul x_0_1 INT+ 6 mod add n x_0_1 INT+ 5,((x_0_1 mul 6) add ((n add x_0_1) mod 5)),"1, 9, 56, 336, 2017, 12105, 72632, 435792, 2614753, 15688521, 94131128, 564786768, 3388720609, 20332323657, 121993941944, 731963651664, 4391781909985, 26350691459913, 158104148759480, 948624892556880, 5691749355341281"
A115599,sub sub mul x_0_1 INT+ 6 INT+ 2 x_0_2,(((x_0_1 mul 6) sub 2) sub x_0_2),"2, 9, 50, 289, 1682, 9801, 57122, 332929, 1940450, 11309769, 65918162, 384199201, 2239277042, 13051463049, 76069501250, 443365544449, 2584123765442, 15061377048201, 87784138523762, 511643454094369, 2982076586042450, 17380816062160329, 101302819786919522"
A002065,add mul add x_0_1 sign n x_0_1 sign n,(((x_0_1 add sign(n)) mul x_0_1) add sign(n)),"0, 1, 3, 13, 183, 33673, 1133904603, 1285739649838492213, 1653126447166808570252515315100129583, 2732827050322355127169206170438813672515557678636778921646668538491883473"
A109115,sub mul INT+ 4 add x_0_1 x_0_2 x_0_2,((4 mul (x_0_1 add x_0_2)) sub x_0_2),"1, 6, 27, 126, 585, 2718, 12627, 58662, 272529, 1266102, 5881995, 27326286, 126951129, 589783374, 2739986883, 12729297654, 59137151265, 274736498022, 1276357445883, 5929639277598, 27547629448041, 127979435624958"
A232845,sub mul sub x_0_1 x_0_2 sub n INT+ 2 x_0_1,(((x_0_1 sub x_0_2) mul (n sub 2)) sub x_0_1),"0, 1, 0, -2, -4, -4, 4, 44, 236, 1300, 8276, 61484, 523804, 5024036, 53478980, 624890236, 7946278604, 109195935284, 1612048228276, 25439293045580, 427278358483196, 7609502950269124, 143217213477235364, 2840152418116021916, 59189357288576068780"
A166117,add mul x_0_2 INT- 2 add x_0_1 x_0_3,((x_0_2 mul -2) add (x_0_1 add x_0_3)),"0, 1, 2, 0, -3, -1, 5, 4, -7, -10, 8, 21, -5, -39, -8, 65, 42, -96, -115, 119, 253, -100, -487, -34, 840, 421, -1293, -1295, 1712, 3009, -1710, -6016, 413, 10735, 3893, -17164, -14215, 24006, 35272, -26955, -73493, 15689, 135720, 30849, -224902"
A135258,sub mul x_0_1 INT- 2 mod x_0_3 INT- 2,((x_0_1 mul -2) sub (x_0_3 mod -2)),"0, 1, -1, 2, -3, 7, -14, 29, -57, 114, -227, 455, -910, 1821, -3641, 7282, -14563, 29127, -58254, 116509, -233017, 466034, -932067, 1864135, -3728270, 7456541, -14913081, 29826162, -59652323, 119304647, -238609294, 477218589, -954437177, 1908874354"
A188022,add mul x_0_2 INT+ 3 x_0_3,((x_0_2 mul 3) add x_0_3),"0, 1, 1, 3, 4, 10, 15, 34, 55, 117, 199, 406, 714, 1417, 2548, 4965, 9061, 17443, 32148, 61390, 113887, 216318, 403051, 762841, 1425471, 2691574, 5039254, 9500193, 17809336, 33539833, 62928201, 118428835, 222324436, 418214706, 785402143, 1476968554"
A030025,mul INT+ 6 mul INT+ 4 sub n sign x_0_3,(6 mul (4 mul (n sub sign(x_0_3)))),"1, 0, 0, 72, 96"
A078002,sub mul sub x_0_1 x_0_3 INT+ 2 x_0_2,(((x_0_1 sub x_0_3) mul 2) sub x_0_2),"1, 1, 1, -1, -5, -11, -15, -9, 19, 77, 153, 191, 75, -347, -1151, -2105, -2365, -323, 5929, 16911, 28539, 28309, -5743, -96873, -244621, -380883, -323399, 223327, 1531819, 3487109, 4995745, 3440743, -5088477, -23609187, -49011383, -64236625, -32243493, 97772405, 356261553, 679237687"
A275795,sub mul INT+ 6 x_0_1 x_0_2,((6 mul x_0_1) sub x_0_2),"11, 57, 331, 1929, 11243, 65529, 381931, 2226057, 12974411, 75620409, 440748043, 2568867849, 14972459051, 87265886457, 508622859691, 2964471271689, 17278204770443, 100704757350969, 586950339335371, 3420997278661257, 19939033332632171, 116213202717131769"
A316666,add x_0_1 mul sub n INT+ 2 add x_0_1 x_0_2,(x_0_1 add ((n sub 2) mul (x_0_1 add x_0_2))),"1, 0, 1, 3, 15, 87, 597, 4701, 41787, 413691, 4512993, 53779833, 695000919, 9680369943, 144560191149, 2303928046437, 39031251610227, 700394126116851, 13270625547477177, 264748979672169681, 5547121478845459983, 121784530649198053263, 2795749225338111831429, 66981491857058929294653"
A361002,add add add x_0_1 x_0_2 INT+ 9 idiv sign n x_0_3,(((x_0_1 add x_0_2) add 9) add (sign(n) idiv x_0_3)),"1, 4, 9, 23, 41"
A163348,sub mul sub x_0_1 x_0_2 INT+ 6 x_0_2,(((x_0_1 sub x_0_2) mul 6) sub x_0_2),"1, 7, 35, 161, 721, 3199, 14147, 62489, 275905, 1218007, 5376707, 23734193, 104768209, 462469903, 2041441955, 9011362409, 39778080769, 175588947751, 775087121123, 3421400092481, 15102790707025, 66666943594783"
A052528,mul INT+ 2 add x_0_1 sub x_0_2 x_0_3,(2 mul (x_0_1 add (x_0_2 sub x_0_3))),"1, 1, 4, 8, 22, 52, 132, 324, 808, 2000, 4968, 12320, 30576, 75856, 188224, 467008, 1158752, 2875072, 7133632, 17699904, 43916928, 108966400, 270366848, 670832640, 1664466176, 4129863936, 10246994944, 25424785408, 63083832832"
A027327,mul x_0_1 add INT+ 3 idiv sign n x_0_2,(x_0_1 mul (3 add (sign(n) idiv x_0_2))),"1, 3, 12, 36, 108, 324, 972, 2916, 8748, 26244, 78732, 236196, 708588, 2125764, 6377292, 19131876, 57395628, 172186884, 516560652, 1549681956, 4649045868, 13947137604, 41841412812, 125524238436, 376572715308"
A109537,add add x_0_1 sub x_0_2 x_0_4 x_0_6,((x_0_1 add (x_0_2 sub x_0_4)) add x_0_6),"1, 1, 1, 1, 1, 1, 2, 3, 5, 8, 12, 18, 27, 40, 60, 90, 135, 203, 305, 458, 688, 1033, 1551, 2329, 3497, 5251, 7885, 11840, 17779, 26697, 40088, 60196, 90390, 135729, 203810, 306040, 459548, 690055, 1036183, 1555927, 2336372, 3508284, 5268021, 7910433"
A028831,add x_0_1 sub x_0_1 x_0_5,(x_0_1 add (x_0_1 sub x_0_5)),"1, 3, 7, 11, 22, 43, 83, 159, 307, 592, 1141, 2199, 4239, 8171, 15750, 30359, 58519, 112799, 217427, 419104, 807849, 1557179, 3001559, 5785691, 11152278, 21496707, 41436235, 79870911, 153956131"
A041761,add x_0_2 mul mul INT+ 1 0 INT+ 4 x_0_1,(x_0_2 add ((10 mul 4) mul x_0_1)),"1, 40, 1601, 64080, 2564801, 102656120, 4108809601, 164455040160, 6582310416001, 263456871680200, 10544857177624001, 422057743976640240, 16892854616243233601, 676136242393705984280, 27062342550364482604801, 1083169838256973010176320"
A077997,add x_0_1 add add x_0_1 x_0_3 x_0_2,(x_0_1 add ((x_0_1 add x_0_3) add x_0_2)),"1, 1, 3, 8, 20, 51, 130, 331, 843, 2147, 5468, 13926, 35467, 90328, 230049, 585893, 1492163, 3800268, 9678592, 24649615, 62778090, 159884387, 407196479, 1037055435, 2641191736, 6726635386, 17131517943, 43630863008, 111119879345, 283002139641, 720755021635"
A099456,sub mul sub x_0_1 x_0_2 INT+ 4 x_0_2,(((x_0_1 sub x_0_2) mul 4) sub x_0_2),"1, 4, 11, 24, 41, 44, -29, -336, -1199, -3116, -6469, -10296, -8839, 16124, 108691, 354144, 873121, 1721764, 2521451, 1476984, -6699319, -34182196, -103232189, -242017776, -451910159, -597551756, -130656229, 2465133864"
A110908,mod INT- 2 mul n mul INT+ 9 sub n sign x_0_2,(-2 mod (n mul (9 mul (n sub sign(x_0_2))))),"1, 4, 52, 106"
A134490,add x_0_1 sub x_0_2 mul INT- 1 0 x_0_1,(x_0_1 add (x_0_2 sub (-10 mul x_0_1))),"2, 21, 233, 2584, 28657, 317811, 3524578, 39088169, 433494437, 4807526976, 53316291173, 591286729879, 6557470319842, 72723460248141, 806515533049393, 8944394323791464, 99194853094755497, 1100087778366101931"
A140827,sub mul INT+ 4 x_0_3 x_0_6,((4 mul x_0_3) sub x_0_6),"1, 1, 2, 3, 4, 7, 11, 15, 26, 41, 56, 97, 153, 209, 362, 571, 780, 1351, 2131, 2911, 5042, 7953, 10864, 18817, 29681, 40545, 70226, 110771, 151316, 262087, 413403, 564719, 978122, 1542841, 2107560, 3650401, 5757961, 7865521, 13623482, 21489003, 29354524, 50843527, 80198051, 109552575"
A163062,add mul x_0_2 INT+ 4 add x_0_1 x_0_1,((x_0_2 mul 4) add (x_0_1 add x_0_1)),"3, 8, 28, 88, 288, 928, 3008, 9728, 31488, 101888, 329728, 1067008, 3452928, 11173888, 36159488, 117014528, 378667008, 1225392128, 3965452288, 12832473088, 41526755328, 134383403008, 434873827328, 1407281266688"
A254664,add mul x_0_2 INT+ 3 mul INT+ 8 x_0_1,((x_0_2 mul 3) add (8 mul x_0_1)),"1, 9, 75, 627, 5241, 43809, 366195, 3060987, 25586481, 213874809, 1787757915, 14943687747, 124912775721, 1044133269009, 8727804479235, 72954835640907, 609822098564961, 5097441295442409, 42608996659234155, 356164297160200467"
A326329,add mul x_0_1 INT+ 3 add x_0_3 x_0_2,((x_0_1 mul 3) add (x_0_3 add x_0_2)),"1, 0, 1, 4, 13, 44, 149, 504, 1705, 5768, 19513, 66012"
A180035,sub mul INT+ 5 x_0_1 mul INT- 3 x_0_2,((5 mul x_0_1) sub (-3 mul x_0_2)),"1, 6, 33, 183, 1014, 5619, 31137, 172542, 956121, 5298231, 29359518, 162692283, 901539969, 4995776694, 27683503377, 153404846967, 850074744966, 4710588265731, 26103165563553, 144647592614958, 801547459765449"
A103455,add mul INT+ 5 x_0_1 mod INT+ 4 add n x_0_3,((5 mul x_0_1) add (4 mod (n add x_0_3))),"1, 4, 24, 124, 624, 3124, 15624, 78124, 390624, 1953124, 9765624, 48828124, 244140624, 1220703124, 6103515624, 30517578124, 152587890624, 762939453124, 3814697265624, 19073486328124, 95367431640624, 476837158203124"
A080424,mul INT+ 3 add x_0_1 mul x_0_2 INT+ 6,(3 mul (x_0_1 add (x_0_2 mul 6))),"0, 1, 3, 27, 135, 891, 5103, 31347, 185895, 1121931, 6711903, 40330467, 241805655, 1451365371, 8706597903, 52244370387, 313451873415, 1880754287211, 11284396583103, 67706766919107, 406239439253175, 2437440122303451"
A159661,sub mul x_0_1 mul INT+ 6 INT+ 4 x_0_2,((x_0_1 mul (6 mul 4)) sub x_0_2),"1, 25, 599, 14351, 343825, 8237449, 197354951, 4728281375, 113281398049, 2714025271801, 65023325125175, 1557845777732399, 37323275340452401, 894200762393125225, 21423495022094552999, 513269679767876146751, 12297048819406932969025, 294615901985998515109849"
A122995,add mul x_0_2 sqr INT+ 5 x_0_1,((x_0_2 mul (5)**2) add x_0_1),"1, 5, 30, 155, 905, 4780, 27405, 146905, 832030, 4504655, 25305405, 137921780, 770556905, 4218601405, 23482524030, 128947559155, 716010659905, 3939699638780, 21839966136405, 120332457105905, 666331610516030, 3674643038163655, 20332933301064405, 112199009255155780"
A165225,mul INT+ 5 add x_0_1 sub x_0_1 x_0_2,(5 mul (x_0_1 add (x_0_1 sub x_0_2))),"1, 5, 45, 425, 4025, 38125, 361125, 3420625, 32400625, 306903125, 2907028125, 27535765625, 260822515625, 2470546328125, 23401350703125, 221660775390625, 2099601000390625, 19887706126953125, 188379056267578125"
A180030,sub mul x_0_1 INT+ 5 mul x_0_2 INT- 8,((x_0_1 mul 5) sub (x_0_2 mul -8)),"1, 6, 38, 238, 1494, 9374, 58822, 369102, 2316086, 14533246, 91194918, 572240558, 3590762134, 22531735134, 141384772742, 887177744782, 5566966905846, 34932256487486, 219197017684198, 1375443140320878, 8630791843077974"
A003879,add x_0_3 add x_0_3 idiv n x_0_3,(x_0_3 add (x_0_3 add (n idiv x_0_3))),"1, 3, 3, 6, 7, 8"
A196410,mul INT+ 4 sub x_0_1 x_0_2,(4 mul (x_0_1 sub x_0_2)),"5, 12, 28, 64, 144, 320, 704, 1536, 3328, 7168, 15360, 32768, 69632, 147456, 311296, 655360, 1376256, 2883584, 6029312, 12582912, 26214400, 54525952, 113246208, 234881024, 486539264, 1006632960, 2080374784, 4294967296, 8858370048, 18253611008, 37580963840, 77309411328, 158913789952"
A224790,sub mul INT+ 9 x_0_1 sqr INT- 8,((9 mul x_0_1) sub (-8)**2),"11, 35, 251, 2195, 19691, 177155, 1594331, 14348915, 129140171, 1162261475, 10460353211, 94143178835, 847288609451, 7625597484995, 68630377364891, 617673396283955, 5559060566555531, 50031545098999715, 450283905890997371, 4052555153018976275"
A097310,sub mul mul INT+ 7 INT+ 4 x_0_1 x_0_2,(((7 mul 4) mul x_0_1) sub x_0_2),"1, 14, 391, 10934, 305761, 8550374, 239104711, 6686381534, 186979578241, 5228741809214, 146217791079751, 4088869408423814, 114342125644787041, 3197490648645613334, 89415396036432386311, 2500433598371461203374, 69922725358364481308161, 1955335876435834015425134"
A295684,add x_0_1 add x_0_3 x_0_4,(x_0_1 add (x_0_3 add x_0_4)),"2, 0, 1, 1, 3, 4, 6, 10, 17, 27, 43, 70, 114, 184, 297, 481, 779, 1260, 2038, 3298, 5337, 8635, 13971, 22606, 36578, 59184, 95761, 154945, 250707, 405652, 656358, 1062010, 1718369, 2780379, 4498747, 7279126, 11777874, 19057000, 30834873, 49891873, 80726747"
A090249,sub mul mul x_0_1 INT+ 7 INT+ 4 x_0_2,(((x_0_1 mul 7) mul 4) sub x_0_2),"2, 28, 782, 21868, 611522, 17100748, 478209422, 13372763068, 373959156482, 10457483618428, 292435582159502, 8177738816847628, 228684251289574082, 6394981297291226668, 178830792072864772622, 5000867196742922406748"
A084326,add mul x_0_1 INT+ 6 mul INT- 4 x_0_2,((x_0_1 mul 6) add (-4 mul x_0_2)),"0, 1, 6, 32, 168, 880, 4608, 24128, 126336, 661504, 3463680, 18136064, 94961664, 497225728, 2603507712, 13632143360, 71378829312, 373744402432, 1956951097344, 10246728974336, 53652569456640, 280928500842496, 1470960727228416, 7702050360000512"
A077240,sub mul INT+ 6 x_0_1 x_0_2,((6 mul x_0_1) sub x_0_2),"5, 23, 133, 775, 4517, 26327, 153445, 894343, 5212613, 30381335, 177075397, 1032071047, 6015350885, 35060034263, 204344854693, 1191009093895, 6941709708677, 40459249158167, 235813785240325, 1374423462283783, 8010726988462373, 46689938468490455"
A077416,sub mul add x_0_1 x_0_1 INT+ 6 x_0_2,(((x_0_1 add x_0_1) mul 6) sub x_0_2),"1, 13, 155, 1847, 22009, 262261, 3125123, 37239215, 443745457, 5287706269, 63008729771, 750817050983, 8946795882025, 106610733533317, 1270382006517779, 15137973344680031, 180385298129642593"
A070350,mod mul x_0_1 INT+ 2 mul INT+ 9 INT+ 5,((x_0_1 mul 2) mod (9 mul 5)),"1, 2, 4, 8, 16, 32, 19, 38, 31, 17, 34, 23, 1, 2, 4, 8, 16, 32, 19, 38, 31, 17, 34, 23, 1, 2, 4, 8, 16, 32, 19, 38, 31, 17, 34, 23, 1, 2, 4, 8, 16, 32, 19, 38, 31, 17, 34, 23, 1, 2, 4, 8, 16, 32, 19, 38, 31, 17, 34, 23, 1, 2, 4, 8, 16, 32, 19, 38, 31, 17, 34, 23, 1, 2, 4, 8, 16, 32, 19, 38"
A006356,add x_0_1 sub x_0_1 sub x_0_3 x_0_2,(x_0_1 add (x_0_1 sub (x_0_3 sub x_0_2))),"1, 3, 6, 14, 31, 70, 157, 353, 793, 1782, 4004, 8997, 20216, 45425, 102069, 229347, 515338, 1157954, 2601899, 5846414, 13136773, 29518061, 66326481, 149034250, 334876920, 752461609, 1690765888, 3799116465, 8536537209, 19181424995"
A112469,sub mul x_0_2 INT+ 2 x_0_3,((x_0_2 mul 2) sub x_0_3),"1, 1, 2, 1, 3, 0, 5, -3, 10, -11, 23, -32, 57, -87, 146, -231, 379, -608, 989, -1595, 2586, -4179, 6767, -10944, 17713, -28655, 46370, -75023, 121395, -196416, 317813, -514227, 832042, -1346267, 2178311, -3524576, 5702889, -9227463, 14930354, -24157815, 39088171, -63245984, 102334157"
A212329,sub mul x_0_1 INT+ 6 add x_0_2 INT- 6,((x_0_1 mul 6) sub (x_0_2 add -6)),"0, 5, 36, 217, 1272, 7421, 43260, 252145, 1469616, 8565557, 49923732, 290976841, 1695937320, 9884647085, 57611945196, 335787024097, 1957110199392, 11406874172261, 66484134834180, 387497934832825, 2258503474162776, 13163522910143837, 76722633986700252"
A171472,add mul INT+ 6 x_0_1 mul INT- 8 x_0_2,((6 mul x_0_1) add (-8 mul x_0_2)),"7, 30, 124, 504, 2032, 8160, 32704, 130944, 524032, 2096640, 8387584, 33552384, 134213632, 536862720, 2147467264, 8589901824, 34359672832, 137438822400, 549755551744, 2199022731264, 8796091973632, 35184369991680"
A001590,add x_0_1 add x_0_3 x_0_2,(x_0_1 add (x_0_3 add x_0_2)),"0, 1, 0, 1, 2, 3, 6, 11, 20, 37, 68, 125, 230, 423, 778, 1431, 2632, 4841, 8904, 16377, 30122, 55403, 101902, 187427, 344732, 634061, 1166220, 2145013, 3945294, 7256527, 13346834, 24548655, 45152016, 83047505, 152748176, 280947697, 516743378, 950439251"
A277352,add mul sqr sub n INT+ 1 add x_0_1 x_0_1 x_0_1,((((n sub 1))**2 mul (x_0_1 add x_0_1)) add x_0_1),"1, 3, 27, 513, 16929, 863379, 63026667, 6239640033, 804913564257, 131200910973891, 26371383105752091, 6408246094697758113, 1851983121367652094657, 627822278143634060088723, 246734155310448185614868139, 111277104045012131712305530689"
A218742,add mul mul INT+ 1 0 INT+ 4 x_0_1 sub sign n x_0_1,(((10 mul 4) mul x_0_1) add (sign(n) sub x_0_1)),"0, 1, 40, 1561, 60880, 2374321, 92598520, 3611342281, 140842348960, 5492851609441, 214221212768200, 8354627297959801, 325830464620432240, 12707388120196857361, 495588136687677437080, 19327937330819420046121"
A128587,add x_0_3 mul x_0_1 INT- 2,(x_0_3 add (x_0_1 mul -2)),"1, 1, 1, -1, 3, -5, 9, -15, 25, -41, 67, -109, 177, -287, 465, -753, 1219, -1973, 3193, -5167, 8361, -13529, 21891, -35421, 57313, -92735, 150049, -242785, 392835, -635621, 1028457, -1664079, 2692537, -4356617, 7049155, -11405773, 18454929"
A022119,add x_0_1 x_0_2,(x_0_1 add x_0_2),"2, 19, 21, 40, 61, 101, 162, 263, 425, 688, 1113, 1801, 2914, 4715, 7629, 12344, 19973, 32317, 52290, 84607, 136897, 221504, 358401, 579905, 938306, 1518211, 2456517, 3974728, 6431245, 10405973"
A022129,add x_0_1 mul x_0_2 sign n,(x_0_1 add (x_0_2 mul sign(n))),"3, 20, 23, 43, 66, 109, 175, 284, 459, 743, 1202, 1945, 3147, 5092, 8239, 13331, 21570, 34901, 56471, 91372, 147843, 239215, 387058, 626273, 1013331, 1639604, 2652935, 4292539, 6945474, 11238013"
A022360,add x_0_1 x_0_2,(x_0_1 add x_0_2),"0, 26, 26, 52, 78, 130, 208, 338, 546, 884, 1430, 2314, 3744, 6058, 9802, 15860, 25662, 41522, 67184, 108706, 175890, 284596, 460486, 745082, 1205568, 1950650, 3156218, 5106868, 8263086, 13369954"
A180037,add mul INT+ 5 x_0_1 add x_0_2 x_0_2,((5 mul x_0_1) add (x_0_2 add x_0_2)),"1, 6, 32, 172, 924, 4964, 26668, 143268, 769676, 4134916, 22213932, 119339492, 641125324, 3444305604, 18503778668, 99407504548, 534045080076, 2869040409476, 15413292207532, 82804541856612, 444849293698124"
A154254,add x_0_1 sub x_0_1 sub x_0_2 sub INT+ 1 0 INT- 8,(x_0_1 add (x_0_1 sub (x_0_2 sub (10 sub -8)))),"2, 3, 22, 59, 114, 187, 278, 387, 514, 659, 822, 1003, 1202, 1419, 1654, 1907, 2178, 2467, 2774, 3099, 3442, 3803, 4182, 4579, 4994, 5427, 5878, 6347, 6834, 7339, 7862, 8403, 8962, 9539, 10134, 10747, 11378, 12027, 12694, 13379, 14082, 14803, 15542"
A178901,mul n idiv mul x_0_1 INT+ 4 add n n,(n mul ((x_0_1 mul 4) idiv (n add n))),"2, 4, 6, 12, 20, 36, 70, 136, 270, 540, 1078, 2148, 4290, 8568, 17130, 34256, 68510, 137016, 274018, 548020, 1096032, 2192058, 4384099, 8768184, 17536350, 35072700, 70145379, 140290752, 280581496, 561162990, 1122325953, 2244651904"
A281362,add x_0_1 sub x_0_1 sub x_0_3 mod n INT+ 2,(x_0_1 add (x_0_1 sub (x_0_3 sub (n mod 2)))),"1, 2, 4, 7, 13, 22, 38, 63, 105, 172, 282, 459, 747, 1212, 1966, 3185, 5159, 8352, 13520, 21881, 35411, 57302, 92724, 150037, 242773, 392822, 635608, 1028443, 1664065, 2692522, 4356602, 7049139, 11405757, 18454912, 29860686, 48315615, 78176319, 126491952"
A063941,sub mul mul x_0_1 INT+ 1 0 INT+ 4 x_0_1,(((x_0_1 mul 10) mul 4) sub x_0_1),"17, 663, 25857, 1008423, 39328497, 1533811383, 59818643937, 2332927113543, 90984157428177, 3548382139698903, 138386903448257217, 5397089234482031463, 210486480144799227057, 8208972725647169855223"
A185438,add x_0_1 add sub x_0_1 x_0_2 sqr INT- 4,(x_0_1 add ((x_0_1 sub x_0_2) add (-4)**2)),"1, 7, 29, 67, 121, 191, 277, 379, 497, 631, 781, 947, 1129, 1327, 1541, 1771, 2017, 2279, 2557, 2851, 3161, 3487, 3829, 4187, 4561, 4951, 5357, 5779, 6217, 6671, 7141, 7627, 8129, 8647, 9181, 9731, 10297, 10879, 11477, 12091, 12721, 13367, 14029, 14707, 15401, 16111, 16837, 17579"
A295749,add x_0_1 sub x_0_1 sub x_0_2 INT+ 2,(x_0_1 add (x_0_1 sub (x_0_2 sub 2))),"29, 30, 33"
A052941,sub mul x_0_1 INT+ 4 add x_0_3 x_0_2,((x_0_1 mul 4) sub (x_0_3 add x_0_2)),"1, 3, 11, 40, 146, 533, 1946, 7105, 25941, 94713, 345806, 1262570, 4609761, 16830668, 61450341, 224360935, 819162731, 2990839648, 10919834926, 39869337325, 145566674726, 531477526653, 1940474094561, 7084852176865"
A086344,sub mul x_0_2 INT+ 4 add x_0_1 x_0_1,((x_0_2 mul 4) sub (x_0_1 add x_0_1)),"1, 0, 4, -8, 32, -96, 320, -1024, 3328, -10752, 34816, -112640, 364544, -1179648, 3817472, -12353536, 39976960, -129368064, 418643968, -1354760192, 4384096256, -14187233280, 45910851584, -148570636288, 480784678912, -1555851902976, 5034842521600, -16293092655104"
A007613,sub mul INT+ 8 add x_0_2 x_0_1 x_0_1,((8 mul (x_0_2 add x_0_1)) sub x_0_1),"1, 2, 22, 170, 1366, 10922, 87382, 699050, 5592406, 44739242, 357913942, 2863311530, 22906492246, 183251937962, 1466015503702, 11728124029610, 93824992236886, 750599937895082, 6004799503160662, 48038396025285290, 384307168202282326, 3074457345618258602"
A106803,add x_0_1 sub x_0_1 sub x_0_3 x_0_2,(x_0_1 add (x_0_1 sub (x_0_3 sub x_0_2))),"0, 1, 1, 3, 6, 14, 31, 70, 157, 353, 793, 1782, 4004, 8997, 20216, 45425, 102069, 229347, 515338, 1157954, 2601899, 5846414, 13136773, 29518061, 66326481, 149034250, 334876920, 752461609, 1690765888, 3799116465, 8536537209"
A112685,add mul x_0_2 INT+ 5 add x_0_3 x_0_3,((x_0_2 mul 5) add (x_0_3 add x_0_3)),"1, 1, 1, 7, 7, 37, 49, 199, 319, 1093, 1993, 6103, 12151, 34501, 72961, 196807, 433807, 1129957, 2562649, 6517399, 15073159, 37712293, 88400593, 218707783, 517427551, 1270340101, 3024553321, 7386555607, 17663446807, 42981884677, 103090345249"
A073145,add x_0_3 sub x_0_3 x_0_4,(x_0_3 add (x_0_3 sub x_0_4)),"3, -1, -1, 5, -5, -1, 11, -15, 3, 23, -41, 21, 43, -105, 83, 65, -253, 271, 47, -571, 795, -177, -1189, 2161, -1149, -2201, 5511, -4459, -3253, 13223, -14429, -2047, 29699, -42081, 10335, 61445, -113861, 62751, 112555, -289167, 239363, 162359, -690889, 767893, 85355"
A072246,sub mul INT+ 8 x_0_3 x_0_4,((8 mul x_0_3) sub x_0_4),"1, 2, 3, 5, 15, 22"
A103488,mul INT+ 4 idiv sqr x_0_1 x_0_2,(4 mul ((x_0_1)**2 idiv x_0_2)),"1, 8, 256, 32768, 16777216, 34359738368, 281474976710656, 9223372036854775808, 1208925819614629174706176, 633825300114114700748351602688, 1329227995784915872903807060280344576, 11150372599265311570767859136324180752990208"
A094622,add mul INT+ 1 0 add x_0_2 INT+ 3 sign n,((10 mul (x_0_2 add 3)) add sign(n)),"0, 11, 31, 141, 341, 1441, 3441, 14441, 34441, 144441, 344441, 1444441, 3444441, 14444441, 34444441, 144444441, 344444441, 1444444441, 3444444441, 14444444441, 34444444441, 144444444441, 344444444441, 1444444444441"
A037481,add mul INT+ 4 sub x_0_1 x_0_3 x_0_2,((4 mul (x_0_1 sub x_0_3)) add x_0_2),"0, 1, 6, 25, 102, 409, 1638, 6553, 26214, 104857, 419430, 1677721, 6710886, 26843545, 107374182, 429496729, 1717986918, 6871947673, 27487790694, 109951162777, 439804651110, 1759218604441, 7036874417766, 28147497671065"
A094628,mul x_0_2 INT+ 1 0,(x_0_2 mul 10),"4, 13, 40, 130, 400, 1300, 4000, 13000, 40000, 130000, 400000, 1300000, 4000000, 13000000, 40000000, 130000000, 400000000, 1300000000, 4000000000, 13000000000, 40000000000, 130000000000, 400000000000, 1300000000000"
A168589,sub x_0_2 mul add x_0_1 x_0_2 INT+ 4,(x_0_2 sub ((x_0_1 add x_0_2) mul 4)),"1, 1, -7, 25, -79, 241, -727, 2185, -6559, 19681, -59047, 177145, -531439, 1594321, -4782967, 14348905, -43046719, 129140161, -387420487, 1162261465, -3486784399, 10460353201, -31381059607, 94143178825, -282429536479"
A126528,sub mul INT+ 6 add x_0_1 x_0_2 x_0_2,((6 mul (x_0_1 add x_0_2)) sub x_0_2),"1, 7, 47, 317, 2137, 14407, 97127, 654797, 4414417, 29760487, 200635007, 1352612477, 9118849897, 61476161767, 414451220087, 2794088129357, 18836784876577, 126991149906247, 856130823820367, 5771740692453437, 38911098273822457, 262325293105201927"
A092164,add mul x_0_2 INT+ 6 mul INT+ 5 x_0_1,((x_0_2 mul 6) add (5 mul x_0_1)),"1, 11, 61, 371, 2221, 13331, 79981, 479891, 2879341, 17276051, 103656301, 621937811, 3731626861, 22389761171, 134338567021, 806031402131, 4836188412781, 29017130476691, 174102782860141, 1044616697160851"
A052970,mul INT+ 2 add x_0_1 sub x_0_2 x_0_3,(2 mul (x_0_1 add (x_0_2 sub x_0_3))),"1, 0, 2, 2, 8, 16, 44, 104, 264, 648, 1616, 4000, 9936, 24640, 61152, 151712, 376448, 934016, 2317504, 5750144, 14267264, 35399808, 87833856, 217932800, 540733696, 1341665280, 3328932352, 8259727872, 20493989888, 50849570816, 126167665664"
A090483,add x_0_1 mul x_0_4 sign add n x_0_6,(x_0_1 add (x_0_4 mul sign((n add x_0_6)))),"1, 2, 4, 6, 9, 15, 19"
A077939,add x_0_1 add add x_0_1 x_0_3 x_0_2,(x_0_1 add ((x_0_1 add x_0_3) add x_0_2)),"1, 2, 5, 13, 33, 84, 214, 545, 1388, 3535, 9003, 22929, 58396, 148724, 378773, 964666, 2456829, 6257097, 15935689, 40585304, 103363394, 263247781, 670444260, 1707499695, 4348691431, 11075326817, 28206844760, 71837707768, 182957587113, 465959726754"
A077424,sub mul mul INT+ 6 x_0_1 INT+ 4 x_0_2,(((6 mul x_0_1) mul 4) sub x_0_2),"1, 12, 287, 6876, 164737, 3946812, 94558751, 2265463212, 54276558337, 1300371936876, 31154649926687, 746411226303612, 17882714781360001, 428438743526336412, 10264647129850713887, 245923092372890796876"
A089979,mul INT+ 4 add x_0_3 x_0_1,(4 mul (x_0_3 add x_0_1)),"1, 4, 16, 68, 288, 1216, 5136, 21696, 91648, 387136, 1635328, 6907904, 29180160, 123261952, 520679424, 2199438336, 9290801152, 39245922304, 165781442560, 700288974848, 2958139588608, 12495684124672, 52783892398080"
A077947,add add add x_0_1 x_0_3 x_0_3 x_0_2,(((x_0_1 add x_0_3) add x_0_3) add x_0_2),"1, 1, 2, 5, 9, 18, 37, 73, 146, 293, 585, 1170, 2341, 4681, 9362, 18725, 37449, 74898, 149797, 299593, 599186, 1198373, 2396745, 4793490, 9586981, 19173961, 38347922, 76695845, 153391689, 306783378, 613566757, 1227133513, 2454267026, 4908534053, 9817068105"
A134136,add mul x_0_3 INT+ 4 add x_0_2 x_0_2,((x_0_3 mul 4) add (x_0_2 add x_0_2)),"0, 1, 1, 2, 6, 8, 20, 40, 72, 160, 304, 608, 1248, 2432, 4928, 9856, 19584, 39424, 78592, 157184, 314880, 628736, 1258496, 2516992, 5031936, 10067968, 20131840, 40263680, 80535552, 161054720, 322125824, 644251648, 1288470528, 2577006592, 5153947648, 10307895296"
A188588,add x_0_1 mul x_0_1 sub n sign x_0_3,(x_0_1 add (x_0_1 mul (n sub sign(x_0_3)))),"1, 2, 3, 12, 60, 360, 2520, 20160, 181440, 1814400, 19958400, 239500800, 3113510400, 43589145600, 653837184000, 10461394944000, 177843714048000, 3201186852864000, 60822550204416000, 1216451004088320000, 25545471085854720000"
A077996,add add add x_0_1 x_0_3 add x_0_1 x_0_3 x_0_2,(((x_0_1 add x_0_3) add (x_0_1 add x_0_3)) add x_0_2),"1, 1, 3, 9, 23, 61, 163, 433, 1151, 3061, 8139, 21641, 57543, 153005, 406835, 1081761, 2876367, 7648165, 20336219, 54073337, 143779223, 382304221, 1016534339, 2702931345, 7187005471, 19110010965, 50812890091, 135109802089, 359252516199, 955240614669"
A190569,sub mul INT+ 2 add x_0_1 x_0_3 x_0_2,((2 mul (x_0_1 add x_0_3)) sub x_0_2),"1, 1, 3, 7, 13, 25, 51, 103, 205, 409, 819, 1639, 3277, 6553, 13107, 26215, 52429, 104857, 209715, 419431, 838861, 1677721, 3355443, 6710887, 13421773, 26843545, 53687091, 107374183, 214748365, 429496729, 858993459, 1717986919, 3435973837"
A192953,add add x_0_1 sub x_0_1 x_0_3 INT+ 2,((x_0_1 add (x_0_1 sub x_0_3)) add 2),"0, 1, 2, 6, 13, 26, 48, 85, 146, 246, 409, 674, 1104, 1801, 2930, 4758, 7717, 12506, 20256, 32797, 53090, 85926, 139057, 225026, 364128, 589201, 953378, 1542630, 2496061, 4038746, 6534864, 10573669, 17108594, 27682326, 44790985, 72473378"
A101524,sub x_0_2 mul INT- 7 mul add n n INT+ 8,(x_0_2 sub (-7 mul ((n add n) mul 8))),"2, 14, 338"
A077239,sub mul INT+ 6 x_0_1 x_0_2,((6 mul x_0_1) sub x_0_2),"7, 37, 215, 1253, 7303, 42565, 248087, 1445957, 8427655, 49119973, 286292183, 1668633125, 9725506567, 56684406277, 330380931095, 1925601180293, 11223226150663, 65413755723685, 381259308191447, 2222142093424997, 12951593252358535, 75487417420726213"
A127968,add add x_0_1 x_0_2 mod n INT- 2,((x_0_1 add x_0_2) add (n mod -2)),"1, 2, 2, 4, 5, 9, 13, 22, 34, 56, 89, 145, 233, 378, 610, 988, 1597, 2585, 4181, 6766, 10946, 17712, 28657, 46369, 75025, 121394, 196418, 317812, 514229, 832041, 1346269, 2178310, 3524578, 5702888, 9227465, 14930353, 24157817, 39088170, 63245986, 102334156"
A081007,sub mul x_0_1 INT+ 7 sub x_0_2 INT+ 5,((x_0_1 mul 7) sub (x_0_2 sub 5)),"0, 4, 33, 232, 1596, 10945, 75024, 514228, 3524577, 24157816, 165580140, 1134903169, 7778742048, 53316291172, 365435296161, 2504730781960, 17167680177564, 117669030460993, 806515533049392, 5527939700884756, 37889062373143905, 259695496911122584"
A065113,sub mul x_0_1 INT+ 6 add x_0_2 INT- 4,((x_0_1 mul 6) sub (x_0_2 add -4)),"6, 40, 238, 1392, 8118, 47320, 275806, 1607520, 9369318, 54608392, 318281038, 1855077840, 10812186006, 63018038200, 367296043198, 2140758220992, 12477253282758, 72722761475560, 423859315570606, 2470433131948080, 14398739476117878, 83922003724759192"
A015528,sub mul x_0_1 INT+ 3 mul x_0_2 INT- 1 0,((x_0_1 mul 3) sub (x_0_2 mul -10)),"0, 1, 3, 19, 87, 451, 2223, 11179, 55767, 279091, 1394943, 6975739, 34876647, 174387331, 871928463, 4359658699, 21798260727, 108991369171, 544956714783, 2724783836059, 13623918656007, 68119594328611, 340597969545903"
A080960,sub mul INT+ 6 x_0_1 mul x_0_2 INT+ 8,((6 mul x_0_1) sub (x_0_2 mul 8)),"1, 7, 34, 148, 616, 2512, 10144, 40768, 163456, 654592, 2619904, 10482688, 41936896, 167759872, 671064064, 2684305408, 10737319936, 42949476352, 171798298624, 687193980928, 2748777496576, 10995113132032, 43980458819584"
A067900,sub mul INT+ 7 add x_0_1 x_0_1 x_0_2,((7 mul (x_0_1 add x_0_1)) sub x_0_2),"0, 8, 112, 1560, 21728, 302632, 4215120, 58709048, 817711552, 11389252680, 158631825968, 2209456310872, 30773756526240, 428623135056488, 5969950134264592, 83150678744647800, 1158139552290804608, 16130803053326616712, 224673103194281829360, 3129292641666618994328"
A068203,sub mul x_0_1 mul INT+ 6 INT+ 5 x_0_2,((x_0_1 mul (6 mul 5)) sub x_0_2),"1, 15, 449, 13455, 403201, 12082575, 362074049, 10850138895, 325142092801, 9743412645135, 291977237261249, 8749573705192335, 262195233918508801, 7857107443850071695, 235451028081583642049, 7055673735003659189775, 211434761022028192051201"
A144414,add add x_0_1 mul INT+ 3 add n x_0_1 INT- 2,((x_0_1 add (3 mul (n add x_0_1))) add -2),"1, 8, 39, 166, 677, 2724, 10915, 43682, 174753, 699040, 2796191, 11184798, 44739229, 178956956, 715827867, 2863311514, 11453246105, 45812984472, 183251937943, 733007751830, 2932031007381, 11728124029588, 46912496118419"
A103143,add add x_0_1 mul INT+ 3 x_0_3 x_0_2,((x_0_1 add (3 mul x_0_3)) add x_0_2),"0, 0, 1, 1, 2, 6, 11, 23, 52, 108, 229, 493, 1046, 2226, 4751, 10115, 21544, 45912, 97801, 208345, 443882, 945630, 2014547, 4291823, 9143260, 19478724, 41497453, 88405957, 188339582, 401237898, 854795351, 1821051995, 3879561040, 8264999088, 17607716113"
A078922,sub add mul INT+ 1 0 x_0_1 x_0_1 x_0_2,(((10 mul x_0_1) add x_0_1) sub x_0_2),"1, 10, 109, 1189, 12970, 141481, 1543321, 16835050, 183642229, 2003229469, 21851881930, 238367471761, 2600190307441, 28363725910090, 309400794703549, 3375045015828949, 36816094379414890, 401601993157734841"
A037674,add mul INT+ 4 x_0_1 mod add x_0_2 x_0_2 INT+ 5,((4 mul x_0_1) add ((x_0_2 add x_0_2) mod 5)),"1, 4, 18, 75, 301, 1204, 4818, 19275, 77101, 308404, 1233618, 4934475, 19737901, 78951604, 315806418, 1263225675, 5052902701, 20211610804, 80846443218, 323385772875, 1293543091501, 5174172366004, 20696689464018, 82786757856075"
A182188,sub mul x_0_1 INT+ 6 add x_0_2 INT+ 4,((x_0_1 mul 6) sub (x_0_2 add 4)),"1, -1, -11, -69, -407, -2377, -13859, -80781, -470831, -2744209, -15994427, -93222357, -543339719, -3166815961, -18457556051, -107578520349, -627013566047, -3654502875937, -21300003689579"
A181716,add add x_0_2 x_0_2 x_0_3,((x_0_2 add x_0_2) add x_0_3),"0, 1, 2, 2, 5, 6, 12, 17, 30, 46, 77, 122, 200, 321, 522, 842, 1365, 2206, 3572, 5777, 9350, 15126, 24477, 39602, 64080, 103681, 167762, 271442, 439205, 710646, 1149852, 1860497, 3010350, 4870846, 7881197, 12752042, 20633240, 33385281"
A107383,mul add x_0_2 x_0_3 INT+ 2,((x_0_2 add x_0_3) mul 2),"0, 1, 1, 2, 4, 6, 12, 20, 36, 64, 112, 200, 352, 624, 1104, 1952, 3456, 6112, 10816, 19136, 33856, 59904, 105984, 187520, 331776, 587008, 1038592, 1837568, 3251200, 5752320, 10177536, 18007040, 31859712, 56369152, 99733504, 176457728"
A027107,add add add x_0_1 x_0_1 INT+ 2 mul x_0_1 sign x_0_2,(((x_0_1 add x_0_1) add 2) add (x_0_1 mul sign(x_0_2))),"1, 6, 20, 62, 188, 566, 1700, 5102, 15308, 45926, 137780, 413342, 1240028, 3720086, 11160260, 33480782, 100442348, 301327046, 903981140, 2711943422, 8135830268, 24407490806, 73222472420, 219667417262, 659002251788"
A057960,sub mul INT+ 2 add x_0_1 x_0_2 sign n,((2 mul (x_0_1 add x_0_2)) sub sign(n)),"1, 2, 5, 13, 35, 95, 259, 707, 1931, 5275, 14411, 39371, 107563, 293867, 802859, 2193451, 5992619, 16372139, 44729515, 122203307, 333865643, 912137899, 2492007083, 6808289963, 18600594091, 50817768107, 138836724395, 379308985003, 1036291418795, 2831200807595"
A052906,sub mul x_0_1 INT+ 3 sub idiv n x_0_1 x_0_2,((x_0_1 mul 3) sub ((n idiv x_0_1) sub x_0_2)),"1, 3, 9, 30, 99, 327, 1080, 3567, 11781, 38910, 128511, 424443, 1401840, 4629963, 15291729, 50505150, 166807179, 550926687, 1819587240, 6009688407, 19848652461, 65555645790, 216515589831, 715102415283, 2361822835680"
A155179,sub mul x_0_1 INT+ 4 sub idiv n x_0_1 x_0_2,((x_0_1 mul 4) sub ((n idiv x_0_1) sub x_0_2)),"1, 3, 12, 51, 216, 915, 3876, 16419, 69552, 294627, 1248060, 5286867, 22395528, 94868979, 401871444, 1702354755, 7211290464, 30547516611, 129401356908, 548152944243, 2322013133880, 9836205479763, 41666835052932"
A060945,add add x_0_1 x_0_2 x_0_4,((x_0_1 add x_0_2) add x_0_4),"1, 1, 2, 3, 6, 10, 18, 31, 55, 96, 169, 296, 520, 912, 1601, 2809, 4930, 8651, 15182, 26642, 46754, 82047, 143983, 252672, 443409, 778128, 1365520, 2396320, 4205249, 7379697, 12950466, 22726483, 39882198, 69988378, 122821042, 215535903, 378239143, 663763424, 1164823609"
A192747,add add n add n add x_0_1 INT- 4 add x_0_2 n,((n add (n add (x_0_1 add -4))) add (x_0_2 add n)),"0, 1, 6, 15, 32, 61, 110, 191, 324, 541, 894, 1467, 2396, 3901, 6338, 10283, 16668, 27001, 43722, 70779, 114560, 185401, 300026, 485495, 785592, 1271161, 2056830, 3328071, 5384984, 8713141, 14098214, 22811447, 36909756, 59721301, 96631158"
A039305,mod INT- 9 add mul x_0_1 INT+ 8 mod x_0_1 INT- 6 x_0_2,(-9 mod ((x_0_1 mul 8) add (x_0_1 mod -6))),"1, 3, 12, 87, 684, 5463, 43692, 349527, 2796204, 22369623, 178956972, 1431655767, 11453246124, 91625968983, 733007751852, 5864062014807, 46912496118444, 375299968947543, 3002399751580332, 24019198012642647, 192153584101141164"
A356381,mod mul x_0_1 INT+ 5 add x_0_2 x_0_2,((x_0_1 mul 5) mod (x_0_2 add x_0_2)),"2, 7, 3, 1, 5"
A288309,add mul x_0_2 INT+ 3 add x_0_1 INT- 2,((x_0_2 mul 3) add (x_0_1 add -2)),"2, 4, 8, 18, 40, 92, 210, 484, 1112, 2562, 5896, 13580, 31266, 72004, 165800, 381810, 879208, 2024636, 4662258, 10736164, 24722936, 56931426, 131100232, 301894508, 695195202, 1600878724, 3686464328, 8489100498, 19548493480, 45015794972, 103661275410"
A164550,mul add x_0_1 sub x_0_1 x_0_2 INT+ 3,((x_0_1 add (x_0_1 sub x_0_2)) mul 3),"1, 7, 39, 213, 1161, 6327, 34479, 187893, 1023921, 5579847, 30407319, 165704373, 903004281, 4920912567, 26816462559, 146136037653, 796366838241, 4339792916487, 23649656984199, 128878563155733, 702322407981801"
A215004,add add x_0_1 sub x_0_1 x_0_3 mod n INT+ 2,((x_0_1 add (x_0_1 sub x_0_3)) add (n mod 2)),"1, 1, 3, 5, 10, 17, 30, 50, 84, 138, 227, 370, 603, 979, 1589, 2575, 4172, 6755, 10936, 17700, 28646, 46356, 75013, 121380, 196405, 317797, 514215, 832025, 1346254, 2178293, 3524562, 5702870, 9227448, 14930334, 24157799, 39088150, 63245967, 102334135, 165580121"
A357757,sub mul INT+ 4 add x_0_1 x_0_2 INT- 6,((4 mul (x_0_1 add x_0_2)) sub -6),"1, 2, 18, 86"
A296063,sub mul idiv x_0_1 n INT- 2 x_0_1,(((x_0_1 idiv n) mul -2) sub x_0_1),"1, -1, 3, -3, 5, -5, 7, -7, 9, -9, 11, -11, 13, -13, 15, -15, 17, -17, 19, -19, 21, -21, 23, -23, 25, -25, 27, -27, 29, -29, 31, -31, 33, -33, 35, -35, 37, -37, 39, -39, 41, -41, 43, -43, 45, -45, 47, -47, 49, -49, 51, -51"
A108896,add mul INT+ 1 0 sub x_0_1 INT+ 4 INT- 1,((10 mul (x_0_1 sub 4)) add -1),"949, 9449, 94449, 944449, 9444449, 94444449, 944444449, 9444444449, 94444444449, 944444444449, 9444444444449, 94444444444449, 944444444444449, 9444444444444449, 94444444444444449, 944444444444444449, 9444444444444444449, 94444444444444444449"
A291034,sub mul x_0_1 INT+ 9 x_0_2,((x_0_1 mul 9) sub x_0_2),"7, 63, 560, 4977, 44233, 393120, 3493847, 31051503, 275969680, 2452675617, 21798110873, 193730322240, 1721774789287, 15302242781343, 135998410242800, 1208683449403857, 10742152634391913, 95470690260123360, 848494059706718327, 7540975847100341583"
A139756,mul INT+ 4 sub x_0_1 mul x_0_2 sign x_0_3,(4 mul (x_0_1 sub (x_0_2 mul sign(x_0_3)))),"0, 0, 1, 4, 12, 32, 80, 192, 448, 1024, 2304, 5120, 11264, 24576, 53248, 114688, 245760, 524288, 1114112, 2359296, 4980736, 10485760, 22020096, 46137344, 96468992, 201326592, 419430400, 872415232, 1811939328, 3758096384"
A123008,add mul x_0_2 sqr INT- 5 add x_0_1 x_0_1,((x_0_2 mul (-5)**2) add (x_0_1 add x_0_1)),"1, 5, 35, 195, 1265, 7405, 46435, 277995, 1716865, 10383605, 63688835, 386967795, 2366156465, 14406507805, 87966927235, 536096549595, 3271366280065, 19945146300005, 121674449601635, 741977556703395, 4525816353447665"
A022351,add x_0_1 add x_0_2 mul idiv INT+ 1 0 x_0_1 add n INT- 1,(x_0_1 add (x_0_2 add ((10 idiv x_0_1) mul (n add -1)))),"0, 17, 17, 34, 51, 85, 136, 221, 357, 578, 935, 1513, 2448, 3961, 6409, 10370, 16779, 27149, 43928, 71077, 115005, 186082, 301087, 487169, 788256, 1275425, 2063681, 3339106, 5402787, 8741893, 14144680"
A135536,mul x_0_2 INT+ 8,(x_0_2 mul 8),"7, 14, 56, 112, 448, 896, 3584, 7168, 28672, 57344, 229376, 458752, 1835008, 3670016, 14680064, 29360128, 117440512, 234881024, 939524096, 1879048192, 7516192768, 15032385536, 60129542144, 120259084288, 481036337152"
A173097,mul add x_0_1 sub x_0_1 sign n x_0_2,((x_0_1 add (x_0_1 sub sign(n))) mul x_0_2),"1, 2, 3, 10, 57, 1130, 128763, 291003250, 74940902830737, 43616092563357042787250, 6537258709293941644669222566000575763, 570259361950353096439107826720562074995499493885695588056250"
A153365,mul sub x_0_1 x_0_2 INT+ 5,((x_0_1 sub x_0_2) mul 5),"8, 28, 100, 360, 1300, 4700, 17000, 61500, 222500, 805000, 2912500, 10537500, 38125000, 137937500, 499062500, 1805625000, 6532812500, 23635937500, 85515625000, 309398437500, 1119414062500, 4050078125000, 14653320312500"
A113312,sub mul x_0_2 INT+ 2 x_0_3,((x_0_2 mul 2) sub x_0_3),"1, 2, 3, 3, 4, 3, 5, 2, 7, -1, 12, -9, 25, -30, 59, -85, 148, -229, 381, -606, 991, -1593, 2588, -4177, 6769, -10942, 17715, -28653, 46372, -75021, 121397, -196414, 317815, -514225, 832044, -1346265, 2178313, -3524574, 5702891, -9227461, 14930356, -24157813, 39088173, -63245982, 102334159"
A152035,mul idiv add x_0_1 x_0_2 INT+ 2 INT+ 4,(((x_0_1 add x_0_2) idiv 2) mul 4),"1, 2, 4, 12, 32, 88, 240, 656, 1792, 4896, 13376, 36544, 99840, 272768, 745216, 2035968, 5562368, 15196672, 41518080, 113429504, 309895168, 846649344, 2313089024, 6319476736, 17265131520, 47169216512, 128868696064, 352075825152, 961889042432, 2627929735168, 7179637555200, 19615134580736"
A273981,add mul INT+ 6 sqr sub n sign x_0_2 INT+ 2,((6 mul ((n sub sign(x_0_2)))**2) add 2),"1, 4, 26, 56, 98, 152, 218, 296, 386, 488, 602, 728, 866, 1016, 1178, 1352, 1538, 1736, 1946, 2168, 2402, 2648, 2906, 3176, 3458, 3752, 4058, 4376, 4706, 5048, 5402, 5768, 6146, 6536, 6938, 7352, 7778, 8216, 8666, 9128, 9602, 10088"
A291018,mul sub x_0_1 x_0_2 INT+ 8,((x_0_1 sub x_0_2) mul 8),"6, 41, 280, 1912, 13056, 89152, 608768, 4156928, 28385280, 193826816, 1323532288, 9037643776, 61712891904, 421401985024, 2877512744960, 19648886079488, 134170986676224, 916176804773888, 6256046544781312, 42718957920059392, 291703291002224640"
A256320,idiv mul sqr sub sign n n INT+ 8 INT+ 6,((((sign(n) sub n))**2 mul 8) idiv 6),"0, 1, 5, 12, 21, 33, 48, 65, 85, 108, 133, 161, 192, 225, 261, 300, 341, 385, 432, 481, 533, 588, 645, 705, 768, 833, 901, 972, 1045, 1121, 1200, 1281, 1365, 1452, 1541, 1633, 1728, 1825, 1925, 2028, 2133, 2241, 2352, 2465, 2581, 2700, 2821, 2945, 3072, 3201"
A048468,add mul INT+ 4 sub x_0_1 x_0_2 INT- 6,((4 mul (x_0_1 sub x_0_2)) add -6),"1, 9, 26, 62, 138, 298, 634, 1338, 2810, 5882, 12282, 25594, 53242, 110586, 229370, 475130, 983034, 2031610, 4194298, 8650746, 17825786, 36700154, 75497466, 155189242, 318767098, 654311418, 1342177274, 2751463418, 5637144570, 11542724602, 23622320122"
A230096,add add x_0_2 x_0_4 x_0_4,((x_0_2 add x_0_4) add x_0_4),"1, 0, 0, 2, 2, 2, 2, 6, 6, 10, 10, 22, 22, 42, 42, 86, 86, 170, 170, 342, 342, 682, 682, 1366, 1366, 2730, 2730, 5462, 5462, 10922, 10922, 21846, 21846, 43690, 43690, 87382, 87382, 174762, 174762, 349526, 349526, 699050, 699050, 1398102, 1398102, 2796202"
A287811,sub mul x_0_2 INT+ 3 mul INT- 6 x_0_1,((x_0_2 mul 3) sub (-6 mul x_0_1)),"1, 7, 45, 291, 1881, 12159, 78597, 508059, 3284145, 21229047, 137226717, 887047443, 5733964809, 37064931183, 239591481525, 1548743682699, 10011236540769, 64713650292711, 418315611378573, 2704034619149571, 17479154549033145, 112987031151647583"
A255184,add sub x_0_1 sub x_0_2 x_0_1 sub sqr INT- 5 INT+ 2,((x_0_1 sub (x_0_2 sub x_0_1)) add ((-5)**2 sub 2)),"0, 1, 25, 72, 142, 235, 351, 490, 652, 837, 1045, 1276, 1530, 1807, 2107, 2430, 2776, 3145, 3537, 3952, 4390, 4851, 5335, 5842, 6372, 6925, 7501, 8100, 8722, 9367, 10035, 10726, 11440, 12177, 12937, 13720, 14526, 15355, 16207, 17082, 17980"
A098923,add sub x_0_1 sub x_0_2 x_0_1 sub sqr INT- 5 INT- 6,((x_0_1 sub (x_0_2 sub x_0_1)) add ((-5)**2 sub -6)),"0, 1, 33, 96, 190, 315, 471, 658, 876, 1125, 1405, 1716, 2058, 2431, 2835, 3270, 3736, 4233, 4761, 5320, 5910, 6531, 7183, 7866, 8580, 9325, 10101, 10908, 11746, 12615, 13515, 14446, 15408, 16401, 17425, 18480, 19566, 20683, 21831, 23010"
A255185,add sub x_0_1 sub x_0_2 mul INT- 4 INT- 6 x_0_1,((x_0_1 sub (x_0_2 sub (-4 mul -6))) add x_0_1),"0, 1, 26, 75, 148, 245, 366, 511, 680, 873, 1090, 1331, 1596, 1885, 2198, 2535, 2896, 3281, 3690, 4123, 4580, 5061, 5566, 6095, 6648, 7225, 7826, 8451, 9100, 9773, 10470, 11191, 11936, 12705, 13498, 14315, 15156, 16021, 16910, 17823, 18760"
A161935,add sub x_0_1 sub x_0_2 x_0_1 sub sqr INT- 5 INT- 1,((x_0_1 sub (x_0_2 sub x_0_1)) add ((-5)**2 sub -1)),"0, 1, 28, 81, 160, 265, 396, 553, 736, 945, 1180, 1441, 1728, 2041, 2380, 2745, 3136, 3553, 3996, 4465, 4960, 5481, 6028, 6601, 7200, 7825, 8476, 9153, 9856, 10585, 11340, 12121, 12928, 13761, 14620, 15505, 16416, 17353, 18316, 19305, 20320, 21361, 22428"
A282851,add sub x_0_1 sub x_0_2 x_0_1 sub sqr INT- 5 INT- 8,((x_0_1 sub (x_0_2 sub x_0_1)) add ((-5)**2 sub -8)),"0, 1, 35, 102, 202, 335, 501, 700, 932, 1197, 1495, 1826, 2190, 2587, 3017, 3480, 3976, 4505, 5067, 5662, 6290, 6951, 7645, 8372, 9132, 9925, 10751, 11610, 12502, 13427, 14385, 15376, 16400, 17457, 18547, 19670, 20826, 22015, 23237, 24492"
A283641,add mul sqr INT- 1 0 x_0_2 sign n,(((-10)**2 mul x_0_2) add sign(n)),"1, 11, 101, 1101, 10101, 110101, 1010101, 11010101, 101010101, 1101010101, 10101010101, 110101010101, 1010101010101, 11010101010101, 101010101010101, 1101010101010101, 10101010101010101, 110101010101010101, 1010101010101010101, 11010101010101010101"
A041061,add mul x_0_1 mul INT+ 4 INT+ 3 x_0_2,((x_0_1 mul (4 mul 3)) add x_0_2),"1, 12, 145, 1752, 21169, 255780, 3090529, 37342128, 451196065, 5451694908, 65871534961, 795910114440, 9616792908241, 116197425013332, 1403985893068225, 16964028141832032, 204972323595052609, 2476631911282463340, 29924555258984612689, 361571295019097815608"
A254600,add x_0_1 mul INT+ 9 add x_0_2 x_0_1,(x_0_1 add (9 mul (x_0_2 add x_0_1))),"1, 11, 119, 1289, 13961, 151211, 1637759, 17738489, 192124721, 2080893611, 22538058599, 244108628489, 2643928812281, 28636265779211, 310158017102639, 3359306563039289, 36384487784316641, 394078636910520011, 4268246759164049879, 46229175323835178889"
A077756,mul x_0_5 sub INT+ 1 0 INT- 1,(x_0_5 mul (10 sub -1)),"1, 1, 3, 2, 1, 11"
A001696,mul add x_0_1 sub sign n x_0_2 x_0_1,((x_0_1 add (sign(n) sub x_0_2)) mul x_0_1),"0, 1, 2, 4, 12, 108, 10476, 108625644, 11798392680793836, 139202068568601568785946949658348, 19377215893777651167043206536157529523359277782016064519251404524"
A217733,add mul x_0_2 INT+ 3 add sign n x_0_3,((x_0_2 mul 3) add (sign(n) add x_0_3)),"1, 2, 4, 8, 15, 29, 54, 103, 192, 364, 680, 1285, 2405, 4536, 8501, 16014, 30040, 56544, 106135, 199673, 374950, 705155, 1324524, 2490416, 4678728, 8795773, 16526601, 31066048, 58375577, 109724746, 206192780, 387549816, 728303087, 1368842229, 2572459078, 4834829775, 9086219464"
A245437,add add x_0_1 sub x_0_2 x_0_6 x_0_4,((x_0_1 add (x_0_2 sub x_0_6)) add x_0_4),"0, 0, 0, 0, 0, 1, 1, 2, 3, 6, 10, 17, 29, 50, 86, 147, 252, 432, 741, 1270, 2177, 3732, 6398, 10968, 18802, 32232, 55255, 94723, 162382, 278369, 477204, 818064, 1402395, 2404105, 4121322, 7065122, 12111635, 20762798, 35593360, 61017175, 104600848, 179315699"
A201455,add x_0_2 mul INT+ 3 add x_0_2 x_0_1,(x_0_2 add (3 mul (x_0_2 add x_0_1))),"2, 3, 17, 63, 257, 1023, 4097, 16383, 65537, 262143, 1048577, 4194303, 16777217, 67108863, 268435457, 1073741823, 4294967297, 17179869183, 68719476737, 274877906943, 1099511627777, 4398046511103, 17592186044417, 70368744177663, 281474976710657"
A222472,add mul x_0_2 INT+ 3 mul x_0_1 n,((x_0_2 mul 3) add (x_0_1 mul n)),"1, 2, 9, 42, 237, 1548, 11547, 97020, 907821, 9369270, 105785433, 1297533006, 17185285377, 244486594296, 3718854770571, 60235136112024, 1035153878216121, 18813475216226250, 360561490742947113, 7267670240507621010"
A073724,sub mul INT+ 4 x_0_1 add n add n INT- 3,((4 mul x_0_1) sub (n add (n add -3))),"1, 3, 9, 31, 117, 459, 1825, 7287, 29133, 116515, 466041, 1864143, 7456549, 29826171, 119304657, 477218599, 1908874365, 7635497427, 30541989673, 122167958655, 488671834581, 1954687338283, 7818749353089, 31274997412311"
A036244,sub mul add n n x_0_1 sub x_0_1 x_0_2,(((n add n) mul x_0_1) sub (x_0_1 sub x_0_2)),"1, 3, 16, 115, 1051, 11676, 152839, 2304261, 39325276, 749484505, 15778499881, 363654981768, 9107153044081, 246256787171955, 7150553981030776, 221913430199126011, 7330293750552189139, 256782194699525745876, 9508271497633004786551, 371079370602386712421365"
A093856,sub mul add x_0_1 x_0_1 sub n INT+ 2 x_0_2,(((x_0_1 add x_0_1) mul (n sub 2)) sub x_0_2),"1, 2, 3, 10, 57, 446, 4403, 52390, 729057, 11612522, 208296339, 4154314258, 91186617337, 2184324501830, 56701250430243, 1585450687544974, 47506819375918977, 1518632769341862290, 51586007338247398883"
A271389,add x_0_1 add add x_0_1 sqr sub n sign n x_0_2,(x_0_1 add ((x_0_1 add ((n sub sign(n)))**2) add x_0_2)),"0, 1, 6, 22, 66, 179, 460, 1148, 2820, 6869, 16658, 40306, 97414, 235303, 568216, 1371960, 3312392, 7997033, 19306782, 46610958, 112529098, 271669595, 655868772, 1583407668, 3822684684, 9228777661, 22280240682, 53789259754, 129858760974, 313506782543, 756872326960"
A008810,add add x_0_1 sub x_0_3 x_0_4 INT+ 2,((x_0_1 add (x_0_3 sub x_0_4)) add 2),"0, 1, 2, 3, 6, 9, 12, 17, 22, 27, 34, 41, 48, 57, 66, 75, 86, 97, 108, 121, 134, 147, 162, 177, 192, 209, 226, 243, 262, 281, 300, 321, 342, 363, 386, 409, 432, 457, 482, 507, 534, 561, 588, 617, 646, 675, 706, 737, 768, 801, 834, 867, 902, 937, 972, 1009, 1046"
A061534,sub mul x_0_1 INT+ 3 sub x_0_3 x_0_2,((x_0_1 mul 3) sub (x_0_3 sub x_0_2)),"1, 3, 9, 29, 93, 299, 961, 3089, 9929, 31915, 102585, 329741, 1059893, 3406835, 10950657, 35198913, 113140561, 363669939, 1168951465, 3757383773, 12077432845, 38820730843, 124782241601, 401090022801, 1289231579161, 4144002518683, 13320149112409"
A296943,add INT+ 2 mul x_0_1 sub n sign x_0_2,(2 add (x_0_1 mul (n sub sign(x_0_2)))),"0, 1, 4, 14, 58, 292, 1754, 12280, 98242, 884180, 8841802, 97259824, 1167117890, 15172532572, 212415456010, 3186231840152, 50979709442434, 866655060521380, 15599791089384842, 296396030698312000, 5927920613966240002, 124486332893291040044"
A134492,sub mul INT+ 9 add x_0_1 x_0_1 x_0_2,((9 mul (x_0_1 add x_0_1)) sub x_0_2),"0, 8, 144, 2584, 46368, 832040, 14930352, 267914296, 4807526976, 86267571272, 1548008755920, 27777890035288, 498454011879264, 8944394323791464, 160500643816367088, 2880067194370816120, 51680708854858323072, 927372692193078999176, 16641027750620563662096"
A046630,sub x_0_1 sub mod x_0_3 INT+ 2 x_0_1,(x_0_1 sub ((x_0_3 mod 2) sub x_0_1)),"1, 2, 3, 5, 10, 19, 37, 74, 147, 293, 586, 1171, 2341, 4682, 9363, 18725, 37450, 74899, 149797, 299594, 599187, 1198373, 2396746, 4793491, 9586981, 19173962, 38347923, 76695845, 153391690, 306783379, 613566757, 1227133514, 2454267027"
A103453,add mul INT+ 3 x_0_1 sub INT+ 3 sign x_0_2,((3 mul x_0_1) add (3 sub sign(x_0_2))),"1, 2, 8, 26, 80, 242, 728, 2186, 6560, 19682, 59048, 177146, 531440, 1594322, 4782968, 14348906, 43046720, 129140162, 387420488, 1162261466, 3486784400, 10460353202, 31381059608, 94143178826, 282429536480, 847288609442"
A098808,add INT+ 1 0 add x_0_1 add x_0_1 sign add x_0_6 n,(10 add (x_0_1 add (x_0_1 add sign((x_0_6 add n))))),"2037, 4085, 8181, 16373, 32757, 65525, 131061, 262133, 524277, 1048565, 2097141, 4194293, 8388597, 16777205, 33554421, 67108853, 134217717, 268435445, 536870901, 1073741813, 2147483637, 4294967285, 8589934581, 17179869173"
A028722,add x_0_1 sub x_0_3 mod INT+ 2 add n x_0_6,(x_0_1 add (x_0_3 sub (2 mod (n add x_0_6)))),"0, 1, 2, 3, 5, 6, 7, 10, 14"
A078011,add x_0_1 sub x_0_2 add x_0_3 x_0_3,(x_0_1 add (x_0_2 sub (x_0_3 add x_0_3))),"1, 0, 1, -1, 0, -3, -1, -4, 1, -1, 8, 5, 15, 4, 9, -17, -16, -51, -33, -52, 17, 31, 152, 149, 239, 84, 25, -369, -512, -931, -705, -612, 545, 1343, 3112, 3365, 3791, 932, -2007, -8657, -12528, -17171, -12385, -4500, 17457, 37727, 64184, 66997, 55727, -5644, -83911, -201009, -273632, -306819"
A108981,sub mul INT+ 4 add x_0_1 x_0_2 x_0_1,((4 mul (x_0_1 add x_0_2)) sub x_0_1),"1, 5, 19, 77, 307, 1229, 4915, 19661, 78643, 314573, 1258291, 5033165, 20132659, 80530637, 322122547, 1288490189, 5153960755, 20615843021, 82463372083, 329853488333, 1319413953331, 5277655813325, 21110623253299"
A074701,mul INT+ 5 mul x_0_1 sign x_0_3,(5 mul (x_0_1 mul sign(x_0_3))),"1, 3, 5, 25, 125, 625, 3125, 15625, 78125, 390625, 1953125, 9765625, 48828125, 244140625, 1220703125, 6103515625, 30517578125, 152587890625, 762939453125, 3814697265625, 19073486328125, 95367431640625, 476837158203125, 2384185791015625, 11920928955078125, 59604644775390625, 298023223876953125"
A180413,mul mul INT- 4 sub mul n sqr n n INT- 6,((-4 mul ((n mul (n)**2) sub n)) mul -6),"0, 144, 576, 1440, 2880, 5040, 8064, 12096, 17280, 23760, 31680, 41184, 52416, 65520, 80640, 97920, 117504, 139536, 164160, 191520, 221760, 255024, 291456, 331200, 374400, 421200, 471744, 526176, 584640, 647280, 714240, 785664, 861696"
A027083,add add add x_0_1 x_0_3 x_0_2 INT+ 6,(((x_0_1 add x_0_3) add x_0_2) add 6),"2, 6, 14, 28, 54, 102, 190, 352, 650, 1198, 2206, 4060, 7470, 13742, 25278, 46496, 85522, 157302, 289326, 532156, 978790, 1800278, 3311230, 6090304, 11201818, 20603358, 37895486, 69700668, 128199518, 235795678, 433695870"
A158556,add mul INT+ 7 mul INT+ 4 sqr sub n sign n sign n,((7 mul (4 mul ((n sub sign(n)))**2)) add sign(n)),"1, 29, 113, 253, 449, 701, 1009, 1373, 1793, 2269, 2801, 3389, 4033, 4733, 5489, 6301, 7169, 8093, 9073, 10109, 11201, 12349, 13553, 14813, 16129, 17501, 18929, 20413, 21953, 23549, 25201, 26909, 28673, 30493, 32369, 34301, 36289, 38333, 40433, 42589, 44801, 47069"
A144301,add mul x_0_1 sub add n n INT+ 5 x_0_2,((x_0_1 mul ((n add n) sub 5)) add x_0_2),"1, 1, 2, 7, 37, 266, 2431, 27007, 353522, 5329837, 90960751, 1733584106, 36496226977, 841146804577, 21065166341402, 569600638022431, 16539483668991901, 513293594376771362, 16955228098102446847, 593946277027962411007, 21992967478132711654106, 858319677924203716921141"
A291009,sub mul INT+ 6 x_0_1 mul INT+ 8 x_0_2,((6 mul x_0_1) sub (8 mul x_0_2)),"4, 17, 70, 284, 1144, 4592, 18400, 73664, 294784, 1179392, 4718080, 18873344, 75495424, 301985792, 1207951360, 4831821824, 19327320064, 77309345792, 309237514240, 1236950319104, 4947801800704, 19791208251392, 79164835102720, 316659344605184, 1266637386809344"
A171390,add x_0_1 add x_0_1 sign n,(x_0_1 add (x_0_1 add sign(n))),"36, 73, 147, 295, 591, 1183, 2367, 4735, 9471, 18943, 37887, 75775, 151551, 303103, 606207, 1212415, 2424831, 4849663, 9699327, 19398655, 38797311, 77594623, 155189247, 310378495, 620756991, 1241513983, 2483027967, 4966055935"
A257970,add mul INT+ 3 x_0_1 idiv sign n x_0_3,((3 mul x_0_1) add (sign(n) idiv x_0_3)),"1, 2, 5, 16, 48, 144, 432, 1296, 3888, 11664, 34992, 104976, 314928, 944784, 2834352, 8503056, 25509168, 76527504, 229582512, 688747536, 2066242608, 6198727824, 18596183472, 55788550416, 167365651248, 502096953744, 1506290861232, 4518872583696, 13556617751088"
A305164,sub mul x_0_1 INT+ 3 add x_0_2 x_0_2,((x_0_1 mul 3) sub (x_0_2 add x_0_2)),"6, 34, 90, 202, 426, 874, 1770, 3562, 7146, 14314, 28650, 57322, 114666, 229354, 458730, 917482, 1834986, 3669994, 7340010, 14680042, 29360106, 58720234, 117440490, 234881002, 469762026, 939524074, 1879048170, 3758096362, 7516192746, 15032385514, 30064771050, 60129542122, 120259084266, 240518168554"
A118771,add mul INT+ 7 x_0_2 n,((7 mul x_0_2) add n),"3, 9, 24, 67"
A330442,mul x_0_4 add idiv INT+ 4 n add n sign x_0_6,(x_0_4 mul ((4 idiv n) add (n add sign(x_0_6)))),"1, 1, 1, 2, 3, 6, 8, 18"
A003479,add add add x_0_1 x_0_3 x_0_3 sign n,(((x_0_1 add x_0_3) add x_0_3) add sign(n)),"1, 2, 3, 6, 11, 18, 31, 54, 91, 154, 263, 446, 755, 1282, 2175, 3686, 6251, 10602, 17975, 30478, 51683, 87634, 148591, 251958, 427227, 724410, 1228327, 2082782, 3531603, 5988258, 10153823, 17217030, 29193547, 49501194, 83935255, 142322350"
A055937,add x_0_1 mul sub x_0_1 x_0_3 x_0_2 INT+ 2,(x_0_1 add ((x_0_1 sub x_0_3) mul x_0_2)),"2, 2, 3, 5, 14, 69, 965, 66584, 64253559, 4278258972455, 274893365303916717344, 1176065006579831683931038116759519, 323292467474902888912311701915651931811127805144397535"
A161944,sub mul sub x_0_1 x_0_2 INT+ 6 x_0_2,(((x_0_1 sub x_0_2) mul 6) sub x_0_2),"2, 7, 28, 119, 518, 2275, 10024, 44219, 195146, 861343, 3802036, 16782815, 74082638, 327016123, 1443518272, 6371996771, 28127352722, 124160138935, 548069364556, 2419295214791, 10679285736854, 47140647917587"
A089068,add x_0_1 sub x_0_1 x_0_4,(x_0_1 add (x_0_1 sub x_0_4)),"0, 0, 1, 3, 6, 12, 23, 43, 80, 148, 273, 503, 926, 1704, 3135, 5767, 10608, 19512, 35889, 66011, 121414, 223316, 410743, 755475, 1389536, 2555756, 4700769, 8646063, 15902590, 29249424, 53798079, 98950095, 181997600, 334745776, 615693473"
A090305,add mul sqr INT- 4 x_0_1 x_0_2,(((-4)**2 mul x_0_1) add x_0_2),"2, 16, 258, 4144, 66562, 1069136, 17172738, 275832944, 4430499842, 71163830416, 1143051786498, 18359992414384, 294902930416642, 4736806879080656, 76083812995707138, 1222077814810394864, 19629328849962024962"
A258169,idiv sqr sqr x_0_1 x_0_2,(((x_0_1)**2)**2 idiv x_0_2),"1, 2, 16, 32768, 72057594037927936, 822752278660603021077484591278675252491367932816789931674304512"
A078025,mul sub x_0_2 x_0_3 INT+ 2,((x_0_2 sub x_0_3) mul 2),"1, -1, 2, -4, 6, -12, 20, -36, 64, -112, 200, -352, 624, -1104, 1952, -3456, 6112, -10816, 19136, -33856, 59904, -105984, 187520, -331776, 587008, -1038592, 1837568, -3251200, 5752320, -10177536, 18007040, -31859712, 56369152, -99733504, 176457728, -312205312, 552382464"
A011894,add add x_0_4 sqr sub n INT+ 4 sign x_0_4,((x_0_4 add ((n sub 4))**2) add sign(x_0_4)),"0, 0, 0, 0, 2, 5, 10, 17, 28, 42, 60, 82, 110, 143, 182, 227, 280, 340, 408, 484, 570, 665, 770, 885, 1012, 1150, 1300, 1462, 1638, 1827, 2030, 2247, 2480, 2728, 2992, 3272, 3570, 3885, 4218, 4569, 4940"
A163250,add add x_0_1 sqr sub n INT+ 2 x_0_2,((x_0_1 add ((n sub 2))**2) add x_0_2),"0, 0, 1, 5, 15, 36, 76, 148, 273, 485, 839, 1424, 2384, 3952, 6505, 10653, 17383, 28292, 45964, 74580, 120905, 195885, 317231, 513600, 831360, 1345536, 2177521, 3523733, 5701983, 9226500, 14929324, 24156724, 39087009, 63244757, 102332855"
A000792,mul x_0_3 sub INT+ 4 sign x_0_6,(x_0_3 mul (4 sub sign(x_0_6))),"1, 1, 2, 3, 4, 6, 9, 12, 18, 27, 36, 54, 81, 108, 162, 243, 324, 486, 729, 972, 1458, 2187, 2916, 4374, 6561, 8748, 13122, 19683, 26244, 39366, 59049, 78732, 118098, 177147, 236196, 354294, 531441, 708588, 1062882, 1594323, 2125764, 3188646, 4782969, 6377292"
A322890,sub mul mul INT+ 1 0 INT+ 4 x_0_1 x_0_2,(((10 mul 4) mul x_0_1) sub x_0_2),"1, 20, 799, 31940, 1276801, 51040100, 2040327199, 81562047860, 3260441587201, 130336101440180, 5210183616019999, 208277008539359780, 8325870157958371201, 332826529309795488260, 13304735302233861159199, 531856585560044650879700"
A052169,add x_0_1 mul sub n INT+ 2 add x_0_1 x_0_2,(x_0_1 add ((n sub 2) mul (x_0_1 add x_0_2))),"1, 2, 5, 19, 91, 531, 3641, 28673, 254871, 2523223, 27526069, 328018989, 4239014627, 59043418019, 881715042417, 14052333488521, 238063061452591, 4271909380510383, 80941440893880941, 1614781745832924773, 33833522293642233339, 742799603083145395579"
A113435,add x_0_3 add x_0_1 sub x_0_3 x_0_4,(x_0_3 add (x_0_1 add (x_0_3 sub x_0_4))),"1, 1, 1, 2, 3, 4, 7, 11, 16, 26, 41, 62, 98, 154, 237, 371, 581, 901, 1406, 2197, 3418, 5329, 8317, 12956, 20196, 31501, 49096, 76532, 119338, 186029, 289997, 452141, 704861, 1098826, 1713111, 2670692, 4163483, 6490879, 10119152, 15775426"
A118649,mul INT+ 2 add sub x_0_1 x_0_3 x_0_2,(2 mul ((x_0_1 sub x_0_3) add x_0_2)),"1, 2, 5, 12, 30, 74, 184, 456, 1132, 2808, 6968, 17288, 42896, 106432, 264080, 655232, 1625760, 4033824, 10008704, 24833536, 61616832, 152883328, 379333248, 941199488, 2335298816, 5794330112, 14376858880, 35671780352, 88508618240"
A181353,mul INT+ 3 add mul x_0_1 INT+ 3 x_0_2,(3 mul ((x_0_1 mul 3) add x_0_2)),"0, 1, 9, 84, 783, 7299, 68040, 634257, 5912433, 55114668, 513769311, 4789267803, 44644718160, 416170266849, 3879466556121, 36163709805636, 337111787919087, 3142497220688691, 29293810349955480, 273071784811665393, 2545527494354854977"
A354784,add add x_0_1 x_0_3 x_0_2,((x_0_1 add x_0_3) add x_0_2),"0, 0, 2, 2, 4, 8, 14, 26, 48, 88, 162, 298, 548, 1008, 1854, 3410, 6272, 11536, 21218, 39026, 71780, 132024, 242830, 446634, 821488, 1510952, 2779074, 5111514, 9401540, 17292128, 31805182, 58498850, 107596160, 197900192, 363995202, 669491554"
A087635,add mul INT+ 6 x_0_1 mul INT- 4 x_0_2,((6 mul x_0_1) add (-4 mul x_0_2)),"0, 2, 12, 64, 336, 1760, 9216, 48256, 252672, 1323008, 6927360, 36272128, 189923328, 994451456, 5207015424, 27264286720, 142757658624, 747488804864, 3913902194688, 20493457948672, 107305138913280, 561857001684992"
A200672,add mul x_0_3 INT+ 2 INT+ 3,((x_0_3 mul 2) add 3),"1, 2, 3, 5, 7, 9, 13, 17, 21, 29, 37, 45, 61, 77, 93, 125, 157, 189, 253, 317, 381, 509, 637, 765, 1021, 1277, 1533, 2045, 2557, 3069, 4093, 5117, 6141, 8189, 10237, 12285, 16381, 20477, 24573, 32765, 40957, 49149, 65533, 81917, 98301, 131069, 163837, 196605"
A086351,sub mul sub x_0_1 x_0_2 INT+ 6 x_0_2,(((x_0_1 sub x_0_2) mul 6) sub x_0_2),"1, 4, 17, 74, 325, 1432, 6317, 27878, 123049, 543148, 2397545, 10583234, 46716589, 206216896, 910285253, 4018193246, 17737162705, 78295623508, 345613602113, 1525612248122, 6734378273941, 29726983906792, 131221255523165"
A122983,add mul INT+ 3 sub x_0_1 x_0_3 x_0_2,((3 mul (x_0_1 sub x_0_3)) add x_0_2),"1, 1, 3, 7, 21, 61, 183, 547, 1641, 4921, 14763, 44287, 132861, 398581, 1195743, 3587227, 10761681, 32285041, 96855123, 290565367, 871696101, 2615088301, 7845264903, 23535794707, 70607384121, 211822152361, 635466457083"
A086942,mod INT- 8 mul add x_0_1 INT+ 8 INT+ 1 0,(-8 mod ((x_0_1 add 8) mul 10)),"32, 392, 3992, 39992, 399992, 3999992, 39999992, 399999992, 3999999992, 39999999992, 399999999992, 3999999999992, 39999999999992, 399999999999992, 3999999999999992, 39999999999999992, 399999999999999992, 3999999999999999992, 39999999999999999992"
A303005,add add x_0_1 x_0_3 x_0_2,((x_0_1 add x_0_3) add x_0_2),"3, 5, 11, 19, 35, 65, 119, 219, 403, 741, 1363, 2507, 4611, 8481, 15599, 28691, 52771, 97061, 178523, 328355, 603939, 1110817, 2043111, 3757867, 6911795, 12712773, 23382435, 43007003, 79102211, 145491649, 267600863, 492194723, 905287235, 1665082821, 3062564779, 5632934835"
A112447,add add x_0_2 x_0_4 x_0_4,((x_0_2 add x_0_4) add x_0_4),"1, 1, 3, 1, 5, 3, 11, 5, 21, 11, 43, 21, 85, 43, 171, 85, 341, 171, 683, 341, 1365, 683, 2731, 1365, 5461, 2731, 10923, 5461, 21845, 10923, 43691, 21845, 87381, 43691, 174763, 87381, 349525, 174763, 699051, 349525, 1398101, 699051, 2796203, 1398101, 5592405"
A033133,sub mul INT+ 6 x_0_1 idiv mod n INT- 3 n,((6 mul x_0_1) sub ((n mod -3) idiv n)),"1, 7, 42, 253, 1519, 9114, 54685, 328111, 1968666, 11811997, 70871983, 425231898, 2551391389, 15308348335, 91850090010, 551100540061, 3306603240367, 19839619442202, 119037716653213, 714226299919279, 4285357799515674, 25712146797094045, 154272880782564271"
A028495,add x_0_2 add x_0_1 sub x_0_2 x_0_3,(x_0_2 add (x_0_1 add (x_0_2 sub x_0_3))),"1, 1, 2, 3, 6, 10, 19, 33, 61, 108, 197, 352, 638, 1145, 2069, 3721, 6714, 12087, 21794, 39254, 70755, 127469, 229725, 413908, 745889, 1343980, 2421850, 4363921, 7863641, 14169633, 25532994, 46008619, 82904974, 149389218, 269190547, 485064009, 874055885"
A307677,add add x_0_2 x_0_1 x_0_4,((x_0_2 add x_0_1) add x_0_4),"1, 1, 1, 1, 3, 5, 9, 15, 27, 47, 83, 145, 255, 447, 785, 1377, 2417, 4241, 7443, 13061, 22921, 40223, 70587, 123871, 217379, 381473, 669439, 1174783, 2061601, 3617857, 6348897, 11141537, 19552035, 34311429, 60212361, 105665327, 185429723, 325406479, 571048563, 1002120369"
A152167,sub mul INT+ 3 x_0_2 x_0_1,((3 mul x_0_2) sub x_0_1),"1, -3, 6, -15, 33, -78, 177, -411, 942, -2175, 5001, -11526, 26529, -61107, 140694, -324015, 746097, -1718142, 3956433, -9110859, 20980158, -48312735, 111253209, -256191414, 589951041, -1358525283, 3128378406, -7203954255, 16589089473"
A153367,mul INT+ 5 sub x_0_1 x_0_2,(5 mul (x_0_1 sub x_0_2)),"4, 14, 50, 180, 650, 2350, 8500, 30750, 111250, 402500, 1456250, 5268750, 19062500, 68968750, 249531250, 902812500, 3266406250, 11817968750, 42757812500, 154699218750, 559707031250, 2025039062500, 7326660156250, 26508105468750"
A164602,add mul x_0_2 INT+ 7 add x_0_1 x_0_1,((x_0_2 mul 7) add (x_0_1 add x_0_1)),"1, 17, 41, 201, 689, 2785, 10393, 40281, 153313, 588593, 2250377, 8620905, 32994449, 126335233, 483631609, 1851609849, 7088640961, 27138550865, 103897588457, 397765032969, 1522813185137, 5829981601057, 22319655498073"
A131130,add add INT+ 6 x_0_1 mul x_0_1 sign x_0_2,((6 add x_0_1) add (x_0_1 mul sign(x_0_2))),"1, 2, 10, 26, 58, 122, 250, 506, 1018, 2042, 4090, 8186, 16378, 32762, 65530, 131066, 262138, 524282, 1048570, 2097146, 4194298, 8388602, 16777210, 33554426, 67108858, 134217722, 268435450, 536870906, 1073741818, 2147483642"
A236128,add x_0_1 mul INT+ 4 sub x_0_4 sign x_0_6,(x_0_1 add (4 mul (x_0_4 sub sign(x_0_6)))),"2, 3, 5, 7, 11, 13, 29, 53"
A286062,add x_0_1 add sub x_0_1 x_0_3 x_0_2,(x_0_1 add ((x_0_1 sub x_0_3) add x_0_2)),"2, 3, 6, 13, 29, 65, 146, 328, 737, 1656, 3721, 8361, 18787, 42214, 94854, 213135, 478910, 1076101, 2417977, 5433145, 12208166, 27431500, 61638021, 138499376, 311205273, 699271901, 1571249699, 3530566026, 7933109850, 17825536027, 40053615878, 89999657933"
A166752,sub mul INT+ 4 x_0_2 idiv x_0_1 x_0_3,((4 mul x_0_2) sub (x_0_1 idiv x_0_3)),"1, 1, 3, 1, 11, 1, 43, 1, 171, 1, 683, 1, 2731, 1, 10923, 1, 43691, 1, 174763, 1, 699051, 1, 2796203, 1, 11184811, 1, 44739243, 1, 178956971, 1, 715827883, 1, 2863311531, 1, 11453246123, 1, 45812984491, 1, 183251937963, 1, 733007751851, 1"
A163832,add mul n sub mul n INT+ 6 INT+ 8 x_0_1,((n mul ((n mul 6) sub 8)) add x_0_1),"0, 8, 38, 102, 212, 380, 618, 938, 1352, 1872, 2510, 3278, 4188, 5252, 6482, 7890, 9488, 11288, 13302, 15542, 18020, 20748, 23738, 27002, 30552, 34400, 38558, 43038, 47852, 53012, 58530, 64418, 70688, 77352, 84422, 91910, 99828, 108188, 117002"
A186738,add add x_0_1 mul x_0_2 sub n INT+ 2 sign n,((x_0_1 add (x_0_2 mul (n sub 2))) add sign(n)),"0, 0, 1, 2, 6, 15, 46, 137, 460, 1557, 5698, 21269, 83948, 339177, 1430502, 6178981, 27636512, 126500209, 596320914, 2873324677, 14203422044, 71669915585, 369941778510, 1946679921381"
A195857,sub mul INT+ 4 sub x_0_1 x_0_2 INT+ 8,((4 mul (x_0_1 sub x_0_2)) sub 8),"1, 11, 32, 76, 168, 360, 760, 1592, 3320, 6904, 14328, 29688, 61432, 126968, 262136, 540664, 1114104, 2293752, 4718584, 9699320, 19922936, 40894456, 83886072, 171966456, 352321528, 721420280, 1476395000, 3019898872, 6174015480, 12616466424, 25769803768"
A195037,add add x_0_1 sub x_0_1 sub x_0_2 INT+ 1 0 INT+ 7,((x_0_1 add (x_0_1 sub (x_0_2 sub 10))) add 7),"0, 17, 51, 102, 170, 255, 357, 476, 612, 765, 935, 1122, 1326, 1547, 1785, 2040, 2312, 2601, 2907, 3230, 3570, 3927, 4301, 4692, 5100, 5525, 5967, 6426, 6902, 7395, 7905, 8432, 8976, 9537, 10115, 10710, 11322, 11951, 12597, 13260, 13940, 14637, 15351, 16082, 16830"
A185308,add add x_0_1 mul x_0_2 sub n sign n sign n,((x_0_1 add (x_0_2 mul (n sub sign(n)))) add sign(n)),"0, 0, 1, 2, 7, 18, 61, 188, 677, 2370, 9141, 35212, 144905, 602662, 2631333, 11671264, 53772593, 252184082, 1220090757, 6011588316, 30413403457, 156656758094, 825751634149, 4428857070312, 24246896289889, 134968323047690, 765387626584805, 4409532348872436"
A177071,add x_0_1 mul sqr INT- 7 sub add n n INT+ 2,(x_0_1 add ((-7)**2 mul ((n add n) sub 2))),"12, 110, 306, 600, 992, 1482, 2070, 2756, 3540, 4422, 5402, 6480, 7656, 8930, 10302, 11772, 13340, 15006, 16770, 18632, 20592, 22650, 24806, 27060, 29412, 31862, 34410, 37056, 39800, 42642, 45582, 48620, 51756, 54990, 58322, 61752, 65280, 68906, 72630, 76452"
A132765,add mul add n INT+ 1 0 INT+ 2 x_0_1,(((n add 10) mul 2) add x_0_1),"0, 24, 50, 78, 108, 140, 174, 210, 248, 288, 330, 374, 420, 468, 518, 570, 624, 680, 738, 798, 860, 924, 990, 1058, 1128, 1200, 1274, 1350, 1428, 1508, 1590, 1674, 1760, 1848, 1938, 2030, 2124, 2220, 2318, 2418, 2520, 2624, 2730, 2838, 2948, 3060, 3174, 3290, 3408"
A317669,add add x_0_2 x_0_3 x_0_6,((x_0_2 add x_0_3) add x_0_6),"1, 1, 1, 1, 1, 2, 3, 4, 6, 8, 11, 16, 22, 31, 44, 61, 86, 121, 169, 238, 334, 468, 658, 923, 1295, 1819, 2552, 3582, 5029, 7057, 9906, 13905, 19515, 27393, 38449, 53965, 75748, 106319, 149228, 209460, 293996, 412653, 579204, 812968, 1141085, 1601632, 2248049"
A083232,add mul add x_0_1 x_0_2 INT+ 6 x_0_2,(((x_0_1 add x_0_2) mul 6) add x_0_2),"1, 5, 37, 257, 1801, 12605, 88237, 617657, 4323601, 30265205, 211856437, 1482995057, 10380965401, 72666757805, 508667304637, 3560671132457, 24924697927201, 174472885490405, 1221310198432837, 8549171389029857"
A095898,add x_0_2 mul mul x_0_1 INT+ 6 INT+ 4,(x_0_2 add ((x_0_1 mul 6) mul 4)),"1, 27, 649, 15603, 375121, 9018507, 216819289, 5212681443, 125321173921, 3012920855547, 72435421707049, 1741463041824723, 41867548425500401, 1006562625253834347, 24199370554517524729, 581791455933674427843, 13987194312962703792961, 336274454967038565458907"
A141291,add add x_0_1 mul INT+ 4 sub x_0_1 x_0_2 INT+ 2,((x_0_1 add (4 mul (x_0_1 sub x_0_2))) add 2),"0, 1, 7, 33, 139, 565, 2271, 9097, 36403, 145629, 582535, 2330161, 9320667, 37282693, 149130799, 596523225, 2386092931, 9544371757, 38177487063, 152709948289, 610839793195, 2443359172821, 9773436691327, 39093746765353"
A322830,add INT- 1 mul sqr sub mul n INT+ 4 INT+ 3 add n n,(-1 add ((((n mul 4) sub 3))**2 mul (n add n))),"1, 99, 485, 1351, 2889, 5291, 8749, 13455, 19601, 27379, 36981, 48599, 62425, 78651, 97469, 119071, 143649, 171395, 202501, 237159, 275561, 317899, 364365, 415151, 470449, 530451, 595349, 665335, 740601, 821339, 907741, 999999, 1098305, 1202851, 1313829, 1431431, 1555849"
A277237,add x_0_1 mul x_0_2 INT+ 4 sign x_0_3,(x_0_1 add (x_0_2 mul 4)),"1, 6, 15, 39, 99, 255, 651, 1671, 4275, 10959, 28059, 71895, 184131, 471711, 1208235, 3095079, 7928019, 20308335, 52020411, 133253751, 341335395, 874350399, 2239691979, 5737093575, 14695861491, 37644235791, 96427681755, 247004624919, 632715351939, 1620733851615"
A340217,add add x_0_1 x_0_5 x_0_2,((x_0_1 add x_0_5) add x_0_2),"1, 2, 4, 7, 12, 20, 34, 58, 99, 169, 288, 491, 837, 1427, 2433, 4148, 7072, 12057, 20556, 35046, 59750, 101868, 173675, 296099, 504820, 860669, 1467357, 2501701, 4265157, 7271678, 12397504, 21136539, 36035744, 61437440, 104744862, 178579806, 304461207, 519076757, 884975404, 1508797023"
A077974,sub mul x_0_3 INT- 2 x_0_1,((x_0_3 mul -2) sub x_0_1),"1, -1, 1, -3, 5, -7, 13, -23, 37, -63, 109, -183, 309, -527, 893, -1511, 2565, -4351, 7373, -12503, 21205, -35951, 60957, -103367, 175269, -297183, 503917, -854455, 1448821, -2456655, 4165565, -7063207, 11976517, -20307647, 34434061, -58387095, 99002389, -167870511, 284644701"
A010913,sub mul x_0_1 INT+ 6 add x_0_2 x_0_2,((x_0_1 mul 6) sub (x_0_2 add x_0_2)),"3, 17, 96, 542, 3060, 17276, 97536, 550664, 3108912, 17552144, 99095040, 559465952, 3158605632, 17832701888, 100679000064, 568408596608, 3209093579520, 18117744283904, 102288278544384, 577494182698496, 3260388539102208, 18407342869216256, 103923280137093120"
A277451,mul INT+ 4 mul x_0_1 sign x_0_2,(4 mul (x_0_1 mul sign(x_0_2))),"1, 30, 120, 480, 1920, 7680, 30720, 122880, 491520, 1966080, 7864320, 31457280, 125829120, 503316480, 2013265920, 8053063680, 32212254720, 128849018880, 515396075520, 2061584302080, 8246337208320, 32985348833280, 131941395333120, 527765581332480"
A174239,sub add x_0_2 x_0_2 x_0_4,((x_0_2 add x_0_2) sub x_0_4),"1, 0, 3, 1, 5, 2, 7, 3, 9, 4, 11, 5, 13, 6, 15, 7, 17, 8, 19, 9, 21, 10, 23, 11, 25, 12, 27, 13, 29, 14, 31, 15, 33, 16, 35, 17, 37, 18, 39, 19, 41, 20, 43, 21, 45, 22, 47, 23, 49, 24, 51, 25, 53, 26, 55, 27, 57, 28, 59, 29, 61, 30, 63, 31, 65, 32, 67, 33, 69, 34, 71, 35, 73, 36, 75, 37, 77, 38, 79, 39, 81"
A078016,sub x_0_1 add x_0_3 x_0_2,(x_0_1 sub (x_0_3 add x_0_2)),"1, 0, -1, -2, -1, 2, 5, 4, -3, -12, -13, 2, 27, 38, 9, -56, -103, -56, 103, 262, 215, -150, -627, -692, 85, 1404, 2011, 522, -2893, -5426, -3055, 5264, 13745, 11536, -7473, -32754, -36817, 3410, 72981, 106388, 29997, -149372, -285757, -166382, 268747, 720886, 618521, -371112, -1710519"
A005013,sub mul x_0_2 INT+ 4 add x_0_2 x_0_4,((x_0_2 mul 4) sub (x_0_2 add x_0_4)),"0, 1, 1, 4, 3, 11, 8, 29, 21, 76, 55, 199, 144, 521, 377, 1364, 987, 3571, 2584, 9349, 6765, 24476, 17711, 64079, 46368, 167761, 121393, 439204, 317811, 1149851, 832040, 3010349, 2178309, 7881196, 5702887, 20633239, 14930352, 54018521, 39088169, 141422324"
A028230,sub mul INT+ 7 add x_0_1 x_0_1 x_0_2,((7 mul (x_0_1 add x_0_1)) sub x_0_2),"1, 15, 209, 2911, 40545, 564719, 7865521, 109552575, 1525870529, 21252634831, 296011017105, 4122901604639, 57424611447841, 799821658665135, 11140078609864049, 155161278879431551, 2161117825702177665, 30100488280951055759, 419245718107612602961, 5839339565225625385695"
A328284,add add x_0_1 x_0_2 mul x_0_2 sign x_0_5,((x_0_1 add x_0_2) add (x_0_2 mul sign(x_0_5))),"0, 0, 1, 0, 1, 1, 3, 5, 11, 21, 43, 85, 171, 341, 683, 1365, 2731, 5461, 10923, 21845, 43691, 87381, 174763, 349525, 699051, 1398101, 2796203, 5592405, 11184811, 22369621, 44739243, 89478485"
A183682,add mul x_0_2 INT+ 4 x_0_1,((x_0_2 mul 4) add x_0_1),"12, 32, 80, 208, 528, 1360, 3472, 8912, 22800, 58448, 149648, 383440, 982032, 2515792, 6443920, 16507088, 42282768, 108311120, 277442192, 710686672, 1820455440, 4663202128, 11945023888, 30597832400, 78377927952, 200769257552"
A039684,sub x_0_1 mul INT- 1 0 sub x_0_1 x_0_2,(x_0_1 sub (-10 mul (x_0_1 sub x_0_2))),"1089, 10989, 109989, 1099989, 10999989, 109999989"
A110513,sub mul x_0_1 INT- 2 x_0_3,((x_0_1 mul -2) sub x_0_3),"1, -1, 2, -5, 11, -24, 53, -117, 258, -569, 1255, -2768, 6105, -13465, 29698, -65501, 144467, -318632, 702765, -1549997, 3418626, -7540017, 16630031, -36678688, 80897393, -178424817, 393528322, -867954037, 1914332891, -4222194104, 9312342245, -20539017381, 45300228866, -99912799977"
A020720,add x_0_2 add x_0_3 idiv mod n n x_0_6,(x_0_2 add (x_0_3 add ((n mod n) idiv x_0_6))),"7, 9, 12, 16, 21, 28, 37, 49, 65, 86, 114, 151, 200, 265, 351, 465, 616, 816, 1081, 1432, 1897, 2513, 3329, 4410, 5842, 7739, 10252, 13581, 17991, 23833, 31572, 41824, 55405, 73396, 97229, 128801, 170625, 226030, 299426, 396655, 525456, 696081, 922111, 1221537"
A036542,sub mul INT+ 4 sub x_0_1 x_0_2 add n INT- 6,((4 mul (x_0_1 sub x_0_2)) sub (n add -6)),"1, 3, 11, 34, 93, 236, 571, 1338, 3065, 6904, 15351, 33782, 73717, 159732, 344051, 737266, 1572849, 3342320, 7077871, 14942190, 31457261, 66060268, 138412011, 289406954, 603979753, 1258291176, 2617245671, 5435817958, 11274289125, 23353884644, 48318382051"
A084068,sub mul INT+ 6 x_0_2 x_0_4,((6 mul x_0_2) sub x_0_4),"1, 2, 7, 12, 41, 70, 239, 408, 1393, 2378, 8119, 13860, 47321, 80782, 275807, 470832, 1607521, 2744210, 9369319, 15994428, 54608393, 93222358, 318281039, 543339720, 1855077841, 3166815962, 10812186007, 18457556052, 63018038201, 107578520350"
A109222,add add x_0_1 x_0_2 sub x_0_2 x_0_4,((x_0_1 add x_0_2) add (x_0_2 sub x_0_4)),"1, 2, 3, 6, 11, 21, 40, 76, 145, 276, 526, 1002, 1909, 3637, 6929, 13201, 25150, 47915, 91286, 173915, 331337, 631252, 1202640, 2291229, 4365172, 8316378, 15844082, 30185609, 57508601, 109563441, 208736561, 397677834, 757642355, 1443434582"
A108742,add x_0_2 add x_0_1 sub x_0_2 x_0_4,(x_0_2 add (x_0_1 add (x_0_2 sub x_0_4))),"1, 2, 3, 7, 12, 24, 45, 86, 164, 312, 595, 1133, 2159, 4113, 7836, 14929, 28442, 54187, 103235, 196680, 374708, 713881, 1360062, 2591144, 4936560, 9404967, 17918025, 34136815, 65036305, 123904968, 236059553, 449732674, 856815475, 1632375855"
A099012,mul add x_0_1 mul x_0_2 INT+ 3 INT+ 3,((x_0_1 add (x_0_2 mul 3)) mul 3),"0, 1, 3, 18, 81, 405, 1944, 9477, 45927, 223074, 1082565, 5255361, 25509168, 123825753, 601059771, 2917611090, 14162371209, 68745613437, 333698181192, 1619805064509, 7862698824255, 38166342053346, 185263315578333"
A033122,add mul x_0_1 INT+ 4 mod x_0_3 INT+ 2,((x_0_1 mul 4) add (x_0_3 mod 2)),"1, 4, 17, 69, 276, 1105, 4421, 17684, 70737, 282949, 1131796, 4527185, 18108741, 72434964, 289739857, 1158959429, 4635837716, 18543350865, 74173403461, 296693613844, 1186774455377, 4747097821509, 18988391286036, 75953565144145"
A274073,sub mul INT+ 6 add x_0_1 x_0_2 x_0_1,((6 mul (x_0_1 add x_0_2)) sub x_0_1),"0, 7, 35, 217, 1295, 7777, 46655, 279937, 1679615, 10077697, 60466175, 362797057, 2176782335, 13060694017, 78364164095, 470184984577, 2821109907455, 16926659444737, 101559956668415, 609359740010497, 3656158440062975, 21936950640377857, 131621703842267135"
A274110,add add x_0_1 sub x_0_2 sign n x_0_4,((x_0_1 add (x_0_2 sub sign(n))) add x_0_4),"1, 2, 3, 5, 8, 14, 24, 42, 73, 128, 224, 393, 689, 1209, 2121, 3722, 6531, 11461, 20112, 35294, 61936, 108690, 190737, 334720, 587392, 1030801, 1808929, 3174449, 5570769, 9776018, 17155715, 30106181, 52832664, 92714862, 162703240, 285524282, 501060185, 879299328, 1543062752, 2707886361"
A187044,sub sub x_0_1 mul x_0_2 sub INT+ 2 n INT- 1,((x_0_1 sub (x_0_2 mul (2 sub n))) sub -1),"1, 2, 4, 9, 22, 59, 170, 525, 1716, 5917, 21362, 80533, 315516, 1281913, 5383622, 23330405, 104084736, 477371217, 2246811730, 10839493637, 53528916508, 270318789249, 1394426035918, 7341439399397, 39413238225512, 215607783811041"
A078007,add add x_0_1 x_0_2 add x_0_3 x_0_2,((x_0_1 add x_0_2) add (x_0_3 add x_0_2)),"1, 0, 2, 3, 7, 15, 32, 69, 148, 318, 683, 1467, 3151, 6768, 14537, 31224, 67066, 144051, 309407, 664575, 1427440, 3065997, 6585452, 14144886, 30381787, 65257011, 140165471, 301061280, 646649233, 1388937264, 2983297010, 6407820771, 13763352055, 29562290607"
A057268,mul sub x_0_1 x_0_2 x_0_1 INT+ 6,((x_0_1 sub x_0_2) mul x_0_1),"1, 3, 6, 18, 216, 42768, 1819863936, 3311826913612597248, 10968197499701667312529793029329125376, 120301356392461906290006219878693096559247086148184247242087281541542576128"
A049864,add x_0_1 sub x_0_1 sub x_0_3 x_0_4,(x_0_1 add (x_0_1 sub (x_0_3 sub x_0_4))),"1, 1, 1, 2, 4, 8, 15, 28, 52, 97, 181, 338, 631, 1178, 2199, 4105, 7663, 14305, 26704, 49850, 93058, 173717, 324288, 605368, 1130077, 2109583, 3938086, 7351463, 13723420, 25618337, 47823297, 89274637, 166654357, 311103754, 580756168, 1084132616"
A117030,mul sub x_0_1 x_0_3 add sign n x_0_2,((x_0_1 sub x_0_3) mul (sign(n) add x_0_2)),"1, 1, 1, 0, -2, -3, 3, -10, -28, 279, -7803, -2177000, 16987130758, -36980983660158439, -628200804994572838287982201, 23231483704802676028750227275477328286998042, -14594036764575342428539025427350979161630036659925283421091485142638200"
A027334,mul INT+ 3 mul x_0_1 sign x_0_3,(3 mul (x_0_1 mul sign(x_0_3))),"1, 3, 18, 54, 162, 486, 1458, 4374, 13122, 39366, 118098, 354294, 1062882, 3188646, 9565938, 28697814, 86093442, 258280326, 774840978, 2324522934, 6973568802, 20920706406, 62762119218, 188286357654, 564859072962"
A000125,add x_0_1 sub x_0_1 add sub x_0_2 n INT+ 2,(x_0_1 add (x_0_1 sub ((x_0_2 sub n) add 2))),"1, 2, 4, 8, 15, 26, 42, 64, 93, 130, 176, 232, 299, 378, 470, 576, 697, 834, 988, 1160, 1351, 1562, 1794, 2048, 2325, 2626, 2952, 3304, 3683, 4090, 4526, 4992, 5489, 6018, 6580, 7176, 7807, 8474, 9178, 9920, 10701, 11522, 12384, 13288, 14235, 15226"
A052907,mul add x_0_2 x_0_3 INT+ 2,((x_0_2 add x_0_3) mul 2),"1, 0, 2, 2, 4, 8, 12, 24, 40, 72, 128, 224, 400, 704, 1248, 2208, 3904, 6912, 12224, 21632, 38272, 67712, 119808, 211968, 375040, 663552, 1174016, 2077184, 3675136, 6502400, 11504640, 20355072, 36014080, 63719424, 112738304, 199467008"
A291773,mod INT- 2 mul INT+ 3 sub x_0_1 sign x_0_3,(-2 mod (3 mul (x_0_1 sub sign(x_0_3)))),"1, 1, 3, 4, 7, 16, 43, 124, 367, 1096, 3283, 9844, 29527, 88576, 265723, 797164, 2391487, 7174456, 21523363, 64570084, 193710247, 581130736, 1743392203, 5230176604, 15690529807, 47071589416, 141214768243, 423644304724, 1270932914167, 3812798742496"
A037746,add mul INT+ 6 x_0_1 mod add n INT- 3 INT+ 4,((6 mul x_0_1) add ((n add -3) mod 4)),"2, 15, 90, 541, 3248, 19491, 116946, 701677, 4210064, 25260387, 151562322, 909373933, 5456243600, 32737461603, 196424769618, 1178548617709, 7071291706256, 42427750237539, 254566501425234, 1527399008551405"
A037568,add mul INT+ 3 x_0_1 mod add n x_0_2 INT+ 3,((3 mul x_0_1) add ((n add x_0_2) mod 3)),"2, 7, 23, 71, 214, 644, 1934, 5803, 17411, 52235, 156706, 470120, 1410362, 4231087, 12693263, 38079791, 114239374, 342718124, 1028154374, 3084463123, 9253389371, 27760168115, 83280504346, 249841513040, 749524539122"
A159697,mul INT+ 4 sub x_0_1 x_0_2,(4 mul (x_0_1 sub x_0_2)),"9, 19, 40, 84, 176, 368, 768, 1600, 3328, 6912, 14336, 29696, 61440, 126976, 262144, 540672, 1114112, 2293760, 4718592, 9699328, 19922944, 40894464, 83886080, 171966464, 352321536, 721420288, 1476395008, 3019898880"
A167704,add add x_0_2 x_0_3 x_0_4,((x_0_2 add x_0_3) add x_0_4),"1, 0, 2, 1, 3, 3, 6, 7, 12, 16, 25, 35, 53, 76, 113, 164, 242, 353, 519, 759, 1114, 1631, 2392, 3504, 5137, 7527, 11033, 16168, 23697, 34728, 50898, 74593, 109323, 160219, 234814, 344135, 504356, 739168, 1083305, 1587659, 2326829, 3410132, 4997793, 7324620"
A188626,add mul INT+ 4 sub x_0_1 x_0_2 add n INT- 4,((4 mul (x_0_1 sub x_0_2)) add (n add -4)),"1, 3, 7, 16, 37, 86, 199, 456, 1033, 2314, 5131, 11276, 24589, 53262, 114703, 245776, 524305, 1114130, 2359315, 4980756, 10485781, 22020118, 46137367, 96469016, 201326617, 419430426, 872415259, 1811939356, 3758096413"
A047974,add x_0_1 mul x_0_2 add n add n INT- 4,(x_0_1 add (x_0_2 mul (n add (n add -4)))),"1, 1, 3, 7, 25, 81, 331, 1303, 5937, 26785, 133651, 669351, 3609673, 19674097, 113525595, 664400311, 4070168161, 25330978113, 163716695587, 1075631907655, 7296866339961, 50322142646161, 356790528924523, 2570964805355607, 18983329135883665, 142389639792952801, 1091556096587136051"
A127989,add x_0_1 mul INT+ 6 sub sqr n n,(x_0_1 add (6 mul ((n)**2 sub n))),"9, 21, 57, 129, 249, 429, 681, 1017, 1449, 1989, 2649, 3441, 4377, 5469, 6729, 8169, 9801, 11637, 13689, 15969, 18489, 21261, 24297, 27609, 31209, 35109, 39321, 43857, 48729, 53949, 59529, 65481, 71817, 78549, 85689, 93249, 101241, 109677, 118569"
A081589,add add x_0_1 sub sqr INT- 6 x_0_2 x_0_1,((x_0_1 add ((-6)**2 sub x_0_2)) add x_0_1),"1, 13, 61, 145, 265, 421, 613, 841, 1105, 1405, 1741, 2113, 2521, 2965, 3445, 3961, 4513, 5101, 5725, 6385, 7081, 7813, 8581, 9385, 10225, 11101, 12013, 12961, 13945, 14965, 16021, 17113, 18241, 19405, 20605, 21841, 23113, 24421, 25765, 27145"
A159285,add x_0_3 add x_0_3 x_0_2,(x_0_3 add (x_0_3 add x_0_2)),"1, 3, 1, 5, 7, 7, 17, 21, 31, 55, 73, 117, 183, 263, 417, 629, 943, 1463, 2201, 3349, 5127, 7751, 11825, 18005, 27327, 41655, 63337, 96309, 146647, 222983, 339265, 516277, 785231, 1194807, 1817785, 2765269, 4207399, 6400839, 9737937, 14815637"
A000539,add x_0_1 mul sqr sqr sub n sign n add n INT- 1,(x_0_1 add ((((n sub sign(n)))**2)**2 mul (n add -1))),"0, 1, 33, 276, 1300, 4425, 12201, 29008, 61776, 120825, 220825, 381876, 630708, 1002001, 1539825, 2299200, 3347776, 4767633, 6657201, 9133300, 12333300, 16417401, 21571033, 28007376, 35970000, 45735625, 57617001, 71965908, 89176276, 109687425, 133987425"
A098924,add add n x_0_1 mul mul INT+ 6 INT+ 7 sub n sign n,((n add x_0_1) add ((6 mul 7) mul (n sub sign(n)))),"1, 45, 132, 262, 435, 651, 910, 1212, 1557, 1945, 2376, 2850, 3367, 3927, 4530, 5176, 5865, 6597, 7372, 8190, 9051, 9955, 10902, 11892, 12925, 14001, 15120, 16282, 17487, 18735, 20026, 21360, 22737, 24157, 25620, 27126, 28675, 30267"
A126950,sub mul sqr n add n n x_0_1,(((n)**2 mul (n add n)) sub x_0_1),"1, 15, 39, 89, 161, 271, 415, 609, 849, 1151, 1511, 1945, 2449, 3039, 3711, 4481, 5345, 6319, 7399, 8601, 9921, 11375, 12959, 14689, 16561, 18591, 20775, 23129, 25649, 28351, 31231, 34305, 37569, 41039, 44711, 48601, 52705, 57039, 61599, 66401"
A289586,mul x_0_2 add INT+ 4 sign x_0_3,(x_0_2 mul (4 add sign(x_0_3))),"1, 5, 12, 25, 60, 125, 300, 625, 1500, 3125, 7500, 15625, 37500, 78125, 187500, 390625, 937500, 1953125, 4687500, 9765625, 23437500, 48828125, 117187500, 244140625, 585937500, 1220703125, 2929687500, 6103515625, 14648437500, 30517578125, 73242187500, 152587890625, 366210937500"
A033568,sub mul add x_0_1 INT+ 6 INT+ 2 x_0_2,(((x_0_1 add 6) mul 2) sub x_0_2),"1, 2, 15, 40, 77, 126, 187, 260, 345, 442, 551, 672, 805, 950, 1107, 1276, 1457, 1650, 1855, 2072, 2301, 2542, 2795, 3060, 3337, 3626, 3927, 4240, 4565, 4902, 5251, 5612, 5985, 6370, 6767, 7176, 7597, 8030, 8475, 8932, 9401, 9882, 10375, 10880, 11397, 11926"
A231305,add x_0_2 sqr mul sqr sub n sign n sub n sign n,(x_0_2 add ((((n sub sign(n)))**2 mul (n sub sign(n))))**2),"0, 1, 64, 730, 4160, 16355, 50816, 134004, 312960, 665445, 1312960, 2437006, 4298944, 7263815, 11828480, 18654440, 28605696, 42792009, 62617920, 89837890, 126617920, 175604011, 239997824, 323639900, 431100800, 567780525, 740016576, 955201014, 1221906880"
A196288,add sqr sqr sqr sub n sign n sub n sign n,(((((n sub sign(n)))**2)**2)**2 add (n sub sign(n))),"0, 2, 258, 6564, 65540, 390630, 1679622, 5764808, 16777224, 43046730, 100000010, 214358892, 429981708, 815730734, 1475789070, 2562890640, 4294967312, 6975757458, 11019960594, 16983563060, 25600000020, 37822859382, 54875873558, 78310985304"
A190974,add mul sub x_0_1 x_0_2 INT+ 5 add x_0_1 x_0_1,(((x_0_1 sub x_0_2) mul 5) add (x_0_1 add x_0_1)),"0, 1, 7, 44, 273, 1691, 10472, 64849, 401583, 2486836, 15399937, 95365379, 590557968, 3657078881, 22646762327, 140241941884, 868459781553, 5378008761451, 33303762422392, 206236293149489, 1277135239934463, 7908765213793796, 48975680296884257"
A137932,add add sub x_0_1 x_0_3 x_0_2 INT+ 4,(((x_0_1 sub x_0_3) add x_0_2) add 4),"0, 0, 0, 4, 8, 16, 24, 36, 48, 64, 80, 100, 120, 144, 168, 196, 224, 256, 288, 324, 360, 400, 440, 484, 528, 576, 624, 676, 728, 784, 840, 900, 960, 1024, 1088, 1156, 1224, 1296, 1368, 1444, 1520, 1600, 1680, 1764, 1848, 1936, 2024, 2116, 2208, 2304, 2400, 2500, 2600, 2704, 2808"
A339196,add x_0_1 add sub x_0_1 INT+ 2 mul INT+ 9 n,(x_0_1 add ((x_0_1 sub 2) add (9 mul n))),"7, 30, 85, 204, 451, 954, 1969, 4008, 8095, 16278, 32653, 65412, 130939, 262002, 524137, 1048416, 2096983, 4194126, 8388421, 16777020, 33554227, 67108650, 134217505, 268435224, 536870671, 1073741574, 2147483389, 4294967028, 8589934315, 17179868898, 34359738073, 68719476432"
A077964,mul sub x_0_3 x_0_2 INT+ 2,((x_0_3 sub x_0_2) mul 2),"1, 0, -2, 2, 4, -8, -4, 24, -8, -56, 64, 96, -240, -64, 672, -352, -1472, 2048, 2240, -7040, -384, 18560, -13312, -37888, 63744, 49152, -203264, 29184, 504832, -464896, -951296, 1939456, 972800, -5781504, 1933312, 13508608, -15429632, -23150592, 57876480, 15441920, -162054144"
A145563,sub mul sub x_0_1 x_0_2 INT+ 6 x_0_1,(((x_0_1 sub x_0_2) mul 6) sub x_0_1),"0, 4, 20, 76, 260, 844, 2660, 8236, 25220, 76684, 232100, 700396, 2109380, 6344524, 19066340, 57264556, 171924740, 516036364, 1548633380, 4646948716, 13942943300, 41833024204, 125507461220, 376539160876, 1129651037060, 3389020220044, 10167194877860"
A121248,add add x_0_1 mul x_0_5 INT+ 3 sign n,((x_0_1 add (x_0_5 mul 3)) add sign(n)),"0, 1, 2, 6, 9, 10"
A356050,add add x_0_2 x_0_4 mul x_0_4 sign x_0_6,((x_0_2 add x_0_4) add (x_0_4 mul sign(x_0_6))),"1, 1, 3, 4, 5, 6, 11, 14, 21, 26, 43, 54, 85, 106, 171, 214, 341, 426, 683, 854, 1365, 1706, 2731, 3414, 5461, 6826, 10923, 13654, 21845, 27306, 43691, 54614, 87381, 109226, 174763, 218454, 349525, 436906, 699051, 873814, 1398101, 1747626, 2796203, 3495254, 5592405"
A005165,add x_0_2 mul sub n INT+ 2 add x_0_1 x_0_2,(x_0_2 add ((n sub 2) mul (x_0_1 add x_0_2))),"0, 1, 1, 5, 19, 101, 619, 4421, 35899, 326981, 3301819, 36614981, 442386619, 5784634181, 81393657019, 1226280710981, 19696509177019, 335990918918981, 6066382786809019, 115578717622022981, 2317323290554617019, 48773618881154822981"
A243299,sub mul x_0_2 INT+ 6 add x_0_3 x_0_5,((x_0_2 mul 6) sub (x_0_3 add x_0_5)),"1, 2, 3, 6, 12, 32"
A084172,add add add x_0_1 x_0_2 n sub x_0_2 INT+ 3,(((x_0_1 add x_0_2) add n) add (x_0_2 sub 3)),"1, 2, 4, 9, 19, 40, 82, 167, 337, 678, 1360, 2725, 5455, 10916, 21838, 43683, 87373, 174754, 349516, 699041, 1398091, 2796192, 5592394, 11184799, 22369609, 44739230, 89478472, 178956957, 357913927, 715827868, 1431655750, 2863311515"
A105578,add add x_0_1 mul x_0_2 INT- 2 sign n,((x_0_1 add (x_0_2 mul -2)) add sign(n)),"1, 1, 0, -1, 0, 3, 4, -1, -8, -5, 12, 23, 0, -45, -44, 47, 136, 43, -228, -313, 144, 771, 484, -1057, -2024, 91, 4140, 3959, -4320, -12237, -3596, 20879, 28072, -13685, -69828, -42457, 97200, 182115, -12284, -376513, -351944, 401083, 1104972, 302807, -1907136, -2512749, 1301524, 6327023, 3723976"
A052994,add x_0_1 sub x_0_1 sub x_0_3 x_0_2,(x_0_1 add (x_0_1 sub (x_0_3 sub x_0_2))),"0, 2, 2, 6, 12, 28, 62, 140, 314, 706, 1586, 3564, 8008, 17994, 40432, 90850, 204138, 458694, 1030676, 2315908, 5203798, 11692828, 26273546, 59036122, 132652962, 298068500, 669753840, 1504923218, 3381531776, 7598232930, 17073074418"
A001891,add add x_0_1 sub x_0_1 x_0_3 INT+ 2,((x_0_1 add (x_0_1 sub x_0_3)) add 2),"0, 1, 4, 10, 21, 40, 72, 125, 212, 354, 585, 960, 1568, 2553, 4148, 6730, 10909, 17672, 28616, 46325, 74980, 121346, 196369, 317760, 514176, 831985, 1346212, 2178250, 3524517, 5702824, 9227400, 14930285, 24157748, 39088098, 63245913, 102334080, 165580064"
A081172,add add x_0_1 x_0_3 x_0_2,((x_0_1 add x_0_3) add x_0_2),"1, 1, 0, 2, 3, 5, 10, 18, 33, 61, 112, 206, 379, 697, 1282, 2358, 4337, 7977, 14672, 26986, 49635, 91293, 167914, 308842, 568049, 1044805, 1921696, 3534550, 6501051, 11957297, 21992898, 40451246, 74401441, 136845585, 251698272, 462945298, 851489155"
A140252,add mul x_0_2 INT+ 4 sub INT+ 4 sign x_0_3,((x_0_2 mul 4) add (4 sub sign(x_0_3))),"0, 1, 1, 7, 7, 31, 31, 127, 127, 511, 511, 2047, 2047, 8191, 8191, 32767, 32767, 131071, 131071, 524287, 524287, 2097151, 2097151, 8388607, 8388607, 33554431, 33554431, 134217727, 134217727, 536870911, 536870911"
A037495,add mul x_0_1 INT+ 1 0 mod sub x_0_2 x_0_1 INT+ 3,((x_0_1 mul 10) add ((x_0_2 sub x_0_1) mod 3)),"2, 21, 212, 2121, 21212, 212121, 2121212, 21212121, 212121212, 2121212121, 21212121212, 212121212121, 2121212121212, 21212121212121, 212121212121212, 2121212121212121"
A143101,add mod n INT- 3 add sign n add n x_0_1,((n mod -3) add (sign(n) add (n add x_0_1))),"1, 3, 7, 10, 15, 22, 28, 36, 46, 55, 66, 79, 91, 105, 121, 136, 153, 172, 190, 210, 232, 253, 276, 301, 325, 351, 379, 406, 435, 466, 496, 528, 562, 595, 630, 667, 703, 741, 781, 820, 861, 904, 946, 990, 1036, 1081, 1128, 1177, 1225, 1275, 1327, 1378, 1431"
A172481,sub mul INT+ 3 sub x_0_1 x_0_3 x_0_3,((3 mul (x_0_1 sub x_0_3)) sub x_0_3),"1, 2, 5, 11, 25, 55, 121, 263, 569, 1223, 2617, 5575, 11833, 25031, 52793, 111047, 233017, 487879, 1019449, 2126279, 4427321, 9204167, 19107385, 39612871, 82021945, 169636295, 350457401, 723284423, 1491308089, 3072094663, 6323146297, 13004206535, 26724240953"
A080860,sub mul add x_0_1 INT+ 1 0 INT+ 2 x_0_2,(((x_0_1 add 10) mul 2) sub x_0_2),"1, 16, 51, 106, 181, 276, 391, 526, 681, 856, 1051, 1266, 1501, 1756, 2031, 2326, 2641, 2976, 3331, 3706, 4101, 4516, 4951, 5406, 5881, 6376, 6891, 7426, 7981, 8556, 9151, 9766, 10401, 11056, 11731, 12426, 13141, 13876, 14631, 15406, 16201, 17016, 17851"
A079861,mul INT+ 4 sub x_0_1 x_0_2,(4 mul (x_0_1 sub x_0_2)),"10, 22, 48, 104, 224, 480, 1024, 2176, 4608, 9728, 20480, 43008, 90112, 188416, 393216, 819200, 1703936, 3538944, 7340032, 15204352, 31457280, 65011712, 134217728, 276824064, 570425344, 1174405120, 2415919104, 4966055936"
A092387,sub mul x_0_1 INT+ 3 sub x_0_2 INT- 2,((x_0_1 mul 3) sub (x_0_2 sub -2)),"5, 9, 20, 49, 125, 324, 845, 2209, 5780, 15129, 39605, 103684, 271445, 710649, 1860500, 4870849, 12752045, 33385284, 87403805, 228826129, 599074580, 1568397609, 4106118245, 10749957124, 28143753125, 73681302249, 192900153620"
A052101,mul INT+ 3 add x_0_1 sub x_0_3 x_0_2,(3 mul (x_0_1 add (x_0_3 sub x_0_2))),"1, 1, 1, 3, 9, 21, 45, 99, 225, 513, 1161, 2619, 5913, 13365, 30213, 68283, 154305, 348705, 788049, 1780947, 4024809, 9095733, 20555613, 46454067, 104982561, 237252321, 536171481, 1211705163, 2738358009, 6188472981, 13985460405"
A134493,sub mul INT+ 9 add x_0_1 x_0_1 x_0_2,((9 mul (x_0_1 add x_0_1)) sub x_0_2),"1, 13, 233, 4181, 75025, 1346269, 24157817, 433494437, 7778742049, 139583862445, 2504730781961, 44945570212853, 806515533049393, 14472334024676221, 259695496911122585, 4660046610375530309, 83621143489848422977, 1500520536206896083277, 26925748508234281076009"
A240926,sub mul x_0_1 INT+ 3 sub x_0_2 INT- 2,((x_0_1 mul 3) sub (x_0_2 sub -2)),"4, 5, 9, 20, 49, 125, 324, 845, 2209, 5780, 15129, 39605, 103684, 271445, 710649, 1860500, 4870849, 12752045, 33385284, 87403805, 228826129, 599074580, 1568397609, 4106118245, 10749957124, 28143753125, 73681302249, 192900153620, 505019158609"
A111394,mul x_0_1 add n idiv sub n sign n INT+ 2,(x_0_1 mul (n add ((n sub sign(n)) idiv 2))),"1, 2, 8, 40, 280, 2240, 22400, 246400, 3203200, 44844800, 717516800, 12197785600, 231757926400, 4635158528000, 101973487616000, 2345390215168000, 58634755379200000, 1524503639859200000, 42686101916057600000, 1237896955565670400000, 38374805622535782400000"
A109731,sub mul INT- 4 x_0_2 x_0_4,((-4 mul x_0_2) sub x_0_4),"1, -4, -6, 15, 23, -56, -86, 209, 321, -780, -1198, 2911, 4471, -10864, -16686, 40545, 62273, -151316, -232406, 564719, 867351, -2107560, -3236998, 7865521, 12080641, -29354524, -45085566, 109552575, 168261623, -408855776"
A278706,add x_0_3 add sub x_0_1 x_0_6 x_0_5,(x_0_3 add ((x_0_1 sub x_0_6) add x_0_5)),"1, 1, 1, 2, 3, 5, 7, 10, 16, 24, 36, 54, 81, 123, 185, 278, 419, 631, 951, 1432, 2156, 3248, 4892, 7368, 11097, 16713, 25173, 37914, 57103, 86005, 129535, 195098, 293844, 442568, 666568, 1003942, 1512073, 2277387, 3430053, 5166126, 7780887, 11719071, 17650511"
A118264,sub mul INT+ 3 x_0_1 idiv x_0_5 x_0_1,((3 mul x_0_1) sub (x_0_5 idiv x_0_1)),"1, 0, 3, 8, 24, 72, 216, 648, 1944, 5832, 17496, 52488, 157464, 472392, 1417176, 4251528, 12754584, 38263752, 114791256, 344373768, 1033121304, 3099363912, 9298091736, 27894275208, 83682825624, 251048476872, 753145430616"
A221374,add mul INT+ 4 sub x_0_1 sub x_0_2 x_0_1 INT- 1,((4 mul (x_0_1 sub (x_0_2 sub x_0_1))) add -1),"3, 19, 139, 1035, 7723, 57643, 430251, 3211435, 23970475, 178918059, 1335462571, 9968028331, 74402376363, 555346897579, 4145165675179, 30939937811115, 230938839788203, 1723750967061163, 12866252377336491, 96035015150447275"
A141495,mul x_0_1 sub INT+ 4 sign x_0_3,(x_0_1 mul (4 sub sign(x_0_3))),"1, 3, 7, 21, 63, 189, 567, 1701, 5103, 15309, 45927, 137781, 413343, 1240029, 3720087, 11160261, 33480783, 100442349, 301327047, 903981141, 2711943423, 8135830269, 24407490807, 73222472421, 219667417263, 659002251789"
A137447,mul INT+ 4 mul x_0_4 sign abs x_0_5,(4 mul (x_0_4 mul sign(abs(x_0_5)))),"-1, -4, 2, 12, -4, -16, 8, 48, -16, -64, 32, 192, -64, -256, 128, 768, -256, -1024, 512, 3072, -1024, -4096, 2048, 12288, -4096, -16384, 8192, 49152, -16384, -65536, 32768, 196608, -65536, -262144, 131072, 786432, -262144, -1048576, 524288, 3145728, -1048576"
A254474,add x_0_1 sub x_0_1 sub x_0_2 mul INT- 4 INT- 7,(x_0_1 add (x_0_1 sub (x_0_2 sub (-4 mul -7)))),"0, 1, 30, 87, 172, 285, 426, 595, 792, 1017, 1270, 1551, 1860, 2197, 2562, 2955, 3376, 3825, 4302, 4807, 5340, 5901, 6490, 7107, 7752, 8425, 9126, 9855, 10612, 11397, 12210, 13051, 13920, 14817, 15742, 16695, 17676, 18685, 19722, 20787, 21880"
A123684,sub mul x_0_2 INT+ 2 x_0_4,((x_0_2 mul 2) sub x_0_4),"1, 1, 4, 2, 7, 3, 10, 4, 13, 5, 16, 6, 19, 7, 22, 8, 25, 9, 28, 10, 31, 11, 34, 12, 37, 13, 40, 14, 43, 15, 46, 16, 49, 17, 52, 18, 55, 19, 58, 20, 61, 21, 64, 22, 67, 23, 70, 24, 73, 25, 76, 26, 79, 27, 82, 28, 85, 29, 88, 30, 91, 31, 94, 32, 97, 33, 100, 34, 103, 35, 106, 36"
A001464,sub mul x_0_2 sub INT+ 2 n x_0_1,((x_0_2 mul (2 sub n)) sub x_0_1),"1, -1, 0, 2, -2, -6, 16, 20, -132, -28, 1216, -936, -12440, 23672, 138048, -469456, -1601264, 9112560, 18108928, -182135008, -161934624, 3804634784, -404007680, -83297957568, 92590134208, 1906560847424, -4221314202624, -45349267830400, 159324751301248"
A052527,add x_0_1 add x_0_2 sub x_0_3 x_0_4,(x_0_1 add (x_0_2 add (x_0_3 sub x_0_4))),"1, 0, 1, 2, 2, 5, 8, 13, 24, 40, 69, 120, 205, 354, 610, 1049, 1808, 3113, 5360, 9232, 15897, 27376, 47145, 81186, 139810, 240765, 414616, 714005, 1229576, 2117432, 3646397, 6279400, 10813653, 18622018, 32068674, 55224945, 95101984"
A135431,sub add add x_0_1 x_0_2 x_0_3 x_0_4,(((x_0_1 add x_0_2) add x_0_3) sub x_0_4),"0, 1, 2, 3, 6, 10, 17, 30, 51, 88, 152, 261, 450, 775, 1334, 2298, 3957, 6814, 11735, 20208, 34800, 59929, 103202, 177723, 306054, 527050, 907625, 1563006, 2691627, 4635208, 7982216, 13746045, 23671842, 40764895, 70200566, 120891258, 208184877, 358511806"
A171389,add x_0_1 add x_0_1 sqr idiv INT- 9 mul INT+ 9 n,(x_0_1 add (x_0_1 add ((-9 idiv (9 mul n)))**2)),"20, 41, 83, 167, 335, 671, 1343, 2687, 5375, 10751, 21503, 43007, 86015, 172031, 344063, 688127, 1376255, 2752511, 5505023, 11010047, 22020095, 44040191, 88080383, 176160767, 352321535, 704643071, 1409286143, 2818572287"
A178543,sub mul INT+ 3 add x_0_1 x_0_3 x_0_2,((3 mul (x_0_1 add x_0_3)) sub x_0_2),"0, 1, 3, 8, 24, 73, 219, 656, 1968, 5905, 17715, 53144, 159432, 478297, 1434891, 4304672, 12914016, 38742049, 116226147, 348678440, 1046035320, 3138105961, 9414317883, 28242953648, 84728860944, 254186582833"
A005897,sub mul INT+ 6 sqr sub n sign x_0_1 INT- 2,((6 mul ((n sub sign(x_0_1)))**2) sub -2),"1, 8, 26, 56, 98, 152, 218, 296, 386, 488, 602, 728, 866, 1016, 1178, 1352, 1538, 1736, 1946, 2168, 2402, 2648, 2906, 3176, 3458, 3752, 4058, 4376, 4706, 5048, 5402, 5768, 6146, 6536, 6938, 7352, 7778, 8216, 8666, 9128, 9602, 10088, 10586"
A015524,sub mul x_0_1 INT+ 3 mul INT- 7 x_0_2,((x_0_1 mul 3) sub (-7 mul x_0_2)),"0, 1, 3, 16, 69, 319, 1440, 6553, 29739, 135088, 613437, 2785927, 12651840, 57457009, 260933907, 1185000784, 5381539701, 24439624591, 110989651680, 504046327177, 2289066543291, 10395523920112, 47210037563373"
A037513,add mul INT+ 4 x_0_1 mod add n sign n INT+ 3,((4 mul x_0_1) add ((n add sign(n)) mod 3)),"2, 8, 33, 134, 536, 2145, 8582, 34328, 137313, 549254, 2197016, 8788065, 35152262, 140609048, 562436193, 2249744774, 8998979096, 35995916385, 143983665542, 575934662168, 2303738648673, 9214954594694, 36859818378776"
A006527,sub mul add x_0_1 sub n INT+ 2 INT+ 2 x_0_2,(((x_0_1 add (n sub 2)) mul 2) sub x_0_2),"0, 1, 4, 11, 24, 45, 76, 119, 176, 249, 340, 451, 584, 741, 924, 1135, 1376, 1649, 1956, 2299, 2680, 3101, 3564, 4071, 4624, 5225, 5876, 6579, 7336, 8149, 9020, 9951, 10944, 12001, 13124, 14315, 15576, 16909, 18316, 19799, 21360, 23001, 24724"
A102206,sub mul x_0_1 INT+ 4 add x_0_2 INT+ 2,((x_0_1 mul 4) sub (x_0_2 add 2)),"3, 8, 27, 98, 363, 1352, 5043, 18818, 70227, 262088, 978123, 3650402, 13623483, 50843528, 189750627, 708158978, 2642885283, 9863382152, 36810643323, 137379191138, 512706121227, 1913445293768, 7141075053843, 26650854921602, 99462344632563, 371198523608648"
A179598,sub mul INT+ 3 x_0_1 mul INT- 8 x_0_2,((3 mul x_0_1) sub (-8 mul x_0_2)),"1, 5, 23, 109, 511, 2405, 11303, 53149, 249871, 1174805, 5523383, 25968589, 122092831, 574027205, 2698824263, 12688690429, 59656665391, 280479519605, 1318691881943, 6199911802669, 29149270463551, 137047105812005"
A263660,add x_0_2 mul x_0_2 sign x_0_6,(x_0_2 add (x_0_2 mul sign(x_0_6))),"1, 2, 4, 7, 8, 12, 16, 24, 32, 48, 64, 96, 128, 192, 256, 384, 512, 768, 1024, 1536, 2048, 3072, 4096, 6144, 8192, 12288, 16384, 24576, 32768, 49152, 65536, 98304, 131072, 196608, 262144, 393216, 524288, 786432, 1048576, 1572864, 2097152, 3145728"
A022026,mul INT+ 4 sub add x_0_1 x_0_1 x_0_2,(4 mul ((x_0_1 add x_0_1) sub x_0_2)),"2, 15, 112, 836, 6240, 46576, 347648, 2594880, 19368448, 144568064, 1079070720, 8054293504, 60118065152, 448727347200, 3349346516992, 24999862747136, 186601515909120, 1392812676284416, 10396095346638848, 77597512067973120, 579195715157229568"
A158879,add x_0_1 sub mul INT+ 4 sub x_0_1 x_0_2 INT+ 3,(x_0_1 add ((4 mul (x_0_1 sub x_0_2)) sub 3)),"1, 5, 18, 67, 260, 1029, 4102, 16391, 65544, 262153, 1048586, 4194315, 16777228, 67108877, 268435470, 1073741839, 4294967312, 17179869201, 68719476754, 274877906963, 1099511627796, 4398046511125, 17592186044438, 70368744177687"
A023652,add x_0_1 add x_0_2 mul INT+ 4 sub n sign x_0_2,(x_0_1 add (x_0_2 add (4 mul (n sub sign(x_0_2))))),"1, 5, 14, 31, 61, 112, 197, 337, 566, 939, 1545, 2528, 4121, 6701, 10878, 17639, 28581, 46288, 74941, 121305, 196326, 317715, 514129, 831936, 1346161, 2178197, 3524462, 5702767, 9227341, 14930224, 24157685, 39088033, 63245846, 102334011, 165579993, 267914144, 433494281, 701408573"
A122092,sub mul sub x_0_1 x_0_2 sub n INT+ 3 x_0_2,(((x_0_1 sub x_0_2) mul (n sub 3)) sub x_0_2),"1, 1, -1, -3, -3, 3, 27, 117, 513, 2655, 16623, 123057, 1047717, 10048203, 106958115, 1249780653, 15892557417, 218391870807, 3224096456823, 50878586091465, 854556716966733, 15219005900538627, 286434426954471147, 5680304836232044293, 118378714577152138065"
A079965,add add x_0_2 x_0_3 add x_0_5 x_0_6,((x_0_2 add x_0_3) add (x_0_5 add x_0_6)),"1, 0, 1, 1, 1, 3, 3, 5, 8, 10, 17, 24, 35, 54, 77, 116, 172, 252, 377, 555, 822, 1220, 1801, 2671, 3953, 5849, 8666, 12823, 18987, 28113, 41612, 61615, 91214, 135037, 199929, 295976, 438193, 648734, 960420, 1421893, 2105059, 3116482, 4613879, 6830695"
A321130,add add x_0_1 x_0_3 sign mod n x_0_6,((x_0_1 add x_0_3) add sign((n mod x_0_6))),"0, 1, 5, 7, 15, 18, 24"
A077409,sub mul INT+ 1 0 x_0_1 x_0_2,((10 mul x_0_1) sub x_0_2),"7, 59, 583, 5771, 57127, 565499, 5597863, 55413131, 548533447, 5429921339, 53750679943, 532076878091, 5267018100967, 52138104131579, 516114023214823, 5109002128016651, 50573907256951687, 500630070441500219, 4955726797158050503, 49056637901139004811"
A027649,sub mul sub x_0_1 x_0_2 INT+ 6 x_0_1,(((x_0_1 sub x_0_2) mul 6) sub x_0_1),"1, 4, 14, 46, 146, 454, 1394, 4246, 12866, 38854, 117074, 352246, 1058786, 3180454, 9549554, 28665046, 86027906, 258149254, 774578834, 2323998646, 6972520226, 20918609254, 62757924914, 188277969046"
A347501,add mul INT+ 5 x_0_1 idiv n x_0_2,((5 mul x_0_1) add (n idiv x_0_2)),"17, 81, 405, 2025, 10125, 50625, 253125, 1265625, 6328125, 31640625, 158203125, 791015625, 3955078125, 19775390625, 98876953125, 494384765625, 2471923828125, 12359619140625, 61798095703125, 308990478515625, 1544952392578125, 7724761962890625"
A167193,sub sub mul x_0_1 INT- 3 x_0_2 sub x_0_2 INT+ 2,(((x_0_1 mul -3) sub x_0_2) sub (x_0_2 sub 2)),"1, 0, 0, 2, -4, 10, -20, 42, -84, 170, -340, 682, -1364, 2730, -5460, 10922, -21844, 43690, -87380, 174762, -349524, 699050, -1398100, 2796202, -5592404, 11184810, -22369620, 44739242, -89478484, 178956970, -357913940, 715827882, -1431655764, 2863311530, -5726623060, 11453246122, -22906492244, 45812984490"
A163614,sub mul sub x_0_1 x_0_2 INT+ 6 x_0_2,(((x_0_1 sub x_0_2) mul 6) sub x_0_2),"1, 9, 47, 219, 985, 4377, 19367, 85563, 377809, 1667913, 7362815, 32501499, 143469289, 633305241, 2795546423, 12340141851, 54472026145, 240451163913, 1061402800463, 4685258655387, 20681732329081, 91293583386777"
A240001,add add x_0_1 sub x_0_1 sub x_0_2 sign n n,((x_0_1 add (x_0_1 sub (x_0_2 sub sign(n)))) add n),"5, 13, 25, 42, 65, 95, 133, 180, 237, 305, 385, 478, 585, 707, 845, 1000, 1173, 1365, 1577, 1810, 2065, 2343, 2645, 2972, 3325, 3705, 4113, 4550, 5017, 5515, 6045, 6608, 7205, 7837, 8505, 9210, 9953, 10735, 11557, 12420, 13325, 14273, 15265, 16302"
A020992,add x_0_1 add x_0_3 x_0_2,(x_0_1 add (x_0_3 add x_0_2)),"0, 2, 1, 3, 6, 10, 19, 35, 64, 118, 217, 399, 734, 1350, 2483, 4567, 8400, 15450, 28417, 52267, 96134, 176818, 325219, 598171, 1100208, 2023598, 3721977, 6845783, 12591358, 23159118, 42596259, 78346735, 144102112, 265045106, 487493953, 896641171, 1649180230"
A084377,add INT+ 7 mul sqr sub n sign n add n INT- 1,(7 add (((n sub sign(n)))**2 mul (n add -1))),"7, 8, 15, 34, 71, 132, 223, 350, 519, 736, 1007, 1338, 1735, 2204, 2751, 3382, 4103, 4920, 5839, 6866, 8007, 9268, 10655, 12174, 13831, 15632, 17583, 19690, 21959, 24396, 27007, 29798, 32775, 35944, 39311, 42882, 46663, 50660, 54879, 59326"
A097419,mul add x_0_1 sub x_0_1 sign n x_0_1,((x_0_1 add (x_0_1 sub sign(n))) mul x_0_1),"2, 6, 66, 8646, 149497986, 44699295486614406, 3996054033999333969062944766851266, 31936895685284700329548847429175178142518023225832967407199564754246"
A029548,sub mul mul x_0_1 INT+ 8 INT+ 4 x_0_2,(((x_0_1 mul 8) mul 4) sub x_0_2),"1, 32, 1023, 32704, 1045505, 33423456, 1068505087, 34158739328, 1092011153409, 34910198169760, 1116034330278911, 35678188370755392, 1140585993533893633, 36463073604713840864, 1165677769357309014015"
A101399,add add add x_0_1 x_0_3 x_0_2 x_0_2,(((x_0_1 add x_0_3) add x_0_2) add x_0_2),"1, 2, 5, 10, 22, 47, 101, 217, 466, 1001, 2150, 4618, 9919, 21305, 45761, 98290, 211117, 453458, 973982, 2092015, 4493437, 9651449, 20730338, 44526673, 95638798, 205422482, 441226751, 947710513, 2035586497, 4372234274"
A181890,add add INT- 1 0 x_0_1 mul n sqr INT- 4,((-10 add x_0_1) add (n mul (-4)**2)),"5, 27, 65, 119, 189, 275, 377, 495, 629, 779, 945, 1127, 1325, 1539, 1769, 2015, 2277, 2555, 2849, 3159, 3485, 3827, 4185, 4559, 4949, 5355, 5777, 6215, 6669, 7139, 7625, 8127, 8645, 9179, 9729, 10295, 10877"
A031744,add n sqr mul n sub sqr INT- 5 INT- 8,(n add ((n mul ((-5)**2 sub -8)))**2),"1090, 4358, 9804, 17428, 27230, 39210, 53368, 69704, 88218, 108910, 131780, 156828, 184054, 213458, 245040, 278800, 314738, 352854, 393148, 435620, 480270, 527098, 576104, 627288, 680650, 736190, 793908, 853804, 915878, 980130, 1046560, 1115168"
A098156,add mul INT+ 4 sub x_0_1 x_0_2 idiv INT+ 4 n,((4 mul (x_0_1 sub x_0_2)) add (4 idiv n)),"1, 2, 5, 13, 32, 76, 176, 400, 896, 1984, 4352, 9472, 20480, 44032, 94208, 200704, 425984, 901120, 1900544, 3997696, 8388608, 17563648, 36700160, 76546048, 159383552, 331350016, 687865856, 1426063360, 2952790016, 6106906624"
A123348,add mul x_0_1 INT+ 4 add x_0_2 x_0_2,((x_0_1 mul 4) add (x_0_2 add x_0_2)),"0, 3, 12, 54, 240, 1068, 4752, 21144, 94080, 418608, 1862592, 8287584, 36875520, 164077248, 730060032, 3248394624, 14453698560, 64311583488, 286153731072, 1273238091264, 5665259827200, 25207515491328, 112160581619712, 499057357461504, 2220550593085440, 9880317087264768, 43962369535229952"
A087035,add x_0_2 mul sub sqr n n INT+ 2,(x_0_2 add (((n)**2 sub n) mul 2)),"1, 4, 13, 28, 53, 88, 137, 200, 281, 380, 501, 644, 813, 1008, 1233, 1488, 1777, 2100, 2461, 2860, 3301, 3784, 4313, 4888, 5513, 6188, 6917, 7700, 8541, 9440, 10401, 11424, 12513, 13668, 14893, 16188, 17557, 19000, 20521, 22120, 23801"
A078621,add x_0_2 sub x_0_2 sign add n x_0_6,(x_0_2 add (x_0_2 sub sign((n add x_0_6)))),"1, 5, 9, 11, 13, 17, 25, 33, 49, 65, 97, 129, 193, 257, 385, 513, 769, 1025, 1537, 2049, 3073, 4097, 6145, 8193, 12289, 16385, 24577, 32769, 49153, 65537, 98305, 131073, 196609, 262145, 393217, 524289, 786433, 1048577, 1572865, 2097153, 3145729"
A036245,add x_0_2 mul mul x_0_1 n n,(x_0_2 add ((x_0_1 mul n) mul n)),"1, 4, 37, 596, 14937, 538328, 26393009, 1689690904, 136891356233, 13690825314204, 1656726754374917, 238582343455302252, 40322072770700455505, 7903364845400744581232, 1778297412287938231232705, 455252040910557587940153712, 131569618120563430852935655473"
A091270,add add add x_0_1 x_0_1 INT+ 3 mod mul n x_0_3 n,(((x_0_1 add x_0_1) add 3) add ((n mul x_0_3) mod n)),"0, 2, 5, 13, 29, 61, 125, 253, 509, 1021, 2045, 4093, 8189, 16381, 32765, 65533, 131069, 262141, 524285, 1048573, 2097149, 4194301, 8388605, 16777213, 33554429, 67108861, 134217725, 268435453, 536870909, 1073741821"
A111955,add mul x_0_2 INT+ 3 add x_0_1 x_0_3,((x_0_2 mul 3) add (x_0_1 add x_0_3)),"0, 1, 4, 7, 20, 45, 112, 267, 648, 1561, 3772, 9103, 21980, 53061, 128104, 309267, 746640, 1802545, 4351732, 10506007, 25363748, 61233501, 147830752, 356895003, 861620760, 2080136521, 5021893804, 12123924127, 29269742060, 70663408245"
A199804,sub x_0_2 sub x_0_1 x_0_5,(x_0_2 sub (x_0_1 sub x_0_5)),"1, -1, 1, -2, 3, -4, 6, -9, 13, -19, 28, -41, 60, -88, 129, -189, 277, -406, 595, -872, 1278, -1873, 2745, -4023, 5896, -8641, 12664, -18560, 27201, -39865, 58425, -85626, 125491, -183916, 269542, -395033, 578949, -848491, 1243524, -1822473, 2670964, -3914488, 5736961, -8407925, 12322413, -18059374, 26467299, -38789712, 56849086, -83316385"
A173574,add n add x_0_5 mul INT+ 7 n,(n add (x_0_5 add (7 mul n))),"1, 2, 3, 4, 5, 49"
A058895,sub sqr mul add n INT- 1 add n INT- 1 add n INT- 1,((((n add -1) mul (n add -1)))**2 sub (n add -1)),"0, 0, 14, 78, 252, 620, 1290, 2394, 4088, 6552, 9990, 14630, 20724, 28548, 38402, 50610, 65520, 83504, 104958, 130302, 159980, 194460, 234234, 279818, 331752, 390600, 456950, 531414, 614628, 707252, 809970, 923490, 1048544, 1185888, 1336302, 1500590, 1679580"
A195859,add sqr sqr sqr add INT- 1 n sub sign n n,(((((-1 add n))**2)**2)**2 add (sign(n) sub n)),"0, 0, 254, 6558, 65532, 390620, 1679610, 5764794, 16777208, 43046712, 99999990, 214358870, 429981684, 815730708, 1475789042, 2562890610, 4294967280, 6975757424, 11019960558, 16983563022, 25599999980, 37822859340, 54875873514, 78310985258, 110075314152"
A097064,mul INT+ 4 sub x_0_1 mul x_0_2 sign x_0_3,(4 mul (x_0_1 sub (x_0_2 mul sign(x_0_3)))),"1, 0, 2, 8, 24, 64, 160, 384, 896, 2048, 4608, 10240, 22528, 49152, 106496, 229376, 491520, 1048576, 2228224, 4718592, 9961472, 20971520, 44040192, 92274688, 192937984, 402653184, 838860800, 1744830464, 3623878656, 7516192768, 15569256448, 32212254720, 66571993088"
A239909,add x_0_1 sub add x_0_2 x_0_3 x_0_4,(x_0_1 add ((x_0_2 add x_0_3) sub x_0_4)),"1, 1, 2, 3, 5, 9, 15, 26, 45, 77, 133, 229, 394, 679, 1169, 2013, 3467, 5970, 10281, 17705, 30489, 52505, 90418, 155707, 268141, 461761, 795191, 1369386, 2358197, 4061013, 6993405, 12043229, 20739450, 35715071, 61504345, 105915637, 182395603, 314100514"
A180236,add x_0_2 x_0_4,(x_0_2 add x_0_4),"101, 10, 10, 101, 111, 111, 121, 212, 232, 323, 353, 535, 585, 858, 938, 1393, 1523, 2251, 2461, 3644, 3984, 5895, 6445, 9539, 10429, 15434, 16874, 24973, 27303, 40407, 44177, 65380, 71480, 105787, 115657, 171167, 187137, 276954, 302794, 448121, 489931"
A155155,sub mul INT+ 3 x_0_1 sub INT- 3 sign n,((3 mul x_0_1) sub (-3 sub sign(n))),"18, 58, 178, 538, 1618, 4858, 14578, 43738, 131218, 393658, 1180978, 3542938, 10628818, 31886458, 95659378, 286978138, 860934418, 2582803258, 7748409778, 23245229338, 69735688018, 209207064058, 627621192178, 1882863576538"
A152996,sub x_0_1 mul INT- 9 sub mul INT+ 4 n add INT+ 5 n,(x_0_1 sub (-9 mul ((4 mul n) sub (5 add n)))),"0, 9, 45, 108, 198, 315, 459, 630, 828, 1053, 1305, 1584, 1890, 2223, 2583, 2970, 3384, 3825, 4293, 4788, 5310, 5859, 6435, 7038, 7668, 8325, 9009, 9720, 10458, 11223, 12015, 12834, 13680, 14553, 15453, 16380, 17334, 18315, 19323"
A140322,add mul INT+ 4 sub x_0_1 x_0_3 x_0_2,((4 mul (x_0_1 sub x_0_3)) add x_0_2),"1, 2, 11, 42, 171, 682, 2731, 10922, 43691, 174762, 699051, 2796202, 11184811, 44739242, 178956971, 715827882, 2863311531, 11453246122, 45812984491, 183251937962, 733007751851, 2932031007402, 11728124029611, 46912496118442, 187649984473771, 750599937895082"
A078026,sub x_0_2 mul x_0_3 INT- 2,(x_0_2 sub (x_0_3 mul -2)),"1, -1, 1, 1, -1, 3, 1, 1, 7, 3, 9, 17, 15, 35, 49, 65, 119, 163, 249, 401, 575, 899, 1377, 2049, 3175, 4803, 7273, 11153, 16879, 25699, 39185, 59457, 90583, 137827, 209497, 318993, 485151, 737987, 1123137, 1708289, 2599111, 3954563, 6015689, 9152785, 13924815"
A294315,mul sqr add INT- 1 n add add add n n n INT- 2,(((-1 add n))**2 mul (((n add n) add n) add -2)),"0, 4, 28, 90, 208, 400, 684, 1078, 1600, 2268, 3100, 4114, 5328, 6760, 8428, 10350, 12544, 15028, 17820, 20938, 24400, 28224, 32428, 37030, 42048, 47500, 53404, 59778, 66640, 74008, 81900, 90334, 99328, 108900, 119068, 129850, 141264, 153328, 166060, 179478"
A036242,add x_0_2 mul x_0_1 add n n,(x_0_2 add (x_0_1 mul (n add n))),"1, 4, 25, 204, 2065, 24984, 351841, 5654440, 102131761, 2048289660, 45164504281, 1085996392404, 28281070706785, 792955976182384, 23816960356178305, 762935687373888144, 25963630331068375201, 935453627605835395380, 35573201479352813399641, 1423863512801718371381020"
A062267,mul INT+ 2 sub x_0_1 mul x_0_2 sub n INT+ 2,(2 mul (x_0_1 sub (x_0_2 mul (n sub 2)))),"1, 2, 2, -4, -20, -8, 184, 464, -1648, -10720, 8224, 230848, 280768, -4978816, -17257600, 104891648, 727511296, -1901510144, -28538404352, 11377556480, 1107214478336, 1759326697472, -42984354695168, -163379084079104"
A077979,sub mul x_0_2 INT- 2 add x_0_1 x_0_3,((x_0_2 mul -2) sub (x_0_1 add x_0_3)),"1, -1, -1, 2, 1, -4, 0, 7, -3, -11, 10, 15, -24, -16, 49, 7, -89, 26, 145, -108, -208, 279, 245, -595, -174, 1119, -176, -1888, 1121, 2831, -3185, -3598, 7137, 3244, -13920, 295, 24301, -10971, -37926, 35567, 51256, -84464, -53615, 171287, 20407, -309366, 97265, 501060, -386224, -713161"
A078033,sub mul x_0_3 INT- 2 x_0_2,((x_0_3 mul -2) sub x_0_2),"1, -1, -1, -1, 3, 3, -1, -9, -5, 11, 23, -1, -45, -45, 47, 135, 43, -229, -313, 143, 771, 483, -1057, -2025, 91, 4139, 3959, -4321, -12237, -3597, 20879, 28071, -13685, -69829, -42457, 97199, 182115, -12285, -376513, -351945, 401083, 1104971, 302807, -1907137, -2512749, 1301523, 6327023"
A249578,sub mul INT+ 4 x_0_3 x_0_6,((4 mul x_0_3) sub x_0_6),"0, 1, 0, 1, 2, 3, 4, 7, 12, 15, 26, 45, 56, 97, 168, 209, 362, 627, 780, 1351, 2340, 2911, 5042, 8733, 10864, 18817, 32592, 40545, 70226, 121635, 151316, 262087, 453948, 564719, 978122, 1694157, 2107560, 3650401, 6322680"
A058372,add add x_0_1 mul n sub INT+ 2 n sign n,((x_0_1 add (n mul (2 sub n))) add sign(n)),"2, 3, 1, -6, -20, -43, -77, -124, -186, -265, -363, -482, -624, -791, -985, -1208, -1462, -1749, -2071, -2430, -2828, -3267, -3749, -4276, -4850, -5473, -6147, -6874, -7656, -8495, -9393, -10352, -11374, -12461, -13615, -14838, -16132, -17499, -18941, -20460, -22058, -23737"
A079961,add add add x_0_1 x_0_3 x_0_6 x_0_4,(((x_0_1 add x_0_3) add x_0_6) add x_0_4),"1, 1, 1, 2, 4, 6, 10, 17, 28, 46, 77, 128, 212, 352, 585, 971, 1612, 2677, 4445, 7380, 12254, 20347, 33784, 56095, 93141, 154652, 256785, 426368, 707945, 1175477, 1951771, 3240736, 5380943, 8934559, 14835011, 24632167, 40899440, 67909746"
A099525,add x_0_1 add x_0_1 mul INT+ 3 x_0_3,(x_0_1 add (x_0_1 add (3 mul x_0_3))),"1, 2, 4, 11, 28, 68, 169, 422, 1048, 2603, 6472, 16088, 39985, 99386, 247036, 614027, 1526212, 3793532, 9429145, 23436926, 58254448, 144796331, 359903440, 894570224, 2223529441, 5526769202, 13737249076, 34145086475, 84870480556"
A108205,mul add n INT- 2 add add x_0_2 x_0_1 x_0_1,((n add -2) mul ((x_0_2 add x_0_1) add x_0_1)),"0, 1, 2, 10, 66, 568, 6010, 75528, 1099462, 18195616, 337416246, 6930281080, 156177762466, 3831429672144, 101647482387802, 2899769522268472, 88517797903871190, 2878965845280173632, 99389641303891713718"
A291016,mul INT+ 6 sub x_0_1 x_0_2,(6 mul (x_0_1 sub x_0_2)),"4, 19, 90, 426, 2016, 9540, 45144, 213624, 1010880, 4783536, 22635936, 107114400, 506870784, 2398538304, 11350005120, 53708800896, 254152774656, 1202663842560, 5691066407424, 26930415389184, 127436093890560, 603034071008256, 2853587862706176"
A077977,sub mul sub x_0_3 x_0_2 INT+ 2 x_0_1,(((x_0_3 sub x_0_2) mul 2) sub x_0_1),"1, -1, -1, 5, -5, -7, 27, -23, -45, 145, -101, -279, 771, -415, -1685, 4057, -1517, -9967, 21115, -4215, -57949, 108609, -1141, -331975, 551475, 110193, -1877093, 2759657, 1214915, -10488415, 13577899, 9828761, -57961389, 65459665, 70120635, -316962743, 307640803, 466525953"
A189734,add mul x_0_2 INT+ 5 add x_0_1 x_0_1,((x_0_2 mul 5) add (x_0_1 add x_0_1)),"2, 5, 20, 65, 230, 785, 2720, 9365, 32330, 111485, 384620, 1326665, 4576430, 15786185, 54454520, 187839965, 647952530, 2235104885, 7709972420, 26595469265, 91740800630, 316458947585, 1091621898320, 3765538534565, 12989186560730, 44806065794285"
A329772,sub mul INT+ 4 INT+ 4 x_0_2,((4 mul 4) sub x_0_2),"1, 10, 15, 6"
A308876,add n mul add n add n INT- 2 add x_0_1 INT- 1,(n add ((n add (n add -2)) mul (x_0_1 add -1))),"1, 2, 7, 40, 317, 3166, 37987, 531812, 8508985, 153161722, 3063234431, 67391157472, 1617387779317, 42052082262230, 1177458303342427, 35323749100272796, 1130359971208729457, 38432239021096801522, 1383560604759484854775, 52575302980860424481432"
A126392,sub mul INT+ 4 x_0_1 x_0_3,((4 mul x_0_1) sub x_0_3),"1, 5, 19, 75, 295, 1161, 4569, 17981, 70763, 278483, 1095951, 4313041, 16973681, 66798773, 262882051, 1034554523, 4071419319, 16022795225, 63056626377, 248155086189, 976597549531, 3843333571747, 15125179200799, 59524119253665"
A078034,mul sub x_0_2 x_0_3 INT- 2,((x_0_2 sub x_0_3) mul -2),"1, -1, -2, 4, 2, -12, 4, 28, -32, -48, 120, 32, -336, 176, 736, -1024, -1120, 3520, 192, -9280, 6656, 18944, -31872, -24576, 101632, -14592, -252416, 232448, 475648, -969728, -486400, 2890752, -966656, -6754304, 7714816, 11575296, -28938240, -7720960, 81027072, -42434560, -177496064"
A360513,sub mul INT+ 4 sub x_0_1 x_0_5 sign n,((4 mul (x_0_1 sub x_0_5)) sub sign(n)),"1, 1, 2, 5, 13, 47"
A145607,sub mul x_0_1 INT+ 8 add x_0_2 INT- 3,((x_0_1 mul 8) sub (x_0_2 add -3)),"0, 4, 35, 279, 2200, 17324, 136395, 1073839, 8454320, 66560724, 524031475, 4125691079, 32481497160, 255726286204, 2013328792475, 15850904053599, 124793903636320, 982500325036964, 7735208696659395, 60899169248238199"
A121892,mul sub n sign x_0_3 add x_0_1 x_0_1,((n sub sign(x_0_3)) mul (x_0_1 add x_0_1)),"1, 2, 4, 24, 192, 1920, 23040, 322560, 5160960, 92897280, 1857945600, 40874803200, 980995276800"
A113439,add x_0_4 add sub x_0_1 x_0_5 x_0_4,(x_0_4 add ((x_0_1 sub x_0_5) add x_0_4)),"1, 1, 1, 1, 2, 3, 4, 5, 8, 12, 17, 23, 34, 50, 72, 101, 146, 212, 306, 436, 627, 905, 1305, 1871, 2689, 3872, 5577, 8014, 11521, 16576, 23858, 34309, 49337, 70968, 102108, 146868, 211233, 303832, 437080, 628708, 904306, 1300737, 1871065, 2691401"
A041011,sub mul INT+ 6 x_0_2 x_0_4,((6 mul x_0_2) sub x_0_4),"1, 1, 5, 6, 29, 35, 169, 204, 985, 1189, 5741, 6930, 33461, 40391, 195025, 235416, 1136689, 1372105, 6625109, 7997214, 38613965, 46611179, 225058681, 271669860, 1311738121, 1583407981, 7645370045, 9228778026, 44560482149"
A108362,sub mul INT+ 3 x_0_2 x_0_4,((3 mul x_0_2) sub x_0_4),"1, 0, 2, 1, 5, 3, 13, 8, 34, 21, 89, 55, 233, 144, 610, 377, 1597, 987, 4181, 2584, 10946, 6765, 28657, 17711, 75025, 46368, 196418, 121393, 514229, 317811, 1346269, 832040, 3524578, 2178309, 9227465, 5702887, 24157817, 14930352, 63245986"
A190986,add mul INT+ 1 0 x_0_1 mul INT- 4 x_0_2,((10 mul x_0_1) add (-4 mul x_0_2)),"0, 1, 10, 96, 920, 8816, 84480, 809536, 7757440, 74336256, 712332800, 6825982976, 65410498560, 626801053696, 6006368542720, 57556481212416, 551539337953280, 5285167454683136, 50645517195018240, 485314502131449856, 4650562952534425600, 44564371516818456576"
A052542,add x_0_1 add x_0_1 mul x_0_2 sign x_0_3,(x_0_1 add (x_0_1 add (x_0_2 mul sign(x_0_3)))),"1, 2, 4, 10, 24, 58, 140, 338, 816, 1970, 4756, 11482, 27720, 66922, 161564, 390050, 941664, 2273378, 5488420, 13250218, 31988856, 77227930, 186444716, 450117362, 1086679440, 2623476242, 6333631924, 15290740090, 36915112104, 89120964298, 215157040700"
A185065,add add n sqr sqr sub n sign n sub n INT+ 2,((n add (((n sub sign(n)))**2)**2) add (n sub 2)),"0, 3, 20, 87, 264, 635, 1308, 2415, 4112, 6579, 10020, 14663, 20760, 28587, 38444, 50655, 65568, 83555, 105012, 130359, 160040, 194523, 234300, 279887, 331824, 390675, 457028, 531495, 614712, 707339, 810060, 923583, 1048640"
A002530,sub mul INT+ 4 x_0_2 x_0_4,((4 mul x_0_2) sub x_0_4),"0, 1, 1, 3, 4, 11, 15, 41, 56, 153, 209, 571, 780, 2131, 2911, 7953, 10864, 29681, 40545, 110771, 151316, 413403, 564719, 1542841, 2107560, 5757961, 7865521, 21489003, 29354524, 80198051, 109552575, 299303201, 408855776, 1117014753, 1525870529, 4168755811"
A094966,sub mul INT+ 3 x_0_2 x_0_4,((3 mul x_0_2) sub x_0_4),"0, 1, 1, 3, 3, 8, 8, 21, 21, 55, 55, 144, 144, 377, 377, 987, 987, 2584, 2584, 6765, 6765, 17711, 17711, 46368, 46368, 121393, 121393, 317811, 317811, 832040, 832040, 2178309, 2178309, 5702887, 5702887, 14930352, 14930352, 39088169, 39088169"
A083336,sub mul INT+ 4 x_0_2 x_0_4,((4 mul x_0_2) sub x_0_4),"3, 3, 9, 12, 33, 45, 123, 168, 459, 627, 1713, 2340, 6393, 8733, 23859, 32592, 89043, 121635, 332313, 453948, 1240209, 1694157, 4628523, 6322680, 17273883, 23596563, 64467009, 88063572, 240594153, 328657725, 897909603"
A077963,sub mul x_0_3 INT- 2 x_0_2,((x_0_3 mul -2) sub x_0_2),"1, 0, -1, -2, 1, 4, 3, -6, -11, 0, 23, 22, -23, -68, -21, 114, 157, -72, -385, -242, 529, 1012, -45, -2070, -1979, 2160, 6119, 1798, -10439, -14036, 6843, 34914, 21229, -48600, -91057, 6142, 188257, 175972, -200541, -552486, -151403, 953568, 1256375, -650762, -3163511, -1861988, 4465035"
A147600,sub mul INT+ 3 x_0_2 x_0_4,((3 mul x_0_2) sub x_0_4),"1, 0, 3, 0, 8, 0, 21, 0, 55, 0, 144, 0, 377, 0, 987, 0, 2584, 0, 6765, 0, 17711, 0, 46368, 0, 121393, 0, 317811, 0, 832040, 0, 2178309, 0, 5702887, 0, 14930352, 0, 39088169, 0, 102334155, 0, 267914296, 0, 701408733, 0, 1836311903, 0, 4807526976, 0"
A241976,sub mul INT+ 6 x_0_1 add x_0_2 INT- 6,((6 mul x_0_1) sub (x_0_2 add -6)),"0, 9, 60, 357, 2088, 12177, 70980, 413709, 2411280, 14053977, 81912588, 477421557, 2782616760, 16218279009, 94527057300, 550944064797, 3211137331488, 18715879924137, 109084142213340, 635788973355909, 3705649697922120, 21598109214176817, 125883005587138788"
A279230,add mul sub x_0_1 x_0_2 INT+ 2 n,(((x_0_1 sub x_0_2) mul 2) add n),"1, 4, 9, 14, 15, 8, -7, -22, -21, 12, 77, 142, 143, 16, -239, -494, -493, 20, 1045, 2070, 2071, 24, -4071, -8166, -8165, 28, 16413, 32798, 32799, 32, -65503, -131038, -131037, 36, 262181, 524326, 524327, 40, -1048535, -2097110, -2097109, 44, 4194349, 8388654, 8388655"
A347493,add x_0_1 add x_0_2 x_0_4,(x_0_1 add (x_0_2 add x_0_4)),"1, 0, 1, 1, 3, 4, 8, 13, 24, 41, 73, 127, 224, 392, 689, 1208, 2121, 3721, 6531, 11460, 20112, 35293, 61936, 108689, 190737, 334719, 587392, 1030800, 1808929, 3174448, 5570769, 9776017, 17155715, 30106180, 52832664, 92714861, 162703240, 285524281, 501060185, 879299327, 1543062752"
A156096,add mul x_0_2 INT+ 4 add x_0_3 x_0_3,((x_0_2 mul 4) add (x_0_3 add x_0_3)),"1, 1, 4, 6, 18, 32, 84, 164, 400, 824, 1928, 4096, 9360, 20240, 45632, 99680, 223008, 489984, 1091392, 2405952, 5345536, 11806592, 26194048, 57917440, 128389376, 284057856, 629392384, 1393010176, 3085685248, 6830825472, 15128761344"
A098152,add n mul add x_0_1 INT- 1 sub x_0_1 INT- 1,(n add ((x_0_1 add -1) mul (x_0_1 sub -1))),"0, 1, 3, 12, 148, 21909, 480004287, 230404115538378376, 53086056457022411804685755744397384, 2818129390158170901506703075470572449397357853477615482257305306043465"
A119016,add x_0_2 add x_0_2 x_0_4,(x_0_2 add (x_0_2 add x_0_4)),"1, 0, 1, 2, 3, 4, 7, 10, 17, 24, 41, 58, 99, 140, 239, 338, 577, 816, 1393, 1970, 3363, 4756, 8119, 11482, 19601, 27720, 47321, 66922, 114243, 161564, 275807, 390050, 665857, 941664, 1607521, 2273378, 3880899, 5488420, 9369319, 13250218, 22619537, 31988856"
A228208,sub mul INT+ 3 x_0_2 x_0_4,((3 mul x_0_2) sub x_0_4),"1, 2, 5, 7, 14, 19, 37, 50, 97, 131, 254, 343, 665, 898, 1741, 2351, 4558, 6155, 11933, 16114, 31241, 42187, 81790, 110447, 214129, 289154, 560597, 757015, 1467662, 1981891, 3842389, 5188658, 10059505, 13584083, 26336126, 35563591, 68948873, 93106690"
A135826,sub mul sqr INT- 4 sub INT+ 1 0 INT- 4 x_0_1,(((-4)**2 mul (10 sub -4)) sub x_0_1),"28, 196, 28, 196"
A164392,add add add x_0_1 x_0_2 sign n x_0_4,(((x_0_1 add x_0_2) add sign(n)) add x_0_4),"1, 2, 4, 8, 14, 25, 44, 78, 137, 241, 423, 743, 1304, 2289, 4017, 7050, 12372, 21712, 38102, 66865, 117340, 205918, 361361, 634145, 1112847, 1952911, 3427120, 6014177, 10554145, 18521234, 32502500, 57037912, 100094558, 175653705, 308250764, 540942382"
A099903,idiv mul sqr add sqr n n n INT+ 2,(((((n)**2 add n))**2 mul n) idiv 2),"2, 36, 216, 800, 2250, 5292, 10976, 20736, 36450, 60500, 95832, 146016, 215306, 308700, 432000, 591872, 795906, 1052676, 1371800, 1764000, 2241162, 2816396, 3504096, 4320000, 5281250, 6406452, 7715736, 9230816, 10975050, 12973500"
A053599,add add n n add x_0_2 add x_0_2 INT- 1,((n add n) add (x_0_2 add (x_0_2 add -1))),"1, 3, 7, 13, 23, 37, 59, 89, 135, 197, 291, 417, 607, 861, 1243, 1753, 2519, 3541, 5075, 7121, 10191, 14285, 20427, 28617, 40903, 57285, 81859, 114625, 163775, 229309, 327611, 458681, 655287, 917429, 1310643, 1834929, 2621359, 3669933, 5242795, 7339945"
A005918,sub mul INT+ 3 sqr sub n sign x_0_2 INT- 2,((3 mul ((n sub sign(x_0_2)))**2) sub -2),"1, 5, 14, 29, 50, 77, 110, 149, 194, 245, 302, 365, 434, 509, 590, 677, 770, 869, 974, 1085, 1202, 1325, 1454, 1589, 1730, 1877, 2030, 2189, 2354, 2525, 2702, 2885, 3074, 3269, 3470, 3677, 3890, 4109, 4334, 4565, 4802, 5045, 5294, 5549, 5810, 6077, 6350, 6629"
A085788,idiv mul sqr add sqr n n INT+ 3 add n n,(((((n)**2 add n))**2 mul 3) idiv (n add n)),"6, 27, 72, 150, 270, 441, 672, 972, 1350, 1815, 2376, 3042, 3822, 4725, 5760, 6936, 8262, 9747, 11400, 13230, 15246, 17457, 19872, 22500, 25350, 28431, 31752, 35322, 39150, 43245, 47616, 52272, 57222, 62475, 68040, 73926, 80142, 86697, 93600, 100860, 108486"
A027965,add x_0_1 add sub x_0_1 x_0_2 add n INT+ 1,(x_0_1 add ((x_0_1 sub x_0_2) add (n add 1))),"3, 7, 15, 28, 47, 73, 107, 150, 203, 267, 343, 432, 535, 653, 787, 938, 1107, 1295, 1503, 1732, 1983, 2257, 2555, 2878, 3227, 3603, 4007, 4440, 4903, 5397, 5923, 6482, 7075, 7703, 8367, 9068, 9807, 10585, 11403, 12262, 13163, 14107, 15095, 16128, 17207, 18333, 19507, 20730, 22003"
A024196,add mul sqr n add n add n sign n x_0_1,(((n)**2 mul (n add (n add sign(n)))) add x_0_1),"3, 23, 86, 230, 505, 973, 1708, 2796, 4335, 6435, 9218, 12818, 17381, 23065, 30040, 38488, 48603, 60591, 74670, 91070, 110033, 131813, 156676, 184900, 216775, 252603, 292698, 337386, 387005, 441905, 502448, 569008, 641971, 721735, 808710, 903318"
A263511,add sub x_0_1 sub x_0_3 x_0_2 INT+ 4,((x_0_1 sub (x_0_3 sub x_0_2)) add 4),"1, 3, 6, 12, 19, 29, 40, 54, 69, 87, 106, 128, 151, 177, 204, 234, 265, 299, 334, 372, 411, 453, 496, 542, 589, 639, 690, 744, 799, 857, 916, 978, 1041, 1107, 1174, 1244, 1315, 1389, 1464, 1542, 1621, 1703, 1786, 1872, 1959, 2049, 2140, 2234, 2329, 2427"
A132804,sub mul add x_0_1 x_0_2 INT+ 8 x_0_1,(((x_0_1 add x_0_2) mul 8) sub x_0_1),"0, 6, 42, 342, 2730, 21846, 174762, 1398102, 11184810, 89478486, 715827882, 5726623062, 45812984490, 366503875926, 2932031007402, 23456248059222, 187649984473770, 1501199875790166, 12009599006321322, 96076792050570582, 768614336404564650"
A254308,sub mul INT+ 4 x_0_3 x_0_6,((4 mul x_0_3) sub x_0_6),"0, 1, 1, 2, 3, 5, 8, 11, 19, 30, 41, 71, 112, 153, 265, 418, 571, 989, 1560, 2131, 3691, 5822, 7953, 13775, 21728, 29681, 51409, 81090, 110771, 191861, 302632, 413403, 716035, 1129438, 1542841, 2672279, 4215120, 5757961, 9973081, 15731042, 21489003, 37220045"
A060459,mul sqr sub n sqr n sub sqr n n,(((n sub (n)**2))**2 mul ((n)**2 sub n)),"0, 8, 216, 1728, 8000, 27000, 74088, 175616, 373248, 729000, 1331000, 2299968, 3796416, 6028568, 9261000, 13824000, 20123648, 28652616, 40001688, 54872000, 74088000, 98611128, 129554216, 168196608, 216000000, 274625000, 345948408"
A242604,mul sub mul n sqr n INT- 1 sub n sign n,(((n mul (n)**2) sub -1) mul (n sub sign(n))),"0, 9, 56, 195, 504, 1085, 2064, 3591, 5840, 9009, 13320, 19019, 26376, 35685, 47264, 61455, 78624, 99161, 123480, 152019, 185240, 223629, 267696, 317975, 375024, 439425, 511784, 592731, 682920, 783029, 893760, 1015839, 1150016, 1297065"
A063896,add mul add x_0_1 sign n x_0_2 x_0_1,(((x_0_1 add sign(n)) mul x_0_2) add x_0_1),"0, 1, 1, 3, 7, 31, 255, 8191, 2097151, 17179869183, 36028797018963967, 618970019642690137449562111, 22300745198530623141535718272648361505980415"
A275793,sub mul INT+ 6 x_0_1 x_0_2,((6 mul x_0_1) sub x_0_2),"9, 43, 249, 1451, 8457, 49291, 287289, 1674443, 9759369, 56881771, 331531257, 1932305771, 11262303369, 65641514443, 382586783289, 2229879185291, 12996688328457, 75750250785451, 441504816384249, 2573278647520043, 14998167068736009, 87415723764896011"
A140323,add mul INT+ 3 add x_0_1 x_0_2 x_0_2,((3 mul (x_0_1 add x_0_2)) add x_0_2),"1, 9, 31, 129, 511, 2049, 8191, 32769, 131071, 524289, 2097151, 8388609, 33554431, 134217729, 536870911, 2147483649, 8589934591, 34359738369, 137438953471, 549755813889, 2199023255551, 8796093022209, 35184372088831, 140737488355329, 562949953421311"
A165233,mul mul sub n INT+ 2 mul x_0_2 INT- 1 sub n sign n,(((n sub 2) mul (x_0_2 mul -1)) mul (n sub sign(n))),"1, 1, -2, -6, 24, 120, -720, -5040, 40320, 362880, -3628800, -39916800, 479001600, 6227020800, -87178291200, -1307674368000, 20922789888000, 355687428096000, -6402373705728000, -121645100408832000, 2432902008176640000"
A072263,sub mul x_0_1 INT+ 3 mul x_0_2 INT- 5,((x_0_1 mul 3) sub (x_0_2 mul -5)),"2, 3, 19, 72, 311, 1293, 5434, 22767, 95471, 400248, 1678099, 7035537, 29497106, 123669003, 518492539, 2173822632, 9113930591, 38210904933, 160202367754, 671661627927, 2815996722551, 11806298307288, 49498878534619, 207528127140297"
A052547,add x_0_2 add x_0_1 sub x_0_2 x_0_3,(x_0_2 add (x_0_1 add (x_0_2 sub x_0_3))),"1, 0, 2, 1, 5, 5, 14, 19, 42, 66, 131, 221, 417, 728, 1341, 2380, 4334, 7753, 14041, 25213, 45542, 81927, 147798, 266110, 479779, 864201, 1557649, 2806272, 5057369, 9112264, 16420730, 29587889, 53317085, 96072133, 173118414, 311945595, 562110290, 1012883066"
A355021,sub x_0_2 sub x_0_1 INT- 1,(x_0_2 sub (x_0_1 sub -1)),"1, -2, 2, -5, 6, -12, 17, -30, 46, -77, 122, -200, 321, -522, 842, -1365, 2206, -3572, 5777, -9350, 15126, -24477, 39602, -64080, 103681, -167762, 271442, -439205, 710646, -1149852, 1860497, -3010350, 4870846, -7881197, 12752042, -20633240, 33385281"
A180415,sub x_0_1 sub sub sub x_0_2 x_0_1 n INT- 2,(x_0_1 sub (((x_0_2 sub x_0_1) sub n) sub -2)),"1, 3, 6, 11, 19, 31, 48, 71, 101, 139, 186, 243, 311, 391, 484, 591, 713, 851, 1006, 1179, 1371, 1583, 1816, 2071, 2349, 2651, 2978, 3331, 3711, 4119, 4556, 5023, 5521, 6051, 6614, 7211, 7843, 8511, 9216, 9959, 10741, 11563, 12426, 13331, 14279, 15271, 16308"
A142474,add add add x_0_1 x_0_2 x_0_3 x_0_2,(((x_0_1 add x_0_2) add x_0_3) add x_0_2),"1, 0, 1, 2, 4, 9, 19, 41, 88, 189, 406, 872, 1873, 4023, 8641, 18560, 39865, 85626, 183916, 395033, 848491, 1822473, 3914488, 8407925, 18059374, 38789712, 83316385, 178955183, 384377665, 825604416, 1773314929, 3808901426, 8181135700, 17572253481, 37743426307"
A033304,add add x_0_1 sub x_0_1 x_0_3 x_0_2,((x_0_1 add (x_0_1 sub x_0_3)) add x_0_2),"2, 6, 11, 26, 57, 129, 289, 650, 1460, 3281, 7372, 16565, 37221, 83635, 187926, 422266, 948823, 2131986, 4790529, 10764221, 24186985, 54347662, 122118088, 274396853, 616564132, 1385407029, 3112981337, 6994805571, 15717185450"
A077945,mul INT+ 2 sub sub x_0_1 x_0_3 x_0_2,(2 mul ((x_0_1 sub x_0_3) sub x_0_2)),"1, 2, 2, -2, -12, -24, -20, 32, 152, 280, 192, -480, -1904, -3232, -1696, 6880, 23616, 36864, 12736, -95488, -290176, -414848, -58368, 1293312, 3533056, 4596224, -460288, -17179136, -42630144, -49981440, 19655680, 224534528, 509720576, 531060736, -406388736, -2894340096, -6038024192"
A037493,add mul INT+ 8 x_0_1 mod x_0_2 INT+ 8,((8 mul x_0_1) add (x_0_2 mod 8)),"2, 17, 138, 1105, 8842, 70737, 565898, 4527185, 36217482, 289739857, 2317918858, 18543350865, 148346806922, 1186774455377, 9494195643018, 75953565144145, 607628521153162, 4861028169225297"
A124479,add x_0_1 sub x_0_1 sub x_0_2 sqr n,(x_0_1 add (x_0_1 sub (x_0_2 sub (n)**2))),"0, 1, 11, 37, 88, 175, 311, 511, 792, 1173, 1675, 2321, 3136, 4147, 5383, 6875, 8656, 10761, 13227, 16093, 19400, 23191, 27511, 32407, 37928, 44125, 51051, 58761, 67312, 76763, 87175, 98611, 111136, 124817, 139723, 155925, 173496, 192511, 213047, 235183, 259000"
A052515,mul add x_0_1 sub n INT+ 2 mod INT+ 2 add n x_0_6,((x_0_1 add (n sub 2)) mul (2 mod (n add x_0_6))),"0, 0, 0, 0, 6, 20, 50, 112, 238, 492, 1002, 2024, 4070, 8164, 16354, 32736, 65502, 131036, 262106, 524248, 1048534, 2097108, 4194258, 8388560, 16777166, 33554380, 67108810, 134217672, 268435398, 536870852, 1073741762"
A141415,add x_0_1 mul INT+ 6 sub n sign x_0_4,(x_0_1 add (6 mul (n sub sign(x_0_4)))),"1, 0, 0, 2, 26"
A011826,add x_0_1 add sub x_0_1 x_0_2 add n INT- 2,(x_0_1 add ((x_0_1 sub x_0_2) add (n add -2))),"2, 3, 5, 9, 16, 27, 43, 65, 94, 131, 177, 233, 300, 379, 471, 577, 698, 835, 989, 1161, 1352, 1563, 1795, 2049, 2326, 2627, 2953, 3305, 3684, 4091, 4527, 4993, 5490, 6019, 6581, 7177, 7808, 8475, 9179, 9921, 10702, 11523, 12385, 13289"
A091307,add sub x_0_1 INT+ 4 mul x_0_1 sign x_0_2,((x_0_1 sub 4) add (x_0_1 mul sign(x_0_2))),"6, 28, 52, 100, 196, 388, 772, 1540, 3076, 6148, 12292, 24580, 49156, 98308, 196612, 393220, 786436, 1572868, 3145732, 6291460, 12582916, 25165828, 50331652, 100663300, 201326596, 402653188, 805306372, 1610612740, 3221225476"
A261343,add x_0_1 sub x_0_1 add x_0_2 mul INT- 8 INT+ 6,(x_0_1 add (x_0_1 sub (x_0_2 add (-8 mul 6)))),"0, 1, 50, 147, 292, 485, 726, 1015, 1352, 1737, 2170, 2651, 3180, 3757, 4382, 5055, 5776, 6545, 7362, 8227, 9140, 10101, 11110, 12167, 13272, 14425, 15626, 16875, 18172, 19517, 20910, 22351, 23840, 25377, 26962, 28595, 30276, 32005, 33782, 35607, 37480"
A163423,add mul x_0_2 sqr INT- 8 add x_0_1 x_0_1,((x_0_2 mul (-8)**2) add (x_0_1 add x_0_1)),"0, 3, 6, 204"
A140838,sub mul INT+ 3 mul n INT+ 3 x_0_4,((3 mul (n mul 3)) sub x_0_4),"1, 2, 4, 11, 44"
A089422,add x_0_1 mul idiv n sub n sign x_0_5 INT+ 2,(x_0_1 add ((n idiv (n sub sign(x_0_5))) mul 2)),"1, 1, 2, 3, 6, 8, 10, 12, 14, 16, 18, 20, 22, 24, 26, 28, 30, 32, 34, 36, 38"
A108732,add x_0_2 add x_0_2 idiv INT+ 1 0 x_0_1,(x_0_2 add (x_0_2 add (10 idiv x_0_1))),"22, 11, 44, 22, 88, 44, 176, 88, 352, 176, 704, 352, 1408, 704, 2816, 1408, 5632, 2816, 11264, 5632, 22528, 11264, 45056, 22528, 90112, 45056, 180224, 90112, 360448, 180224, 720896, 360448, 1441792, 720896"
A152174,mul INT- 2 sub x_0_1 add x_0_2 x_0_2,(-2 mul (x_0_1 sub (x_0_2 add x_0_2))),"1, -4, 12, -40, 128, -416, 1344, -4352, 14080, -45568, 147456, -477184, 1544192, -4997120, 16171008, -52330496, 169345024, -548012032, 1773404160, -5738856448, 18571329536, -60098084864, 194481487872, -629355315200"
A099463,sub x_0_2 sub mul x_0_1 INT- 3 x_0_3,(x_0_2 sub ((x_0_1 mul -3) sub x_0_3)),"0, 1, 2, 7, 24, 81, 274, 927, 3136, 10609, 35890, 121415, 410744, 1389537, 4700770, 15902591, 53798080, 181997601, 615693474, 2082876103, 7046319384, 23837527729, 80641778674, 272809183135, 922906855808, 3122171529233"
A123208,mul INT+ 2 sub x_0_2 idiv x_0_2 sub x_0_3 x_0_1,(2 mul (x_0_2 sub (x_0_2 idiv (x_0_3 sub x_0_1)))),"1, 3, 6, 8, 16, 18, 36, 38, 76, 78, 156, 158, 316, 318, 636, 638, 1276, 1278, 2556, 2558, 5116, 5118, 10236, 10238, 20476, 20478, 40956, 40958, 81916, 81918, 163836, 163838, 327676, 327678, 655356, 655358, 1310716, 1310718, 2621436, 2621438"
A303792,sub mul INT+ 4 sub x_0_1 x_0_5 INT- 2,((4 mul (x_0_1 sub x_0_5)) sub -2),"1, 1, 2, 5, 13, 50"
A242659,add n mul sqr sub n INT+ 2 add n INT- 2,(n add (((n sub 2))**2 mul (n add -2))),"0, 2, 4, 12, 32, 70, 132, 224, 352, 522, 740, 1012, 1344, 1742, 2212, 2760, 3392, 4114, 4932, 5852, 6880, 8022, 9284, 10672, 12192, 13850, 15652, 17604, 19712, 21982, 24420, 27032, 29824, 32802, 35972, 39340, 42912, 46694, 50692, 54912, 59360"
A262735,add add x_0_1 add x_0_2 sub x_0_2 sign n x_0_3,((x_0_1 add (x_0_2 add (x_0_2 sub sign(n)))) add x_0_3),"0, 1, 1, 2, 4, 8, 17, 36, 77, 165, 354, 760, 1632, 3505, 7528, 16169, 34729, 74594, 160220, 344136, 739169, 1587660, 3410133, 7324621, 15732546, 33791920, 72581632, 155898017, 334853200, 719230865, 1544835281, 3318150210, 7127051636, 15308187336"
A031772,add sqr mul n sub sqr INT- 7 INT+ 2 n,(((n mul ((-7)**2 sub 2)))**2 add n),"2210, 8838, 19884, 35348, 55230, 79530, 108248, 141384, 178938, 220910, 267300, 318108, 373334, 432978, 497040, 565520, 638418, 715734, 797468, 883620, 974190, 1069178, 1168584, 1272408, 1380650, 1493310, 1610388, 1731884, 1857798, 1988130"
A159694,mul INT+ 4 sub x_0_1 x_0_2,(4 mul (x_0_1 sub x_0_2)),"6, 13, 28, 60, 128, 272, 576, 1216, 2560, 5376, 11264, 23552, 49152, 102400, 212992, 442368, 917504, 1900544, 3932160, 8126464, 16777216, 34603008, 71303168, 146800640, 301989888, 620756992, 1275068416, 2617245696, 5368709120"
A159695,mul sub x_0_1 x_0_2 INT+ 4,((x_0_1 sub x_0_2) mul 4),"7, 15, 32, 68, 144, 304, 640, 1344, 2816, 5888, 12288, 25600, 53248, 110592, 229376, 475136, 983040, 2031616, 4194304, 8650752, 17825792, 36700160, 75497472, 155189248, 318767104, 654311424, 1342177280, 2751463424, 5637144576"
A152621,add mul x_0_2 INT- 6 mul INT+ 8 x_0_1,((x_0_2 mul -6) add (8 mul x_0_1)),"1, 2, 10, 68, 484, 3464, 24808, 177680, 1272592, 9114656, 65281696, 467565632, 3348834880, 23985285248, 171789272704, 1230402470144, 8812484124928, 63117458178560, 452064760678912, 3237813336359936, 23190118126806016"
A101622,add add add x_0_1 x_0_2 INT+ 5 x_0_2,(((x_0_1 add x_0_2) add 5) add x_0_2),"0, 1, 6, 13, 30, 61, 126, 253, 510, 1021, 2046, 4093, 8190, 16381, 32766, 65533, 131070, 262141, 524286, 1048573, 2097150, 4194301, 8388606, 16777213, 33554430, 67108861, 134217726, 268435453, 536870910, 1073741821, 2147483646, 4294967293, 8589934590"
A239351,mul x_0_5 add INT- 6 x_0_5,(x_0_5 mul (-6 add x_0_5)),"1, 1, 1, 4, 4, -5"
A052987,mul INT+ 2 add sub x_0_1 x_0_3 x_0_2,(2 mul ((x_0_1 sub x_0_3) add x_0_2)),"1, 2, 4, 10, 24, 60, 148, 368, 912, 2264, 5616, 13936, 34576, 85792, 212864, 528160, 1310464, 3251520, 8067648, 20017408, 49667072, 123233664, 305766656, 758666496, 1882398976, 4670597632, 11588660224, 28753717760, 71343560704"
A033486,sub mul n sub mul sqr n n n x_0_1,((n mul (((n)**2 mul n) sub n)) sub x_0_1),"0, 12, 60, 180, 420, 840, 1512, 2520, 3960, 5940, 8580, 12012, 16380, 21840, 28560, 36720, 46512, 58140, 71820, 87780, 106260, 127512, 151800, 179400, 210600, 245700, 285012, 328860, 377580, 431520, 491040, 556512, 628320, 706860, 792540, 885780, 987012"
A181946,add x_0_1 mul INT+ 4 sub n sign add n add n add n x_0_5,(x_0_1 add (4 mul (n sub sign((n add (n add (n add x_0_5))))))),"0, 1, 4, 11, 25, 45"
A098182,sub mul x_0_1 INT+ 3 sub x_0_2 x_0_3,((x_0_1 mul 3) sub (x_0_2 sub x_0_3)),"1, 1, 3, 9, 25, 69, 191, 529, 1465, 4057, 11235, 31113, 86161, 238605, 660767, 1829857, 5067409, 14033137, 38861859, 107619849, 298030825, 825334485, 2285592479, 6329473777, 17528163337, 48540608713, 134423136579"
A065220,add x_0_2 add add x_0_1 INT- 4 n,(x_0_2 add ((x_0_1 add -4) add n)),"0, 0, -1, -1, -1, 0, 2, 6, 13, 25, 45, 78, 132, 220, 363, 595, 971, 1580, 2566, 4162, 6745, 10925, 17689, 28634, 46344, 75000, 121367, 196391, 317783, 514200, 832010, 1346238, 2178277, 3524545, 5702853, 9227430, 14930316, 24157780, 39088131, 63245947, 102334115, 165580100, 267914254"
A168175,sub mul INT+ 4 x_0_1 mul INT+ 7 x_0_2,((4 mul x_0_1) sub (7 mul x_0_2)),"1, 4, 9, 8, -31, -180, -503, -752, 513, 7316, 25673, 51480, 26209, -255524, -1205559, -3033568, -3695359, 6453540, 51681673, 161551912, 284435937, 6880364, -1963530103, -7902282960, -17864421119, -16141703756, 60484132809"
A266981,sub add x_0_2 x_0_2 x_0_4,((x_0_2 add x_0_2) sub x_0_4),"1, 2, 2, 5, 3, 8, 4, 11, 5, 14, 6, 17, 7, 20, 8, 23, 9, 26, 10, 29, 11, 32, 12, 35, 13, 38, 14, 41, 15, 44, 16, 47, 17, 50, 18, 53, 19, 56, 20, 59, 21, 62, 22, 65, 23, 68, 24, 71, 25, 74, 26, 77, 27, 80, 28, 83, 29, 86, 30, 89, 31, 92, 32, 95, 33, 98, 34"
A228603,mul INT+ 4 add x_0_2 x_0_1,(4 mul (x_0_2 add x_0_1)),"9, 44, 212, 1024, 4944, 23872, 115264, 556544, 2687232, 12975104, 62649344, 302497792, 1460588544, 7052345344, 34051735552, 164416323584, 793872236544, 3833154240512, 18508105908224, 89365040594944, 431492586012672, 2083430506430464, 10059692369772544"
A235702,mul INT+ 5 idiv x_0_1 sign x_0_2,(5 mul (x_0_1 idiv sign(x_0_2))),"1, 24, 120, 600, 3000, 15000, 75000, 375000, 1875000, 9375000, 46875000, 234375000, 1171875000, 5859375000, 29296875000, 146484375000, 732421875000, 3662109375000, 18310546875000, 91552734375000, 457763671875000, 2288818359375000, 11444091796875000"
A022134,add add x_0_2 x_0_1 idiv n add mul n n n,((x_0_2 add x_0_1) add (n idiv ((n mul n) add n))),"4, 17, 21, 38, 59, 97, 156, 253, 409, 662, 1071, 1733, 2804, 4537, 7341, 11878, 19219, 31097, 50316, 81413, 131729, 213142, 344871, 558013, 902884, 1460897, 2363781, 3824678, 6188459, 10013137, 16201596"
A347556,add x_0_1 mul INT+ 4 sub n sign x_0_3,(x_0_1 add (4 mul (n sub sign(x_0_3)))),"3, 1, 5, 17"
A168235,sub mul n add mul n INT+ 7 INT+ 6 add n INT- 1,((n mul ((n mul 7) add 6)) sub (n add -1)),"13, 39, 79, 133, 201, 283, 379, 489, 613, 751, 903, 1069, 1249, 1443, 1651, 1873, 2109, 2359, 2623, 2901, 3193, 3499, 3819, 4153, 4501, 4863, 5239, 5629, 6033, 6451, 6883, 7329, 7789, 8263, 8751, 9253, 9769, 10299, 10843, 11401, 11973, 12559, 13159, 13773"
A259243,sub x_0_1 mul INT- 3 x_0_2,(x_0_1 sub (-3 mul x_0_2)),"9, 21, 48, 111, 255, 588, 1353, 3117, 7176, 16527, 38055, 87636, 201801, 464709, 1070112, 2464239, 5674575, 13067292, 30091017, 69292893, 159565944, 367444623, 846142455, 1948476324, 4486903689, 10332332661, 23793043728, 54790041711"
A262490,sub mul x_0_1 INT+ 6 sub x_0_2 INT+ 4,((x_0_1 mul 6) sub (x_0_2 sub 4)),"9, 57, 337, 1969, 11481, 66921, 390049, 2273377, 13250217, 77227929, 450117361, 2623476241, 15290740089, 89120964297, 519435045697, 3027489309889, 17645500813641, 102845515571961, 599427592618129, 3493720040136817, 20362892648202777, 118683635849079849"
A060453,add mul sqr n idiv sqr n INT+ 4 x_0_1,(((n)**2 mul ((n)**2 idiv 4)) add x_0_1),"0, 4, 22, 86, 236, 560, 1148, 2172, 3792, 6292, 9922, 15106, 22204, 31808, 44408, 60792, 81600, 107844, 140334, 180334, 228844, 287408, 357236, 440180, 537680, 651924, 784602, 938266, 1114876, 1317376, 1548016, 1810160, 2106368, 2440452"
A282702,sub x_0_2 mul INT- 3 x_0_1,(x_0_2 sub (-3 mul x_0_1)),"4, 11, 37, 122, 403, 1331, 4396, 14519, 47953, 158378, 523087, 1727639, 5706004, 18845651, 62242957, 205574522, 678966523, 2242474091, 7406388796, 24461640479, 80791310233, 266835571178, 881298023767, 2910729642479, 9613486951204, 31751190496091, 104867058439477, 346352365814522"
A125691,add mul x_0_2 INT+ 3 sub x_0_1 x_0_3,((x_0_2 mul 3) add (x_0_1 sub x_0_3)),"1, 1, 4, 6, 17, 31, 76, 152, 349, 729, 1624, 3462, 7605, 16367, 35720, 77216, 168009, 363937, 790748, 1714550, 3722857, 8075759, 17529780, 38034200, 82547781, 179120601, 388729744, 843543766, 1830612397, 3972513951, 8620807376, 18707736832, 40597645009, 88100048129"
A281238,sub mul INT+ 6 x_0_1 x_0_2,((6 mul x_0_1) sub x_0_2),"0, 768, 4608, 26880, 156672, 913152, 5322240, 31020288, 180799488, 1053776640, 6141860352, 35797385472, 208642452480, 1216057329408, 7087701523968, 41310151814400, 240773209362432, 1403329104360192, 8179201416798720, 47671879396432128, 277852074961794048"
A079962,add x_0_1 add add x_0_3 x_0_5 x_0_6,(x_0_1 add ((x_0_3 add x_0_5) add x_0_6)),"1, 1, 1, 2, 3, 5, 9, 14, 22, 36, 58, 94, 153, 247, 399, 646, 1045, 1691, 2737, 4428, 7164, 11592, 18756, 30348, 49105, 79453, 128557, 208010, 336567, 544577, 881145, 1425722, 2306866, 3732588, 6039454, 9772042, 15811497, 25583539, 41395035"
A282577,add mul x_0_2 INT+ 4 mod x_0_4 INT+ 2,((x_0_2 mul 4) add (x_0_4 mod 2)),"1, 0, 1, 0, 5, 0, 21, 0, 85, 0, 341, 0, 1365, 0, 5461, 0, 21845, 0, 87381, 0, 349525, 0, 1398101, 0, 5592405, 0, 22369621, 0, 89478485, 0, 357913941, 0, 1431655765, 0, 5726623061, 0, 22906492245, 0, 91625968981, 0, 366503875925, 0, 1466015503701, 0"
A137280,sub mul INT+ 3 x_0_1 mul INT- 7 x_0_2,((3 mul x_0_1) sub (-7 mul x_0_2)),"1, 10, 37, 181, 802, 3673, 16633, 75610, 343261, 1559053, 7079986, 32153329, 146019889, 663132970, 3011538133, 13676545189, 62110402498, 282067023817, 1280973888937, 5817390833530, 26418989723149, 119978705004157"
A158638,sub mul INT+ 6 mul INT+ 8 sqr sub n sign x_0_1 INT- 1,((6 mul (8 mul ((n sub sign(x_0_1)))**2)) sub -1),"1, 49, 193, 433, 769, 1201, 1729, 2353, 3073, 3889, 4801, 5809, 6913, 8113, 9409, 10801, 12289, 13873, 15553, 17329, 19201, 21169, 23233, 25393, 27649, 30001, 32449, 34993, 37633, 40369, 43201, 46129, 49153, 52273, 55489, 58801, 62209, 65713, 69313, 73009, 76801"
A055232,sub mul sub sqr n sub n sign n n x_0_1,((((n)**2 sub (n sub sign(n))) mul n) sub x_0_1),"1, 5, 16, 36, 69, 117, 184, 272, 385, 525, 696, 900, 1141, 1421, 1744, 2112, 2529, 2997, 3520, 4100, 4741, 5445, 6216, 7056, 7969, 8957, 10024, 11172, 12405, 13725, 15136, 16640, 18241, 19941, 21744, 23652, 25669, 27797, 30040, 32400, 34881, 37485, 40216, 43076"
A049664,sub mul INT+ 9 add x_0_1 x_0_1 add x_0_2 INT- 1,((9 mul (x_0_1 add x_0_1)) sub (x_0_2 add -1)),"0, 1, 19, 342, 6138, 110143, 1976437, 35465724, 636406596, 11419853005, 204920947495, 3677157201906, 65983908686814, 1184033199160747, 21246613676206633, 381255012972558648, 6841343619829849032, 122762930143964723929, 2202891398971535181691"
A190973,sub mul x_0_1 INT+ 7 mul x_0_2 INT+ 4,((x_0_1 mul 7) sub (x_0_2 mul 4)),"0, 1, 7, 45, 287, 1829, 11655, 74269, 473263, 3015765, 19217303, 122458061, 780337215, 4972528261, 31686348967, 201914329725, 1286654912207, 8198927066549, 52245869817015, 332925380452909, 2121494183902303, 13518757765504485, 86145327622922183"
A087168,sub mul INT- 3 add x_0_1 x_0_2 x_0_2,((-3 mul (x_0_1 add x_0_2)) sub x_0_2),"1, -1, -1, 7, -17, 23, -1, -89, 271, -457, 287, 967, -4049, 8279, -8641, -7193, 56143, -139657, 194399, -24569, -703889, 2209943, -3814273, 2603047, 7447951, -32756041, 68476319, -74404793, -50690897, 449691863, -1146312001, 1640168551, -335257649, -5554901257"
A153257,sub sub mul n sqr sub n INT+ 2 n sign n,(((n mul ((n sub 2))**2) sub n) sub sign(n)),"-1, -3, -1, 11, 39, 89, 167, 279, 431, 629, 879, 1187, 1559, 2001, 2519, 3119, 3807, 4589, 5471, 6459, 7559, 8777, 10119, 11591, 13199, 14949, 16847, 18899, 21111, 23489, 26039, 28767, 31679, 34781, 38079, 41579, 45287, 49209, 53351, 57719"
A229147,mul sqr sqr add n INT- 1 add add n n add n INT- 1,((((n add -1))**2)**2 mul ((n add n) add (n add -1))),"0, 5, 128, 891, 3584, 10625, 25920, 55223, 106496, 190269, 320000, 512435, 787968, 1171001, 1690304, 2379375, 3276800, 4426613, 5878656, 7688939, 9920000, 12641265, 15929408, 19868711, 24551424, 30078125, 36558080, 44109603, 52860416, 62948009, 74520000"
A153465,add mul INT+ 4 x_0_1 INT+ 6,((4 mul x_0_1) add 6),"34, 142, 574, 2302, 9214, 36862, 147454, 589822, 2359294, 9437182, 37748734, 150994942, 603979774, 2415919102, 9663676414, 38654705662, 154618822654, 618475290622, 2473901162494, 9895604649982, 39582418599934, 158329674399742, 633318697598974, 2533274790395902"
A090018,sub mul INT+ 6 x_0_1 mul INT- 3 x_0_2,((6 mul x_0_1) sub (-3 mul x_0_2)),"1, 6, 39, 252, 1629, 10530, 68067, 439992, 2844153, 18384894, 118841823, 768205620, 4965759189, 32099171994, 207492309531, 1341251373168, 8669985167601, 56043665125110, 362271946253463, 2341762672896108"
A048591,add x_0_1 sub x_0_3 mod INT+ 4 add n x_0_6,(x_0_1 add (x_0_3 sub (4 mod (n add x_0_6)))),"8, 10, 13, 17, 23, 32, 45, 64, 92, 133, 193, 281, 410, 599, 876, 1282, 1877, 2749, 4027, 5900, 8645, 12668, 18564, 27205, 39869, 58429, 85630, 125495, 183920, 269546, 395037, 578953, 848495, 1243528, 1822477, 2670968, 3914492, 5736965, 8407929, 12322417, 18059378"
A048589,sub add x_0_1 x_0_3 mod INT+ 3 add n x_0_6,((x_0_1 add x_0_3) sub (3 mod (n add x_0_6))),"7, 9, 12, 16, 22, 31, 44, 63, 91, 132, 192, 280, 409, 598, 875, 1281, 1876, 2748, 4026, 5899, 8644, 12667, 18563, 27204, 39868, 58428, 85629, 125494, 183919, 269545, 395036, 578952, 848494, 1243527, 1822476, 2670967, 3914491, 5736964, 8407928, 12322416, 18059377"
A070876,sub mul x_0_2 INT+ 3 x_0_2 INT- 4,((x_0_2 mul 3) sub x_0_2),"9, 15, 18, 30, 36, 60, 72, 120, 144, 240, 288, 480, 576, 960, 1152, 1920, 2304, 3840, 4608, 7680, 9216, 15360, 18432, 30720, 36864, 61440, 73728, 122880, 147456, 245760, 294912, 491520, 589824, 983040, 1179648, 1966080, 2359296, 3932160"
A259751,sub x_0_1 sub INT- 8 mul INT- 8 mod n INT- 2,(x_0_1 sub (-8 sub (-8 mul (n mod -2)))),"8, 16, 32, 40, 56, 64, 80, 88, 104, 112, 128, 136, 152, 160, 176, 184, 200, 208, 224, 232, 248, 256, 272, 280, 296, 304, 320, 328, 344, 352, 368, 376, 392, 400, 416, 424, 440, 448, 464, 472, 488, 496, 512, 520, 536, 544, 560, 568, 584, 592, 608, 616, 632"
A005902,add x_0_1 add INT+ 2 mul INT+ 1 0 sqr sub n sign x_0_1,(x_0_1 add (2 add (10 mul ((n sub sign(x_0_1)))**2))),"1, 13, 55, 147, 309, 561, 923, 1415, 2057, 2869, 3871, 5083, 6525, 8217, 10179, 12431, 14993, 17885, 21127, 24739, 28741, 33153, 37995, 43287, 49049, 55301, 62063, 69355, 77197, 85609, 94611, 104223, 114465, 125357, 136919, 149171, 162133, 175825, 190267, 205479"
A089693,mul INT+ 2 mul x_0_2 sign x_0_6,(2 mul (x_0_2 mul sign(x_0_6))),"1, 3, 10, 20, 30, 40, 60, 80, 120, 160, 240, 320, 480, 640, 960, 1280, 1920, 2560, 3840, 5120, 7680, 10240, 15360, 20480, 30720, 40960, 61440, 81920, 122880, 163840, 245760, 327680, 491520, 655360, 983040"
A270889,sub mul INT+ 6 x_0_1 sub x_0_2 INT- 6,((6 mul x_0_1) sub (x_0_2 sub -6)),"3, 6, 27, 150, 867, 5046, 29403, 171366, 998787, 5821350, 33929307, 197754486, 1152597603, 6717831126, 39154389147, 228208503750, 1330096633347, 7752371296326, 45184131144603, 263352415571286, 1534930362283107, 8946229758127350, 52142448186480987, 303908459360758566, 1771308307978070403"
A255630,add x_0_1 sub x_0_1 mul INT- 3 x_0_3,(x_0_1 add (x_0_1 sub (-3 mul x_0_3))),"1, 2, 5, 13, 32, 79, 197, 490, 1217, 3025, 7520, 18691, 46457, 115474, 287021, 713413, 1773248, 4407559, 10955357, 27230458, 67683593, 168233257, 418157888, 1039366555, 2583432881, 6421339426, 15960778517, 39671855677, 98607729632"
A212703,idiv mul x_0_1 mul n INT+ 9 sub n sign n,((x_0_1 mul (n mul 9)) idiv (n sub sign(n))),"8, 144, 1944, 23328, 262440, 2834352, 29760696, 306110016, 3099363912, 30993639120, 306837027288, 3012581722464, 29372671794024, 284688972772848, 2745215094595320, 26354064908115072, 252010745683850376, 2401514164751985936, 22814384565143866392"
A053765,idiv sqr mul INT+ 4 x_0_1 x_0_2,(((4 mul x_0_1))**2 idiv x_0_2),"1, 1, 16, 4096, 16777216, 1099511627776, 1152921504606846976, 19342813113834066795298816, 5192296858534827628530496329220096, 22300745198530623141535718272648361505980416"
A185691,add x_0_1 x_0_2,(x_0_1 add x_0_2),"10, 21, 31, 52, 83, 135, 218, 353, 571, 924, 1495, 2419, 3914, 6333, 10247, 16580, 26827, 43407, 70234, 113641, 183875, 297516, 481391, 778907, 1260298, 2039205, 3299503, 5338708, 8638211, 13976919, 22615130, 36592049, 59207179, 95799228"
A143642,sub mul x_0_3 INT+ 4 x_0_6,((x_0_3 mul 4) sub x_0_6),"1, 2, 3, 5, 7, 12, 19, 26, 45, 71, 97, 168, 265, 362, 627, 989, 1351, 2340, 3691, 5042, 8733, 13775, 18817, 32592, 51409, 70226, 121635, 191861, 262087, 453948, 716035, 978122, 1694157, 2672279, 3650401, 6322680, 9973081, 13623482, 23596563, 37220045"
A157726,sub add x_0_1 x_0_1 x_0_3,((x_0_1 add x_0_1) sub x_0_3),"3, 4, 4, 5, 6, 8, 11, 16, 24, 37, 58, 92, 147, 236, 380, 613, 990, 1600, 2587, 4184, 6768, 10949, 17714, 28660, 46371, 75028, 121396, 196421, 317814, 514232, 832043, 1346272, 2178312, 3524581, 5702890, 9227468, 14930355, 24157820, 39088172, 63245989, 102334158"
A160572,mul INT+ 2 add x_0_2 x_0_4,(2 mul (x_0_2 add x_0_4)),"1, 0, 1, 1, 4, 2, 10, 6, 28, 16, 76, 44, 208, 120, 568, 328, 1552, 896, 4240, 2448, 11584, 6688, 31648, 18272, 86464, 49920, 236224, 136384, 645376, 372608, 1763200, 1017984, 4817152, 2781184, 13160704, 7598336, 35955712, 20759040, 98232832"
A155117,mul INT+ 4 add x_0_1 mul x_0_2 sign x_0_3,(4 mul (x_0_1 add (x_0_2 mul sign(x_0_3)))),"1, 3, 15, 72, 348, 1680, 8112, 39168, 189120, 913152, 4409088, 21288960, 102792192, 496324608, 2396467200, 11571167232, 55870537728, 269766819840, 1302549430272, 6289265000448, 30367257722880, 146626090893312"
A122026,add x_0_1 sub x_0_1 x_0_6,(x_0_1 add (x_0_1 sub x_0_6)),"0, 1, 2, 4, 8, 14, 28"
A240607,add add add x_0_2 x_0_2 x_0_3 x_0_4,(((x_0_2 add x_0_2) add x_0_3) add x_0_4),"0, 0, 0, 1, 0, 2, 1, 5, 4, 13, 14, 35, 45, 97, 139, 274, 420, 784, 1253, 2262, 3710, 6561, 10935, 19094, 32141, 55684, 94311, 162603, 276447, 475201, 809808, 1389452, 2371264, 4063913, 6941788, 11888542, 20318753, 34782785, 59467836, 101772865, 174037210"
A163815,mul add n mul INT+ 2 sqr n sub n sign n,((n add (2 mul (n)**2)) mul (n sub sign(n))),"0, 10, 42, 108, 220, 390, 630, 952, 1368, 1890, 2530, 3300, 4212, 5278, 6510, 7920, 9520, 11322, 13338, 15580, 18060, 20790, 23782, 27048, 30600, 34450, 38610, 43092, 47908, 53070, 58590, 64480, 70752, 77418, 84490, 91980, 99900, 108262, 117078, 126360, 136120"
A033130,sub mul INT+ 3 x_0_1 idiv mod n INT- 3 n,((3 mul x_0_1) sub ((n mod -3) idiv n)),"1, 4, 12, 37, 112, 336, 1009, 3028, 9084, 27253, 81760, 245280, 735841, 2207524, 6622572, 19867717, 59603152, 178809456, 536428369, 1609285108, 4827855324, 14483565973, 43450697920, 130352093760, 391056281281, 1173168843844, 3519506531532, 10558519594597"
A197602,add mul n add INT+ 3 mul n n idiv idiv INT+ 1 0 mul n n add n x_0_5,((n mul (3 add (n mul n))) add ((10 idiv (n mul n)) idiv (n add x_0_5))),"8, 15, 37, 76, 140, 234, 364, 536, 756, 1030, 1364, 1764, 2236, 2786, 3420, 4144, 4964, 5886, 6916, 8060, 9324, 10714, 12236, 13896, 15700, 17654, 19764, 22036, 24476, 27090, 29884, 32864, 36036, 39406, 42980, 46764, 50764, 54986, 59436, 64120, 69044, 74214, 79636, 85316, 91260, 97474, 103964, 110736, 117796, 125150"
A123972,sub mul sqr add n INT- 2 n add n INT- 1,((((n add -2))**2 mul n) sub (n add -1)),"1, -1, 1, 13, 41, 91, 169, 281, 433, 631, 881, 1189, 1561, 2003, 2521, 3121, 3809, 4591, 5473, 6461, 7561, 8779, 10121, 11593, 13201, 14951, 16849, 18901, 21113, 23491, 26041, 28769, 31681, 34783, 38081, 41581, 45289, 49211, 53353, 57721, 62321, 67159, 72241"
A193250,add mul n sqr sub mul n INT+ 4 INT+ 3 add n INT- 1,((n mul (((n mul 4) sub 3))**2) add (n add -1)),"1, 51, 245, 679, 1449, 2651, 4381, 6735, 9809, 13699, 18501, 24311, 31225, 39339, 48749, 59551, 71841, 85715, 101269, 118599, 137801, 158971, 182205, 207599, 235249, 265251, 297701, 332695, 370329, 410699, 453901, 500031, 549185, 601459, 656949, 715751"
A098184,add mul x_0_1 INT+ 3 add x_0_3 x_0_2,((x_0_1 mul 3) add (x_0_3 add x_0_2)),"1, 1, 5, 17, 57, 193, 653, 2209, 7473, 25281, 85525, 289329, 978793, 3311233, 11201821, 37895489, 128199521, 433695873, 1467182629, 4963443281, 16791208345, 56804250945, 192167404461, 650097672673, 2199264673425"
A213190,add mul x_0_2 INT+ 3 mul x_0_1 sub n sign n,((x_0_2 mul 3) add (x_0_1 mul (n sub sign(n)))),"1, 1, 5, 18, 87, 489, 3195, 23832, 200241, 1873665, 19337373, 218332098, 2677997295, 35468961129, 504599447691, 7675398598752, 124320175923105, 2136469186489041, 38829405884572053, 744168119366336130, 14999850604980438759, 317229367062688222329"
A163069,add x_0_1 sub x_0_1 mul INT- 4 x_0_2,(x_0_1 add (x_0_1 sub (-4 mul x_0_2))),"4, 9, 34, 104, 344, 1104, 3584, 11584, 37504, 121344, 392704, 1270784, 4112384, 13307904, 43065344, 139362304, 450985984, 1459421184, 4722786304, 15283257344, 49457659904, 160048349184, 517927337984, 1676048072704"
A246313,sub mul INT+ 3 add x_0_1 x_0_2 x_0_2,((3 mul (x_0_1 add x_0_2)) sub x_0_2),"-1, 3, 7, 27, 95, 339, 1207, 4299, 15311, 54531, 194215, 691707, 2463551, 8774067, 31249303, 111296043, 396386735, 1411752291, 5028030343, 17907595611, 63778847519, 227151733779, 809012896375, 2881342156683, 10262052262799, 36548841101763, 130170627830887, 463609565696187, 1651169952750335"
A018910,sub add x_0_1 x_0_2 INT+ 2,((x_0_1 add x_0_2) sub 2),"4, 5, 7, 10, 15, 23, 36, 57, 91, 146, 235, 379, 612, 989, 1599, 2586, 4183, 6767, 10948, 17713, 28659, 46370, 75027, 121395, 196420, 317813, 514231, 832042, 1346271, 2178311, 3524580, 5702889, 9227467, 14930354, 24157819, 39088171, 63245988, 102334157, 165580143"
A273182,sub mul INT+ 6 x_0_1 x_0_2,((6 mul x_0_1) sub x_0_2),"14, 84, 490, 2856, 16646, 97020, 565474, 3295824, 19209470, 111960996, 652556506, 3803378040, 22167711734, 129202892364, 753049642450, 4389094962336, 25581520131566, 149100025827060, 869018634830794, 5065011783157704, 29521052064115430, 172061300601534876"
A077442,sub mul INT+ 6 x_0_2 x_0_4,((6 mul x_0_2) sub x_0_4),"1, 3, 9, 19, 53, 111, 309, 647, 1801, 3771, 10497, 21979, 61181, 128103, 356589, 746639, 2078353, 4351731, 12113529, 25363747, 70602821, 147830751, 411503397, 861620759, 2398417561, 5021893803, 13979001969, 29269742059, 81475594253"
A092831,add mul x_0_2 INT+ 4 sub x_0_1 n,((x_0_2 mul 4) add (x_0_1 sub n)),"2, 7, 12, 36"
A287381,add x_0_1 add x_0_2 sub x_0_2 x_0_3,(x_0_1 add (x_0_2 add (x_0_2 sub x_0_3))),"2, 4, 7, 13, 23, 42, 75, 136, 244, 441, 793, 1431, 2576, 4645, 8366, 15080, 27167, 48961, 88215, 158970, 286439, 516164, 930072, 1675961, 3019941, 5441791, 9805712, 17669353, 31838986, 57371980, 103380599, 186285573, 335674791, 604865338, 1089929347"
A295686,add add x_0_1 x_0_3 x_0_4,((x_0_1 add x_0_3) add x_0_4),"2, 1, 2, 1, 4, 7, 10, 15, 26, 43, 68, 109, 178, 289, 466, 753, 1220, 1975, 3194, 5167, 8362, 13531, 21892, 35421, 57314, 92737, 150050, 242785, 392836, 635623, 1028458, 1664079, 2692538, 4356619, 7049156, 11405773, 18454930, 29860705, 48315634, 78176337"
A052951,mul INT+ 4 sub x_0_1 mul x_0_2 sign x_0_3,(4 mul (x_0_1 sub (x_0_2 mul sign(x_0_3)))),"1, 5, 14, 36, 88, 208, 480, 1088, 2432, 5376, 11776, 25600, 55296, 118784, 253952, 540672, 1146880, 2424832, 5111808, 10747904, 22544384, 47185920, 98566144, 205520896, 427819008, 889192448, 1845493760, 3825205248, 7918845952"
A261893,add n add mul n sub sqr n n sub n sign n,(n add ((n mul ((n)**2 sub n)) add (n sub sign(n)))),"1, 7, 23, 55, 109, 191, 307, 463, 665, 919, 1231, 1607, 2053, 2575, 3179, 3871, 4657, 5543, 6535, 7639, 8861, 10207, 11683, 13295, 15049, 16951, 19007, 21223, 23605, 26159, 28891, 31807, 34913, 38215, 41719, 45431, 49357, 53503, 57875, 62479, 67321, 72407"
A097076,add mul x_0_2 INT+ 3 add x_0_1 x_0_3,((x_0_2 mul 3) add (x_0_1 add x_0_3)),"0, 1, 1, 4, 8, 21, 49, 120, 288, 697, 1681, 4060, 9800, 23661, 57121, 137904, 332928, 803761, 1940449, 4684660, 11309768, 27304197, 65918161, 159140520, 384199200, 927538921, 2239277041, 5406093004, 13051463048, 31509019101, 76069501249, 183648021600"
A158393,sub mul sqr sub sqr INT- 6 INT+ 1 0 n sign n,(((((-6)**2 sub 10))**2 mul n) sub sign(n)),"675, 1351, 2027, 2703, 3379, 4055, 4731, 5407, 6083, 6759, 7435, 8111, 8787, 9463, 10139, 10815, 11491, 12167, 12843, 13519, 14195, 14871, 15547, 16223, 16899, 17575, 18251, 18927, 19603, 20279, 20955, 21631, 22307, 22983, 23659, 24335"
A117647,add mul x_0_2 INT+ 4 x_0_4,((x_0_2 mul 4) add x_0_4),"0, 1, 2, 5, 8, 21, 34, 89, 144, 377, 610, 1597, 2584, 6765, 10946, 28657, 46368, 121393, 196418, 514229, 832040, 2178309, 3524578, 9227465, 14930352, 39088169, 63245986, 165580141, 267914296, 701408733"
A212133,add mul INT+ 6 sqr sub n INT+ 2 add x_0_1 sign x_0_1,((6 mul ((n sub 2))**2) add (x_0_1 add sign(x_0_1))),"0, 1, 8, 33, 88, 185, 336, 553, 848, 1233, 1720, 2321, 3048, 3913, 4928, 6105, 7456, 8993, 10728, 12673, 14840, 17241, 19888, 22793, 25968, 29425, 33176, 37233, 41608, 46313, 51360, 56761, 62528, 68673, 75208, 82145, 89496, 97273, 105488, 114153, 123280"
A166060,sub mul INT+ 5 x_0_1 mul x_0_2 INT+ 6,((5 mul x_0_1) sub (x_0_2 mul 6)),"1, 6, 24, 84, 276, 876, 2724, 8364, 25476, 77196, 233124, 702444, 2113476, 6352716, 19082724, 57297324, 171990276, 516167436, 1548895524, 4647473004, 13943991876, 41835121356, 125511655524, 376547549484, 1129667814276"
A358355,add add add x_0_1 x_0_3 sign x_0_5 x_0_3,(((x_0_1 add x_0_3) add sign(x_0_5)) add x_0_3),"0, 1, 1, 2, 3, 6, 11, 18"
A176447,sub mul x_0_2 INT+ 2 x_0_4,((x_0_2 mul 2) sub x_0_4),"0, 1, -1, 3, -2, 5, -3, 7, -4, 9, -5, 11, -6, 13, -7, 15, -8, 17, -9, 19, -10, 21, -11, 23, -12, 25, -13, 27, -14, 29, -15, 31, -16, 33, -17, 35, -18, 37, -19, 39, -20, 41, -21, 43, -22, 45, -23, 47, -24, 49, -25, 51, -26, 53, -27, 55, -28, 57, -29, 59, -30, 61, -31, 63, -32, 65, -33, 67, -34, 69, -35"
A277438,mul sub x_0_1 sub INT+ 5 x_0_2 x_0_1,((x_0_1 sub (5 sub x_0_2)) mul x_0_1),"2, 5, 10, 100"
A093040,add add x_0_2 x_0_3 add x_0_3 x_0_4,((x_0_2 add x_0_3) add (x_0_3 add x_0_4)),"1, 1, 1, 3, 4, 6, 11, 17, 27, 45, 72, 116, 189, 305, 493, 799, 1292, 2090, 3383, 5473, 8855, 14329, 23184, 37512, 60697, 98209, 158905, 257115, 416020, 673134, 1089155, 1762289, 2851443, 4613733, 7465176, 12078908, 19544085, 31622993, 51167077"
A160683,mul INT+ 6 add x_0_2 x_0_4,(6 mul (x_0_2 add x_0_4)),"1, 2, 3, 6, 24, 48"
A254685,add sub x_0_1 x_0_5 add x_0_3 x_0_2,((x_0_1 sub x_0_5) add (x_0_3 add x_0_2)),"1, 1, 2, 4, 7, 12, 22, 39, 69, 123, 219, 389, 692, 1231, 2189, 3893, 6924, 12314, 21900, 38949, 69270, 123195, 219100, 389665, 693011, 1232506, 2191987, 3898404, 6933232, 12330612, 21929742, 39001599, 69363549, 123361658, 219396194, 390191659, 693947912"
A033141,add mul INT+ 5 x_0_1 mod add n x_0_2 INT+ 2,((5 mul x_0_1) add ((n add x_0_2) mod 2)),"1, 5, 25, 126, 630, 3150, 15751, 78755, 393775, 1968876, 9844380, 49221900, 246109501, 1230547505, 6152737525, 30763687626, 153818438130, 769092190650, 3845460953251, 19227304766255, 96136523831275, 480682619156376"
A277236,add x_0_1 mul INT+ 4 mul x_0_2 sign x_0_3,(x_0_1 add (4 mul (x_0_2 mul sign(x_0_3)))),"1, 4, 10, 26, 66, 170, 434, 1114, 2850, 7306, 18706, 47930, 122754, 314474, 805490, 2063386, 5285346, 13538890, 34680274, 88835834, 227556930, 582900266, 1493127986, 3824729050, 9797240994, 25096157194, 64285121170, 164669749946, 421810234626, 1080489234410, 2767730172914"
A049860,add x_0_1 sub x_0_1 sub x_0_3 x_0_4,(x_0_1 add (x_0_1 sub (x_0_3 sub x_0_4))),"0, 1, 4, 5, 9, 15, 29, 54, 102, 190, 355, 662, 1236, 2307, 4307, 8040, 15009, 28018, 52303, 97637, 182265, 340245, 635156, 1185684, 2213388, 4131865, 7713202, 14398700, 26878923, 50176509, 93667520, 174854817, 326412048"
A063920,mul x_0_2 INT+ 2,(x_0_2 mul 2),"10, 14, 20, 28, 40, 56, 80, 112, 160, 224, 320, 448, 640, 896, 1280, 1792, 2560, 3584, 5120, 7168, 10240, 14336, 20480, 28672, 40960, 57344, 81920, 114688, 163840, 229376, 327680, 458752, 655360, 917504, 1310720, 1835008, 2621440, 3670016, 5242880, 7340032, 10485760"
A078060,mul sub x_0_1 x_0_3 INT- 2,((x_0_1 sub x_0_3) mul -2),"1, -3, 6, -10, 14, -16, 12, 4, -40, 104, -200, 320, -432, 464, -288, -288, 1504, -3584, 6592, -10176, 13184, -13184, 6016, 14336, -55040, 122112, -215552, 321024, -397824, 364544, -87040, -621568, 1972224, -4118528, 6993920, -10043392, 11849728, -9711616, -663552, 25026560"
A118639,mul INT+ 1 0 mul x_0_2 sign x_0_3,(10 mul (x_0_2 mul sign(x_0_3))),"1, 4, 9, 40, 90, 400, 900, 4000, 9000, 40000, 90000, 400000, 900000"
A102301,sub mul INT+ 4 sub x_0_1 x_0_2 mod n INT- 2,((4 mul (x_0_1 sub x_0_2)) sub (n mod -2)),"1, 4, 13, 36, 93, 228, 541, 1252, 2845, 6372, 14109, 30948, 67357, 145636, 313117, 669924, 1427229, 3029220, 6407965, 13514980, 28428061, 59652324, 124897053, 260978916, 544327453, 1133394148, 2356266781, 4891490532, 10140895005, 20997617892, 43426891549"
A132773,mul add n mul INT+ 1 0 INT+ 3 add n INT- 1,((n add (10 mul 3)) mul (n add -1)),"0, 32, 66, 102, 140, 180, 222, 266, 312, 360, 410, 462, 516, 572, 630, 690, 752, 816, 882, 950, 1020, 1092, 1166, 1242, 1320, 1400, 1482, 1566, 1652, 1740, 1830, 1922, 2016, 2112, 2210, 2310, 2412, 2516, 2622, 2730, 2840, 2952, 3066, 3182, 3300, 3420, 3542, 3666"
A230380,add x_0_1 sub x_0_2 sign x_0_6,(x_0_1 add (x_0_2 sub sign(x_0_6))),"1, 2, 2, 4, 5, 9, 13, 21"
A245804,sub mul INT+ 6 sub x_0_1 x_0_2 x_0_1,((6 mul (x_0_1 sub x_0_2)) sub x_0_1),"-1, 0, 6, 30, 114, 390, 1266, 3990, 12354, 37830, 115026, 348150, 1050594, 3164070, 9516786, 28599510, 85896834, 257887110, 774054546, 2322950070, 6970423074, 20914414950, 62749536306, 188261191830, 564808741314, 1694476555590, 5083530330066, 15250792316790"
A230053,mul mul x_0_1 sub n sign n x_0_2,((x_0_1 mul (n sub sign(n))) mul x_0_2),"1, 1, 2, 6, 48, 1440, 414720, 4180377600, 13869489586176000, 521817332305350780518400000, 72373400562952038729626622187536384000000000, 415422642927888257689749131592471020852730170822782196121600000000000000"
A190982,sub mul x_0_1 INT+ 9 mul x_0_2 INT+ 5,((x_0_1 mul 9) sub (x_0_2 mul 5)),"0, 1, 9, 76, 639, 5371, 45144, 379441, 3189249, 26806036, 225308079, 1893742531, 15917142384, 133785568801, 1124484407289, 9451431821596, 79440464357919, 667707020113291, 5612160859230024, 47170912632503761, 396477409396383729, 3332442121404934756"
A015545,sub mul x_0_1 INT+ 5 mul x_0_2 INT- 9,((x_0_1 mul 5) sub (x_0_2 mul -9)),"0, 1, 5, 34, 215, 1381, 8840, 56629, 362705, 2323186, 14880275, 95310049, 610472720, 3910154041, 25045024685, 160416509794, 1027487771135, 6581187443821, 42153327159320, 269997322790989, 1729366558388825, 11076808697063026, 70948342510814555"
A077955,add mul x_0_2 INT- 2 sub x_0_1 x_0_3,((x_0_2 mul -2) add (x_0_1 sub x_0_3)),"1, 1, -1, -4, -3, 6, 16, 7, -31, -61, -6, 147, 220, -68, -655, -739, 639, 2772, 2233, -3950, -11188, -5521, 20805, 43035, 6946, -99929, -156856, 36056, 449697, 534441, -401009, -1919588, -1652011, 2588174, 7811784, 4287447, -13924295, -30310973, -6749830, 67796411, 111607044, -17235948"
A168596,add x_0_1 add x_0_1 idiv INT- 1 0 x_0_1,(x_0_1 add (x_0_1 add (-10 idiv x_0_1))),"14, 27, 53, 105, 209, 417, 833, 1665, 3329, 6657, 13313, 26625, 53249, 106497, 212993, 425985, 851969, 1703937, 3407873, 6815745, 13631489, 27262977, 54525953, 109051905, 218103809, 436207617, 872415233, 1744830465, 3489660929"
A059142,add add x_0_1 sub x_0_1 mul INT- 7 n INT+ 4,((x_0_1 add (x_0_1 sub (-7 mul n))) add 4),"11, 40, 105, 242, 523, 1092, 2237, 4534, 9135, 18344, 36769, 73626, 147347, 294796, 589701, 1179518, 2359159, 4718448, 9437033, 18874210, 37748571, 75497300, 150994765, 301989702, 603979583, 1207959352, 2415918897, 4831837994, 9663676195, 19327352604"
A307464,add mul x_0_2 INT+ 3 sub x_0_1 x_0_3,((x_0_2 mul 3) add (x_0_1 sub x_0_3)),"1, 1, 2, 4, 9, 19, 42, 90, 197, 425, 926, 2004, 4357, 9443, 20510, 44482, 96569, 209505, 454730, 986676, 2141361, 4646659, 10084066, 21882682, 47488221, 103052201, 223634182, 485302564, 1053152909, 2285426419, 4959582582, 10762708930, 23356030257, 50684574465"
A157262,mul add INT- 7 mul INT+ 9 n sub mul n INT+ 4 INT+ 3,((-7 add (9 mul n)) mul ((n mul 4) sub 3)),"2, 55, 180, 377, 646, 987, 1400, 1885, 2442, 3071, 3772, 4545, 5390, 6307, 7296, 8357, 9490, 10695, 11972, 13321, 14742, 16235, 17800, 19437, 21146, 22927, 24780, 26705, 28702, 30771, 32912, 35125, 37410, 39767, 42196, 44697, 47270"
A037502,sub mul INT+ 9 x_0_1 mod add n sign n INT- 3,((9 mul x_0_1) sub ((n add sign(n)) mod -3)),"1, 9, 83, 748, 6732, 60590, 545311, 4907799, 44170193, 397531738, 3577785642, 32200070780, 289800637021, 2608205733189, 23473851598703, 211264664388328, 1901381979494952, 17112437815454570, 154011940339091131, 1386107463051820179, 12474967167466381613"
A236438,mul add x_0_1 x_0_2 sub n INT+ 2,((x_0_1 add x_0_2) mul (n sub 2)),"2, 1, 3, 8, 33, 164, 985, 6894, 55153, 496376, 4963761, 54601370, 655216441, 8517813732, 119249392249, 1788740883734, 28619854139745, 486537520375664, 8757675366761953, 166395831968477106, 3327916639369542121, 69886249426760384540, 1537497487388728459881"
A052945,mul INT+ 2 add x_0_1 mul x_0_2 sign x_0_3,(2 mul (x_0_1 add (x_0_2 mul sign(x_0_3)))),"1, 2, 5, 14, 38, 104, 284, 776, 2120, 5792, 15824, 43232, 118112, 322688, 881600, 2408576, 6580352, 17977856, 49116416, 134188544, 366609920, 1001596928, 2736413696, 7476021248, 20424869888, 55801782272, 152453304320"
A031770,add n sqr mul n sub sqr INT- 6 INT- 1 0,(n add ((n mul ((-6)**2 sub -10)))**2),"2117, 8466, 19047, 33860, 52905, 76182, 103691, 135432, 171405, 211610, 256047, 304716, 357617, 414750, 476115, 541712, 611541, 685602, 763895, 846420, 933177, 1024166, 1119387, 1218840, 1322525, 1430442, 1542591, 1658972, 1779585, 1904430"
A224421,add x_0_1 sub x_0_1 add x_0_5 n,(x_0_1 add (x_0_1 sub (x_0_5 add n))),"0, 1, 3, 8, 20, 34"
A087131,add mul x_0_2 INT+ 4 add x_0_1 x_0_1,((x_0_2 mul 4) add (x_0_1 add x_0_1)),"2, 2, 12, 32, 112, 352, 1152, 3712, 12032, 38912, 125952, 407552, 1318912, 4268032, 13811712, 44695552, 144637952, 468058112, 1514668032, 4901568512, 15861809152, 51329892352, 166107021312, 537533612032, 1739495309312"
A111365,sub mul INT+ 5 x_0_1 mul INT- 3 x_0_2,((5 mul x_0_1) sub (-3 mul x_0_2)),"1, 1, 8, 43, 239, 1324, 7337, 40657, 225296, 1248451, 6918143, 38336068, 212434769, 1177182049, 6523214552, 36147618907, 200307738191, 1109981547676, 6150830952953, 34084099407793, 188872989897824, 1046617247712499"
A154298,sub mul INT+ 6 add x_0_2 x_0_2 x_0_1,((6 mul (x_0_2 add x_0_2)) sub x_0_1),"2, 7, 17, 67"
A347478,mul INT+ 4 mul x_0_1 sign x_0_2,(4 mul (x_0_1 mul sign(x_0_2))),"15, 64, 256, 1024, 4096, 16384, 65536, 262144, 1048576, 4194304, 16777216, 67108864, 268435456, 1073741824, 4294967296, 17179869184, 68719476736, 274877906944, 1099511627776, 4398046511104, 17592186044416, 70368744177664, 281474976710656, 1125899906842624"
A052916,add x_0_3 add x_0_1 sub x_0_3 x_0_4,(x_0_3 add (x_0_1 add (x_0_3 sub x_0_4))),"1, 0, 0, 2, 1, 1, 5, 5, 6, 15, 20, 27, 51, 76, 110, 185, 286, 430, 690, 1077, 1651, 2601, 4065, 6290, 9841, 15370, 23885, 37277, 58176, 90576, 141245, 220320, 343296, 535210, 834605, 1300877, 2028001, 3162001, 4929150, 7684275, 11980276"
A034943,add add x_0_1 mul x_0_2 INT+ 3 x_0_5,((x_0_1 add (x_0_2 mul 3)) add x_0_5),"1, 1, 1, 2, 5, 12, 28, 65, 151, 351, 816, 1897, 4410, 10252, 23833, 55405, 128801, 299426, 696081, 1618192, 3761840, 8745217, 20330163, 47261895, 109870576, 255418101, 593775046, 1380359512, 3208946545"
A254132,add x_0_1 mul add x_0_1 sign n x_0_2,(x_0_1 add ((x_0_1 add sign(n)) mul x_0_2)),"1, 2, 5, 17, 107, 1943, 209951, 408146687, 85691213438975, 34974584955819144511487, 2997014624388697307377363936018956287, 104819342594514896999066634490728502944926883876041385836543"
A066629,add add add x_0_2 x_0_2 x_0_3 INT+ 3,(((x_0_2 add x_0_2) add x_0_3) add 3),"1, 2, 5, 8, 15, 24, 41, 66, 109, 176, 287, 464, 753, 1218, 1973, 3192, 5167, 8360, 13529, 21890, 35421, 57312, 92735, 150048, 242785, 392834, 635621, 1028456, 1664079, 2692536, 4356617, 7049154, 11405773, 18454928, 29860703, 48315632"
A022401,add x_0_1 add x_0_2 mul idiv INT+ 1 0 x_0_1 n,(x_0_1 add (x_0_2 add ((10 idiv x_0_1) mul n))),"1, 31, 32, 63, 95, 158, 253, 411, 664, 1075, 1739, 2814, 4553, 7367, 11920, 19287, 31207, 50494, 81701, 132195, 213896, 346091, 559987, 906078, 1466065, 2372143, 3838208, 6210351, 10048559, 16258910"
A157877,sub mul mul INT+ 6 INT+ 5 x_0_1 x_0_2,(((6 mul 5) mul x_0_1) sub x_0_2),"1, 29, 869, 26041, 780361, 23384789, 700763309, 20999514481, 629284671121, 18857540619149, 565096933903349, 16934050476481321, 507456417360536281, 15206758470339607109, 455695297692827676989, 13655652172314490702561, 409213869871741893399841"
A007909,sub mul INT+ 2 add x_0_1 x_0_3 x_0_2,((2 mul (x_0_1 add x_0_3)) sub x_0_2),"1, 1, 1, 3, 7, 13, 25, 51, 103, 205, 409, 819, 1639, 3277, 6553, 13107, 26215, 52429, 104857, 209715, 419431, 838861, 1677721, 3355443, 6710887, 13421773, 26843545, 53687091, 107374183, 214748365, 429496729, 858993459, 1717986919, 3435973837, 6871947673"
A104683,sub mul INT+ 6 x_0_2 x_0_4,((6 mul x_0_2) sub x_0_4),"1, 1, 5, 7, 29, 41, 169, 239, 985, 1393, 5741, 8119, 33461, 47321, 195025, 275807, 1136689, 1607521, 6625109, 9369319, 38613965, 54608393, 225058681, 318281039, 1311738121, 1855077841, 7645370045, 10812186007, 44560482149, 63018038201"
A017139,mul sqr sub INT+ 2 mul n INT+ 8 add INT- 2 mul n INT+ 8,(((2 sub (n mul 8)))**2 mul (-2 add (n mul 8))),"216, 2744, 10648, 27000, 54872, 97336, 157464, 238328, 343000, 474552, 636056, 830584, 1061208, 1331000, 1643032, 2000376, 2406104, 2863288, 3375000, 3944312, 4574296, 5268024, 6028568, 6859000, 7762392, 8741816, 9800344, 10941048"
A057578,add x_0_3 add x_0_1 sub x_0_1 x_0_5,(x_0_3 add (x_0_1 add (x_0_1 sub x_0_5))),"1, 1, 1, 3, 9, 18, 38"
A193147,add x_0_1 add x_0_3 add x_0_3 x_0_5,(x_0_1 add (x_0_3 add (x_0_3 add x_0_5))),"1, 1, 1, 3, 5, 8, 15, 26, 45, 80, 140, 245, 431, 756, 1326, 2328, 4085, 7168, 12580, 22076, 38740, 67985, 119305, 209365, 367411, 644761, 1131476, 1985603, 3484490, 6114853, 10730820, 18831276, 33046585, 57992715, 101770120, 178594110, 313410816, 549997641"
A116201,sub add x_0_1 add x_0_3 x_0_2 x_0_4,((x_0_1 add (x_0_3 add x_0_2)) sub x_0_4),"0, 1, 1, 1, 3, 4, 7, 13, 21, 37, 64, 109, 189, 325, 559, 964, 1659, 2857, 4921, 8473, 14592, 25129, 43273, 74521, 128331, 220996, 380575, 655381, 1128621, 1943581, 3347008, 5763829, 9925797, 17093053, 29435671, 50690692, 87293619, 150326929, 258875569"
A110881,add x_0_1 mul INT+ 6 mul n sign x_0_3,(x_0_1 add (6 mul (n mul sign(x_0_3)))),"1, 2, 4, 28, 58"
A000570,add add x_0_1 x_0_5 add x_0_3 x_0_4,((x_0_1 add x_0_5) add (x_0_3 add x_0_4)),"1, 1, 2, 4, 7, 11, 18, 31, 53, 89, 149, 251, 424, 715, 1204, 2028, 3418, 5761, 9708, 16358, 27565, 46452, 78279, 131910, 222285, 374581, 631222, 1063696, 1792472, 3020560, 5090059, 8577449, 14454177, 24357268, 41045336, 69167021, 116555915"
A030436,mul INT+ 2 sub add x_0_2 x_0_2 x_0_4,(2 mul ((x_0_2 add x_0_2) sub x_0_4)),"1, 1, 2, 3, 6, 10, 20, 34, 68, 116, 232, 396, 792, 1352, 2704, 4616, 9232, 15760, 31520, 53808, 107616, 183712, 367424, 627232, 1254464, 2141504, 4283008, 7311552, 14623104, 24963200, 49926400, 85229696"
A056287,add add x_0_1 sub x_0_2 sign add x_0_3 n n,((x_0_1 add (x_0_2 sub sign((x_0_3 add n)))) add n),"1, 3, 9, 15, 28"
A052972,add x_0_1 add x_0_2 sub x_0_3 x_0_5,(x_0_1 add (x_0_2 add (x_0_3 sub x_0_5))),"1, 1, 2, 3, 6, 10, 18, 32, 57, 101, 180, 320, 569, 1012, 1800, 3201, 5693, 10125, 18007, 32025, 56956, 101295, 180151, 320395, 569816, 1013406, 1802322, 3205393, 5700726, 10138625, 18031338, 32068367, 57032937, 101431916, 180394595"
A108931,sub mul INT+ 6 x_0_2 x_0_4,((6 mul x_0_2) sub x_0_4),"0, 1, -3, 8, -18, 47, -105, 274, -612, 1597, -3567, 9308, -20790, 54251, -121173, 316198, -706248, 1842937, -4116315, 10741424, -23991642, 62605607, -139833537, 364892218, -815009580, 2126747701, -4750223943, 12395593988, -27686334078, 72246816227"
A027947,add add x_0_2 x_0_3 sub x_0_2 x_0_4,((x_0_2 add x_0_3) add (x_0_2 sub x_0_4)),"1, 1, 2, 3, 4, 7, 9, 15, 21, 32, 48, 70, 107, 156, 236, 349, 521, 778, 1155, 1728, 2567, 3833, 5707, 8505, 12680, 18884, 28158, 41943, 62520, 93160, 138825, 206897, 308290, 459459, 684652, 1020311, 1520473, 2265815, 3376605"
A085537,mul sub n INT+ 2 mul sub n sign n sqr sub n sign n,((n sub 2) mul ((n sub sign(n)) mul ((n sub sign(n)))**2)),"0, 0, 8, 54, 192, 500, 1080, 2058, 3584, 5832, 9000, 13310, 19008, 26364, 35672, 47250, 61440, 78608, 99144, 123462, 152000, 185220, 223608, 267674, 317952, 375000, 439400, 511758, 592704, 682892, 783000, 893730, 1015808, 1149984, 1297032, 1457750, 1632960"
A142238,sub mul INT+ 1 0 x_0_2 x_0_4,((10 mul x_0_2) sub x_0_4),"1, 5, 11, 49, 109, 485, 1079, 4801, 10681, 47525, 105731, 470449, 1046629, 4656965, 10360559, 46099201, 102558961, 456335045, 1015229051, 4517251249, 10049731549, 44716177445, 99482086439, 442644523201, 984771132841, 4381729054565, 9748229241971"
A274543,add INT+ 5 add x_0_1 add x_0_1 mod x_0_3 n,(5 add (x_0_1 add (x_0_1 add (x_0_3 mod n)))),"1, 2, 9, 24, 55"
A164420,add x_0_2 sub x_0_1 x_0_6,(x_0_2 add (x_0_1 sub x_0_6)),"1, 2, 4, 8, 13, 21, 33, 52, 81, 125, 193, 297, 457, 702, 1078, 1655, 2540, 3898, 5981, 9177, 14080, 21602, 33142, 50846, 78007, 119676, 183603, 281677, 432138, 662969, 1017100, 1560393, 2393890, 3672606, 5634358, 8643995, 13261253, 20344855, 31212218, 47884467"
A164485,add add x_0_1 x_0_2 idiv INT- 1 0 x_0_1,((x_0_1 add x_0_2) add (-10 idiv x_0_1)),"13, 21, 33, 53, 85, 137, 221, 357, 577, 933, 1509, 2441, 3949, 6389, 10337, 16725, 27061, 43785, 70845, 114629, 185473, 300101, 485573, 785673, 1271245, 2056917, 3328161, 5385077, 8713237, 14098313, 22811549, 36909861, 59721409, 96631269"
A168642,add x_0_1 add x_0_2 mul x_0_2 sign x_0_3,(x_0_1 add (x_0_2 add (x_0_2 mul sign(x_0_3)))),"1, 5, 11, 21, 43, 85, 171, 341, 683, 1365, 2731, 5461, 10923, 21845, 43691, 87381, 174763, 349525, 699051, 1398101, 2796203, 5592405, 11184811, 22369621, 44739243, 89478485, 178956971, 357913941, 715827883, 1431655765, 2863311531"
A061551,sub add mul x_0_2 INT+ 3 x_0_3 sign n,(((x_0_2 mul 3) add x_0_3) sub sign(n)),"1, 1, 2, 3, 6, 10, 20, 35, 69, 124, 241, 440, 846, 1560, 2977, 5525, 10490, 19551, 36994, 69142, 130532, 244419, 460737, 863788, 1626629, 3052100, 5743674, 10782928, 20283121, 38092457, 71632290, 134560491, 252989326, 475313762"
A292018,add x_0_1 sub mul sqr INT- 4 sub n sign n n,(x_0_1 add (((-4)**2 mul (n sub sign(n))) sub n)),"1, 15, 44, 88, 147, 221, 310, 414, 533, 667, 816, 980, 1159, 1353, 1562, 1786, 2025, 2279, 2548, 2832, 3131, 3445, 3774, 4118, 4477, 4851, 5240, 5644, 6063, 6497, 6946, 7410, 7889, 8383, 8892, 9416, 9955, 10509, 11078, 11662, 12261, 12875, 13504, 14148, 14807, 15481"
A190956,add mul x_0_2 INT+ 6 mul INT+ 1 0 x_0_1,((x_0_2 mul 6) add (10 mul x_0_1)),"0, 1, 10, 106, 1120, 11836, 125080, 1321816, 13968640, 147617296, 1559984800, 16485551776, 174215426560, 1841067576256, 19455968321920, 205606088676736, 2172796696698880, 22961603499049216, 242652815170685440, 2564297772701149696, 27098894618035609600"
A282854,sub x_0_1 sub sub x_0_2 x_0_1 mul INT- 8 INT- 4,(x_0_1 sub ((x_0_2 sub x_0_1) sub (-8 mul -4))),"0, 1, 34, 99, 196, 325, 486, 679, 904, 1161, 1450, 1771, 2124, 2509, 2926, 3375, 3856, 4369, 4914, 5491, 6100, 6741, 7414, 8119, 8856, 9625, 10426, 11259, 12124, 13021, 13950, 14911, 15904, 16929, 17986, 19075, 20196, 21349, 22534, 23751"
A198309,add mul x_0_2 INT+ 8 INT+ 2,((x_0_2 mul 8) add 2),"10, 18, 82, 146, 658, 1170, 5266, 9362, 42130, 74898, 337042, 599186, 2696338, 4793490, 21570706, 38347922, 172565650, 306783378, 1380525202, 2454267026, 11044201618, 19634136210, 88353612946, 157073089682, 706828903570, 1256584717458, 5654631228562"
A031740,add n sqr mul n sub sqr INT- 5 INT- 6,(n add ((n mul ((-5)**2 sub -6)))**2),"962, 3846, 8652, 15380, 24030, 34602, 47096, 61512, 77850, 96110, 116292, 138396, 162422, 188370, 216240, 246032, 277746, 311382, 346940, 384420, 423822, 465146, 508392, 553560, 600650, 649662, 700596, 753452, 808230, 864930, 923552, 984096"
A213665,add x_0_1 sub x_0_1 x_0_4,(x_0_1 add (x_0_1 sub x_0_4)),"13, 23, 43, 79, 145, 267, 491, 903, 1661, 3055, 5619, 10335, 19009, 34963, 64307, 118279, 217549, 400135, 735963, 1353647, 2489745, 4579355, 8422747, 15491847, 28493949, 52408543, 96394339, 177296831, 326099713, 599790883, 1103187427"
A131326,add add add x_0_2 x_0_2 x_0_3 INT+ 2,(((x_0_2 add x_0_2) add x_0_3) add 2),"1, 3, 4, 9, 13, 24, 37, 63, 100, 165, 265, 432, 697, 1131, 1828, 2961, 4789, 7752, 12541, 20295, 32836, 53133, 85969, 139104, 225073, 364179, 589252, 953433, 1542685, 2496120, 4038805, 6534927, 10573732, 17108661, 27682393, 44791056, 72473449, 117264507"
A259594,sub mul INT+ 1 0 x_0_2 x_0_4,((10 mul x_0_2) sub x_0_4),"1, 3, 11, 29, 109, 287, 1079, 2841, 10681, 28123, 105731, 278389, 1046629, 2755767, 10360559, 27279281, 102558961, 270037043, 1015229051, 2673091149, 10049731549, 26460874447, 99482086439, 261935653321, 984771132841, 2592895658763, 9748229241971"
A144128,sub mul sqr INT- 6 x_0_1 x_0_2,(((-6)**2 mul x_0_1) sub x_0_2),"1, 36, 1295, 46584, 1675729, 60279660, 2168392031, 78001833456, 2805897612385, 100934312212404, 3630829342034159, 130608922001017320, 4698290362694589361, 169007844135004199676, 6079584098497456598975"
A304293,add x_0_1 mul INT+ 4 sub x_0_3 sign x_0_3,(x_0_1 add (4 mul (x_0_3 sub sign(x_0_3)))),"0, 4, 8, 4, 16, 44, 56, 116, 288, 508, 968, 2116, 4144, 8012, 16472, 33044, 65088, 130972, 263144, 523492, 1047376, 2099948, 4193912, 8383412, 16783200, 33558844, 67092488, 134225284, 268460656, 536830604, 1073731736, 2147574356, 4294896768, 8589823708"
A033120,add add x_0_1 mod x_0_3 INT+ 2 x_0_1,((x_0_1 add (x_0_3 mod 2)) add x_0_1),"1, 2, 5, 11, 22, 45, 91, 182, 365, 731, 1462, 2925, 5851, 11702, 23405, 46811, 93622, 187245, 374491, 748982, 1497965, 2995931, 5991862, 11983725, 23967451, 47934902, 95869805, 191739611, 383479222, 766958445, 1533916891"
A271427,add x_0_2 mul INT+ 6 add x_0_1 x_0_2,(x_0_2 add (6 mul (x_0_1 add x_0_2))),"0, 7, 42, 301, 2100, 14707, 102942, 720601, 5044200, 35309407, 247165842, 1730160901, 12111126300, 84777884107, 593445188742, 4154116321201, 29078814248400, 203551699738807, 1424861898171642, 9974033287201501, 69818233010410500, 488727631072873507, 3421093417510114542"
A286311,add x_0_1 sub x_0_1 sub x_0_2 x_0_4,(x_0_1 add (x_0_1 sub (x_0_2 sub x_0_4))),"0, 1, 1, 3, 5, 8, 12, 19, 31, 51, 83, 134, 216, 349, 565, 915, 1481, 2396, 3876, 6271, 10147, 16419, 26567, 42986, 69552, 112537, 182089, 294627, 476717, 771344, 1248060, 2019403, 3267463, 5286867, 8554331, 13841198, 22395528, 36236725, 58632253, 94868979"
A019485,add add x_0_1 mul x_0_2 INT+ 3 sign n,((x_0_1 add (x_0_2 mul 3)) add sign(n)),"2, 5, 12, 28, 65, 150, 346, 797, 1836, 4228, 9737, 22422, 51634, 118901, 273804, 630508, 1451921, 3343446, 7699210, 17729549, 40827180, 94015828, 216497369, 498544854, 1148036962, 2643671525, 6087782412, 14018796988, 32282144225, 74338535190, 171184967866"
A322780,sub mul INT+ 8 x_0_2 x_0_4,((8 mul x_0_2) sub x_0_4),"1, 4, 9, 32, 71, 252, 559, 1984, 4401, 15620, 34649, 122976, 272791, 968188, 2147679, 7622528, 16908641, 60012036, 133121449, 472473760, 1048062951, 3719778044, 8251382159, 29285750592, 64962994321, 230566226692, 511452572409, 1815244062944"
A072335,add mul INT+ 4 x_0_1 sub mod n INT+ 2 x_0_2,((4 mul x_0_1) add ((n mod 2) sub x_0_2)),"1, 4, 16, 60, 225, 840, 3136, 11704, 43681, 163020, 608400, 2270580, 8473921, 31625104, 118026496, 440480880, 1643897025, 6135107220, 22896531856, 85451020204, 318907548961, 1190179175640, 4441809153600, 16577057438760, 61866420601441, 230888624967004"
A112368,add x_0_1 mul sub add n n INT+ 2 sub x_0_1 x_0_2,(x_0_1 add (((n add n) sub 2) mul (x_0_1 sub x_0_2))),"1, 3, 11, 59, 443, 4283, 50363, 695483, 11017403, 196811963, 3912703163, 85662309563, 2047652863163, 53059407256763, 1481388530277563, 44331262220901563, 1415527220320869563, 48036189795719781563, 1726380042510080613563, 65503446445655792229563, 2616586102571484256869563"
A122512,add add x_0_2 x_0_3 sub x_0_3 x_0_4,((x_0_2 add x_0_3) add (x_0_3 sub x_0_4)),"1, 0, 1, 2, 0, 4, 3, 2, 11, 4, 12, 24, 9, 44, 45, 38, 124, 84, 155, 294, 199, 520, 632, 624, 1473, 1368, 2089, 3690, 3352, 6500, 8643, 9514, 18291, 20300, 28676, 47368, 50985, 84420, 117045, 139022, 234900, 288692, 395899, 619470, 738383, 1122576, 1581424"
A094686,add add x_0_2 x_0_3 add x_0_3 x_0_4,((x_0_2 add x_0_3) add (x_0_3 add x_0_4)),"1, 0, 1, 2, 2, 4, 7, 10, 17, 28, 44, 72, 117, 188, 305, 494, 798, 1292, 2091, 3382, 5473, 8856, 14328, 23184, 37513, 60696, 98209, 158906, 257114, 416020, 673135, 1089154, 1762289, 2851444, 4613732, 7465176, 12078909, 19544084, 31622993, 51167078"
A052961,add mul sub x_0_1 x_0_2 INT+ 3 add x_0_1 x_0_1,(((x_0_1 sub x_0_2) mul 3) add (x_0_1 add x_0_1)),"1, 2, 7, 29, 124, 533, 2293, 9866, 42451, 182657, 785932, 3381689, 14550649, 62608178, 269388943, 1159120181, 4987434076, 21459809837, 92336746957, 397304305274, 1709511285499, 7355643511673, 31649683701868, 136181487974321, 585958388766001, 2521247479907042"
A052102,mul INT+ 3 add x_0_1 sub x_0_3 x_0_2,(3 mul (x_0_1 add (x_0_3 sub x_0_2))),"0, 1, 2, 3, 6, 15, 36, 81, 180, 405, 918, 2079, 4698, 10611, 23976, 54189, 122472, 276777, 625482, 1413531, 3194478, 7219287, 16315020, 36870633, 83324700, 188307261, 425559582, 961731063, 2173436226, 4911794235, 11100267216, 25085727621"
A138803,sub mul INT+ 4 sub x_0_1 x_0_2 x_0_4,((4 mul (x_0_1 sub x_0_2)) sub x_0_4),"0, 1, 3, 8, 20, 47, 105, 224, 456, 881, 1595, 2632, 3692, 3359, -2927, -27776, -103088, -304607, -803149, -1966392, -4549884, -10029361, -21114759, -42375200, -80491880, -142437359, -226667157, -294543992, -191015460, 556551487, 3216934945"
A021006,mul add x_0_1 x_0_2 INT+ 2,((x_0_1 add x_0_2) mul 2),"4, 11, 30, 82, 224, 612, 1672, 4568, 12480, 34096, 93152, 254496, 695296, 1899584, 5189760, 14178688, 38736896, 105831168, 289136128, 789934592, 2158141440, 5896152064, 16108587008, 44009478144, 120236130304"
A022040,add add add x_0_1 x_0_3 sign n x_0_1,(((x_0_1 add x_0_3) add sign(n)) add x_0_1),"16, 36, 80, 177, 391, 863, 1904, 4200, 9264, 20433, 45067, 99399, 219232, 483532, 1066464, 2352161, 5187855, 11442175, 25236512, 55660880, 122763936, 270764385, 597189651, 1317143239, 2905050864, 6407291380, 14131726000, 31168502865, 68744297111"
A159696,mul INT+ 4 sub x_0_1 x_0_2,(4 mul (x_0_1 sub x_0_2)),"8, 17, 36, 76, 160, 336, 704, 1472, 3072, 6400, 13312, 27648, 57344, 118784, 245760, 507904, 1048576, 2162688, 4456448, 9175040, 18874368, 38797312, 79691776, 163577856, 335544320, 687865856, 1409286144, 2885681152, 5905580032"
A103196,add mul x_0_2 INT+ 3 add x_0_3 x_0_3,((x_0_2 mul 3) add (x_0_3 add x_0_3)),"1, 2, 3, 8, 13, 30, 55, 116, 225, 458, 907, 1824, 3637, 7286, 14559, 29132, 58249, 116514, 233011, 466040, 932061, 1864142, 3728263, 7456548, 14913073, 29826170, 59652315, 119304656, 238609285, 477218598, 954437167"
A146964,sub mul sub x_0_1 x_0_2 INT+ 8 x_0_2,(((x_0_1 sub x_0_2) mul 8) sub x_0_2),"1, 4, 23, 148, 977, 6484, 43079, 286276, 1902497, 12643492, 84025463, 558412276, 3711069041, 24662841844, 163903113383, 1089259330468, 7238946623297, 48108239012164, 319715392487639, 2124748988791636, 14120553377944337"
A246639,sub mul INT+ 3 sub x_0_1 sign n x_0_2,((3 mul (x_0_1 sub sign(n))) sub x_0_2),"8, 13, 28, 68, 173, 448, 1168, 3053, 7988, 20908, 54733, 143288, 375128, 982093, 2571148, 6731348, 17622893, 46137328, 120789088, 316229933, 827900708, 2167472188, 5674515853, 14856075368, 38893710248, 101825055373, 266581455868, 697919312228, 1827176480813, 4783610130208, 12523653909808"
A109794,sub mul x_0_2 INT+ 3 x_0_4,((x_0_2 mul 3) sub x_0_4),"1, 1, 3, 4, 8, 11, 21, 29, 55, 76, 144, 199, 377, 521, 987, 1364, 2584, 3571, 6765, 9349, 17711, 24476, 46368, 64079, 121393, 167761, 317811, 439204, 832040, 1149851, 2178309, 3010349, 5702887, 7881196, 14930352, 20633239, 39088169"
A052161,add add mul INT+ 4 sub x_0_1 x_0_2 n x_0_1,(((4 mul (x_0_1 sub x_0_2)) add n) add x_0_1),"1, 7, 34, 146, 599, 2417, 9696, 38820, 155325, 621355, 2485486, 9942022, 39768179, 159072821, 636291404, 2545165752, 10180663161, 40722652815, 162890611450, 651562446010"
A104459,mul INT+ 1 0 idiv x_0_2 sign x_0_4,(10 mul (x_0_2 idiv sign(x_0_4))),"1, 2, 10, 11, 100, 110, 1000, 1100, 10000, 11000, 100000, 110000, 1000000, 1100000, 10000000, 11000000, 100000000, 110000000, 1000000000, 1100000000, 10000000000, 11000000000, 100000000000, 110000000000, 1000000000000, 1100000000000, 10000000000000"
A213829,add add n mul n mul INT+ 6 sub sqr n n n,((n add (n mul (6 mul ((n)**2 sub n)))) add n),"2, 28, 114, 296, 610, 1092, 1778, 2704, 3906, 5420, 7282, 9528, 12194, 15316, 18930, 23072, 27778, 33084, 39026, 45640, 52962, 61028, 69874, 79536, 90050, 101452, 113778, 127064, 141346, 156660, 173042"
A052991,add mul INT+ 3 x_0_1 sub x_0_2 idiv n x_0_1,((3 mul x_0_1) add (x_0_2 sub (n idiv x_0_1))),"1, 2, 6, 20, 66, 218, 720, 2378, 7854, 25940, 85674, 282962, 934560, 3086642, 10194486, 33670100, 111204786, 367284458, 1213058160, 4006458938, 13232434974, 43703763860, 144343726554, 476734943522, 1574548557120, 5200380614882, 17175690401766, 56727451820180"
A005433,add x_0_5 mul INT+ 9 x_0_3,(x_0_5 add (9 mul x_0_3)),"1, 2, 3, 4, 10, 28"
A219788,add add x_0_1 sub x_0_1 x_0_3 x_0_2,((x_0_1 add (x_0_1 sub x_0_3)) add x_0_2),"2, 3, 8, 17, 39, 87, 196, 440, 989, 2222, 4993, 11219, 25209, 56644, 127278, 285991, 642616, 1443945, 3244515, 7290359, 16381288, 36808420, 82707769, 185842670, 417584689, 938304279, 2108350577, 4737420744, 10644887786, 23918845739, 53745158520, 120764274993"
A321518,mul INT+ 4 mul x_0_2 sub n sign x_0_3,(4 mul (x_0_2 mul (n sub sign(x_0_3)))),"3, 2, 0, 24"
A157681,add x_0_2 add x_0_1 mul idiv INT+ 1 0 x_0_1 n,(x_0_2 add (x_0_1 add ((10 idiv x_0_1) mul n))),"29, 31, 60, 91, 151, 242, 393, 635, 1028, 1663, 2691, 4354, 7045, 11399, 18444, 29843, 48287, 78130, 126417, 204547, 330964, 535511, 866475, 1401986, 2268461, 3670447, 5938908, 9609355, 15548263, 25157618, 40705881, 65863499, 106569380"
A164411,add x_0_2 add x_0_1 x_0_5,(x_0_2 add (x_0_1 add x_0_5)),"1, 2, 4, 8, 13, 22, 37, 63, 108, 184, 314, 535, 912, 1555, 2651, 4520, 7706, 13138, 22399, 38188, 65107, 111001, 189246, 322646, 550080, 937833, 1598914, 2725993, 4647553, 7923626, 13509012, 23031552, 39266557, 66945662, 114135845, 194590519"
A168648,add add x_0_1 x_0_2 mul x_0_2 sign x_0_3,((x_0_1 add x_0_2) add (x_0_2 mul sign(x_0_3))),"1, 6, 14, 26, 54, 106, 214, 426, 854, 1706, 3414, 6826, 13654, 27306, 54614, 109226, 218454, 436906, 873814, 1747626, 3495254, 6990506, 13981014, 27962026, 55924054, 111848106, 223696214, 447392426, 894784854, 1789569706, 3579139414"
A103460,add x_0_1 mul INT+ 8 sub x_0_1 sign x_0_2,(x_0_1 add (8 mul (x_0_1 sub sign(x_0_2)))),"1, 10, 82, 730, 6562, 59050, 531442, 4782970, 43046722, 387420490, 3486784402, 31381059610, 282429536482, 2541865828330, 22876792454962, 205891132094650, 1853020188851842, 16677181699666570, 150094635296999122"
A010914,sub mul x_0_1 INT+ 4 add x_0_2 x_0_2,((x_0_1 mul 4) sub (x_0_2 add x_0_2)),"5, 17, 58, 198, 676, 2308, 7880, 26904, 91856, 313616, 1070752, 3655776, 12481600, 42614848, 145496192, 496755072, 1696027904, 5790601472, 19770350080, 67500197376, 230460089344, 786839962624, 2686439671808, 9172078761984, 31315435704320, 106917585293312"
A133799,add add x_0_1 mul n sub x_0_1 sign x_0_3 n,((x_0_1 add (n mul (x_0_1 sub sign(x_0_3)))) add n),"1, 3, 6, 30, 180, 1260, 10080, 90720, 907200, 9979200, 119750400, 1556755200, 21794572800, 326918592000, 5230697472000, 88921857024000, 1600593426432000, 30411275102208000, 608225502044160000, 12772735542927360000, 281000181944401920000"
A006053,add add x_0_1 x_0_2 sub x_0_2 x_0_3,((x_0_1 add x_0_2) add (x_0_2 sub x_0_3)),"0, 0, 1, 1, 3, 4, 9, 14, 28, 47, 89, 155, 286, 507, 924, 1652, 2993, 5373, 9707, 17460, 31501, 56714, 102256, 184183, 331981, 598091, 1077870, 1942071, 3499720, 6305992, 11363361, 20475625, 36896355, 66484244, 119801329, 215873462, 388991876, 700937471"
A255875,sub add x_0_1 x_0_2 add INT- 5 n,((x_0_1 add x_0_2) sub (-5 add n)),"1, 3, 6, 10, 16, 25, 39, 61, 96, 152, 242, 387, 621, 999, 1610, 2598, 4196, 6781, 10963, 17729, 28676, 46388, 75046, 121415, 196441, 317835, 514254, 832066, 1346296, 2178337, 3524607, 5702917, 9227496, 14930384, 24157850, 39088203, 63246021, 102334191, 165580178, 267914334"
A322594,add x_0_1 mul INT+ 4 sub sqr n add n sign n,(x_0_1 add (4 mul ((n)**2 sub (n add sign(n))))),"1, 5, 25, 69, 145, 261, 425, 645, 929, 1285, 1721, 2245, 2865, 3589, 4425, 5381, 6465, 7685, 9049, 10565, 12241, 14085, 16105, 18309, 20705, 23301, 26105, 29125, 32369, 35845, 39561, 43525, 47745, 52229, 56985, 62021, 67345, 72965, 78889, 85125, 91681, 98565"
A014217,add x_0_2 add add x_0_2 x_0_3 sign n,(x_0_2 add ((x_0_2 add x_0_3) add sign(n))),"1, 1, 2, 4, 6, 11, 17, 29, 46, 76, 122, 199, 321, 521, 842, 1364, 2206, 3571, 5777, 9349, 15126, 24476, 39602, 64079, 103681, 167761, 271442, 439204, 710646, 1149851, 1860497, 3010349, 4870846, 7881196, 12752042, 20633239, 33385281, 54018521, 87403802"
A205187,mul x_0_2 INT+ 3,(x_0_2 mul 3),"16, 24, 48, 72, 144, 216, 432, 648, 1296, 1944, 3888, 5832, 11664, 17496, 34992, 52488, 104976, 157464, 314928, 472392, 944784, 1417176, 2834352, 4251528, 8503056, 12754584, 25509168, 38263752, 76527504, 114791256, 229582512, 344373768"
A116732,add x_0_1 sub add x_0_2 x_0_3 x_0_4,(x_0_1 add ((x_0_2 add x_0_3) sub x_0_4)),"0, 0, 0, 1, 1, 2, 4, 6, 11, 19, 32, 56, 96, 165, 285, 490, 844, 1454, 2503, 4311, 7424, 12784, 22016, 37913, 65289, 112434, 193620, 333430, 574195, 988811, 1702816, 2932392, 5049824, 8696221, 14975621, 25789274, 44411292, 76479966, 131704911, 226806895"
A086213,add x_0_3 add x_0_1 x_0_2,(x_0_3 add (x_0_1 add x_0_2)),"1, 8, 27, 36, 71, 134, 241, 446, 821, 1508, 2775, 5104, 9387, 17266, 31757, 58410, 107433, 197600, 363443, 668476, 1229519, 2261438, 4159433, 7650390, 14071261, 25881084, 47602735, 87555080, 161038899, 296196714, 544790693, 1002026306"
A262342,sub mul x_0_1 INT+ 7 sub x_0_2 INT- 3,((x_0_1 mul 7) sub (x_0_2 sub -3)),"10, 65, 442, 3026, 20737, 142130, 974170, 6677057, 45765226, 313679522, 2149991425, 14736260450, 101003831722, 692290561601, 4745030099482, 32522920134770, 222915410843905, 1527884955772562, 10472279279564026, 71778070001175617, 491974210728665290, 3372041405099481410"
A142150,add idiv n add mul x_0_1 INT+ 4 n x_0_2,((n idiv ((x_0_1 mul 4) add n)) add x_0_2),"0, 0, 1, 0, 2, 0, 3, 0, 4, 0, 5, 0, 6, 0, 7, 0, 8, 0, 9, 0, 10, 0, 11, 0, 12, 0, 13, 0, 14, 0, 15, 0, 16, 0, 17, 0, 18, 0, 19, 0, 20, 0, 21, 0, 22, 0, 23, 0, 24, 0, 25, 0, 26, 0, 27, 0, 28, 0, 29, 0, 30, 0, 31, 0, 32, 0, 33, 0, 34, 0, 35, 0, 36, 0, 37, 0, 38, 0, 39, 0, 40, 0, 41, 0, 42, 0, 43, 0"
A061646,add add add x_0_1 x_0_2 sub x_0_2 x_0_3 x_0_1,(((x_0_1 add x_0_2) add (x_0_2 sub x_0_3)) add x_0_1),"1, 1, 1, 3, 7, 19, 49, 129, 337, 883, 2311, 6051, 15841, 41473, 108577, 284259, 744199, 1948339, 5100817, 13354113, 34961521, 91530451, 239629831, 627359043, 1642447297, 4299982849, 11257501249, 29472520899, 77160061447, 202007663443, 528862928881"
A024001,add mul sqr sub sign n n sub sign n n sign n,((((sign(n) sub n))**2 mul (sign(n) sub n)) add sign(n)),"1, 0, -7, -26, -63, -124, -215, -342, -511, -728, -999, -1330, -1727, -2196, -2743, -3374, -4095, -4912, -5831, -6858, -7999, -9260, -10647, -12166, -13823, -15624, -17575, -19682, -21951, -24388, -26999, -29790, -32767, -35936, -39303, -42874, -46655, -50652, -54871, -59318, -63999"
A180036,add mul add x_0_1 x_0_2 INT+ 4 sub x_0_1 x_0_2,(((x_0_1 add x_0_2) mul 4) add (x_0_1 sub x_0_2)),"1, 3, 18, 99, 549, 3042, 16857, 93411, 517626, 2868363, 15894693, 88078554, 488076849, 2704619907, 14987330082, 83050510131, 460214540901, 2550224234898, 14131764797193, 78309496690659, 433942777844874"
A158404,add mul sqr sub sqr INT+ 6 INT+ 7 n sign n,(((((6)**2 sub 7))**2 mul n) add sign(n)),"842, 1683, 2524, 3365, 4206, 5047, 5888, 6729, 7570, 8411, 9252, 10093, 10934, 11775, 12616, 13457, 14298, 15139, 15980, 16821, 17662, 18503, 19344, 20185, 21026, 21867, 22708, 23549, 24390, 25231, 26072, 26913, 27754, 28595, 29436"
A327436,add mul INT+ 7 sub x_0_1 x_0_5 sign n,((7 mul (x_0_1 sub x_0_5)) add sign(n)),"0, 0, 1, 1, 4, 29"
A137775,mul add x_0_1 mul INT+ 3 x_0_2 sub n INT+ 2,((x_0_1 add (3 mul x_0_2)) mul (n sub 2)),"1, 0, 3, 6, 45, 252, 1935, 16146, 153657, 1616760, 18699579, 235498590, 3207570597, 46968796404, 735689606535, 12272343940458, 217191191400945, 4064131571557104, 80166987477918963, 1662468879466624950"
A092896,add x_0_1 mul INT+ 3 sub x_0_1 sign x_0_3,(x_0_1 add (3 mul (x_0_1 sub sign(x_0_3)))),"1, 1, 5, 17, 65, 257, 1025, 4097, 16385, 65537, 262145, 1048577, 4194305, 16777217, 67108865, 268435457, 1073741825, 4294967297, 17179869185, 68719476737, 274877906945, 1099511627777, 4398046511105, 17592186044417, 70368744177665, 281474976710657"
A115342,add mul INT+ 4 sub x_0_1 x_0_2 sign n,((4 mul (x_0_1 sub x_0_2)) add sign(n)),"1, 65, 257, 769, 2049, 5121, 12289, 28673, 65537, 147457, 327681, 720897, 1572865, 3407873, 7340033, 15728641, 33554433, 71303169, 150994945, 318767105, 671088641, 1409286145, 2952790017, 6174015489, 12884901889, 26843545601, 55834574849, 115964116993"
A170881,add mul INT+ 4 sub x_0_1 x_0_2 sign x_0_3,((4 mul (x_0_1 sub x_0_2)) add sign(x_0_3)),"1, 3, 8, 21, 53, 129, 305, 705, 1601, 3585, 7937, 17409, 37889, 81921, 176129, 376833, 802817, 1703937, 3604481, 7602177, 15990785, 33554433, 70254593, 146800641, 306184193, 637534209, 1325400065, 2751463425, 5704253441, 11811160065, 24427626497, 50465865729"
A033571,sub mul add x_0_1 INT+ 1 0 INT+ 2 x_0_2,(((x_0_1 add 10) mul 2) sub x_0_2),"1, 18, 55, 112, 189, 286, 403, 540, 697, 874, 1071, 1288, 1525, 1782, 2059, 2356, 2673, 3010, 3367, 3744, 4141, 4558, 4995, 5452, 5929, 6426, 6943, 7480, 8037, 8614, 9211, 9828, 10465, 11122, 11799, 12496, 13213, 13950, 14707, 15484, 16281, 17098, 17935, 18792, 19669, 20566, 21483"
A079976,add x_0_1 add x_0_2 add x_0_4 x_0_5,(x_0_1 add (x_0_2 add (x_0_4 add x_0_5))),"1, 1, 2, 3, 6, 11, 20, 36, 65, 118, 214, 388, 703, 1274, 2309, 4185, 7585, 13747, 24915, 45156, 81841, 148329, 268832, 487232, 883061, 1600463, 2900685, 5257212, 9528190, 17268926, 31298264, 56725087, 102808753, 186330956, 337706899"
A056016,sub x_0_2 sub x_0_1 x_0_4,(x_0_2 sub (x_0_1 sub x_0_4)),"1, 1, 1, -4, 6, -9, 16, -29, 51, -89, 156, -274, 481, -844, 1481, -2599, 4561, -8004, 14046, -24649, 43256, -75909, 133211, -233769, 410236, -719914, 1263361, -2217044, 3890641, -6827599, 11981601, -21026244, 36898486, -64752329, 113632416, -199410989, 349941891, -614105209"
A056488,mul x_0_2 INT+ 6,(x_0_2 mul 6),"6, 21, 36, 126, 216, 756, 1296, 4536, 7776, 27216, 46656, 163296, 279936, 979776, 1679616, 5878656, 10077696, 35271936, 60466176, 211631616, 362797056, 1269789696, 2176782336, 7618738176, 13060694016, 45712429056, 78364164096, 274274574336, 470184984576"
A077241,sub mul INT+ 6 x_0_2 x_0_4,((6 mul x_0_2) sub x_0_4),"1, 2, 8, 13, 47, 76, 274, 443, 1597, 2582, 9308, 15049, 54251, 87712, 316198, 511223, 1842937, 2979626, 10741424, 17366533, 62605607, 101219572, 364892218, 589950899, 2126747701, 3438485822, 12395593988, 20040964033, 72246816227, 116807298376"
A062544,add x_0_1 sub x_0_1 sub x_0_4 sign n,(x_0_1 add (x_0_1 sub (x_0_4 sub sign(n)))),"0, 1, 3, 7, 15, 30, 58, 110, 206, 383, 709, 1309, 2413, 4444, 8180, 15052, 27692, 50941, 93703, 172355, 317019, 583098, 1072494, 1972634, 3628250, 6673403, 12274313, 22575993, 41523737, 76374072, 140473832, 258371672, 475219608"
A084825,add x_0_1 add x_0_1 mul n sub n sign mod x_0_3 n,(x_0_1 add (x_0_1 add (n mul (n sub sign((x_0_3 mod n)))))),"1, 8, 27, 66"
A213764,add x_0_1 add x_0_1 mul n add n sub n sign n,(x_0_1 add (x_0_1 add (n mul (n add (n sub sign(n)))))),"1, 8, 31, 90, 225, 516, 1123, 2366, 4885, 9960, 20151, 40578, 81481, 163340, 327115, 654726, 1310013, 2620656, 5242015, 10484810, 20970481, 41941908, 83884851, 167770830, 335542885, 671087096, 1342175623, 2684352786"
A158943,sub add add x_0_1 x_0_2 x_0_2 x_0_4,(((x_0_1 add x_0_2) add x_0_2) sub x_0_4),"1, 1, 3, 5, 10, 19, 36, 69, 131, 250, 476, 907, 1728, 3292, 6272, 11949, 22765, 43371, 82629, 157422, 299915, 571388, 1088589, 2073943, 3951206, 7527704, 14341527, 27322992, 52054840, 99173120, 188941273, 359964521, 685792227, 1306548149"
A097578,mul INT+ 4 sub x_0_2 x_0_4,(4 mul (x_0_2 sub x_0_4)),"1, 6, 10, 28, 36, 88, 104, 240, 272, 608, 672, 1472, 1600, 3456, 3712, 7936, 8448, 17920, 18944, 39936, 41984, 88064, 92160, 192512, 200704, 417792, 434176, 901120, 933888, 1933312, 1998848, 4128768, 4259840, 8781824, 9043968, 18612224, 19136512, 39321600"
A101463,sub mul x_0_2 INT- 5 x_0_4,((x_0_2 mul -5) sub x_0_4),"1, 2, -4, -9, 19, 43, -91, -206, 436, 987, -2089, -4729, 10009, 22658, -47956, -108561, 229771, 520147, -1100899, -2492174, 5274724, 11940723, -25272721, -57211441, 121088881, 274116482, -580171684, -1313370969, 2779769539, 6292738363, -13318676011"
A189736,add mul INT+ 3 x_0_1 add x_0_2 x_0_2,((3 mul x_0_1) add (x_0_2 add x_0_2)),"3, 2, 12, 40, 144, 512, 1824, 6496, 23136, 82400, 293472, 1045216, 3722592, 13258208, 47219808, 168175840, 598967136, 2133253088, 7597693536, 27059586784, 96374147424, 343241615840, 1222473142368, 4353902658784, 15506654261088, 55227768100832"
A108213,add x_0_2 add x_0_2 mul idiv INT+ 1 0 x_0_1 n,(x_0_2 add (x_0_2 add ((10 idiv x_0_1) mul n))),"44, 22, 88, 44, 176, 88, 352, 176, 704, 352, 1408, 704, 2816, 1408, 5632, 2816, 11264, 5632, 22528, 11264, 45056, 22528, 90112, 45056, 180224, 90112, 360448, 180224, 720896, 360448, 1441792, 720896, 2883584, 1441792, 5767168, 2883584, 11534336, 5767168"
A309889,mul INT+ 4 sub x_0_1 x_0_4,(4 mul (x_0_1 sub x_0_4)),"1, 1, 2, 10, 36"
A045883,sub mul INT+ 3 sub x_0_1 x_0_3 x_0_3,((3 mul (x_0_1 sub x_0_3)) sub x_0_3),"0, 1, 3, 9, 23, 57, 135, 313, 711, 1593, 3527, 7737, 16839, 36409, 78279, 167481, 356807, 757305, 1601991, 3378745, 7107015, 14913081, 31224263, 65244729, 136081863, 283348537, 589066695, 1222872633, 2535223751, 5249404473, 10856722887, 22429273657, 46290203079"
A132208,add x_0_1 mul INT+ 6 sub mul INT+ 5 n INT+ 5,(x_0_1 add (6 mul ((5 mul n) sub 5))),"11, 41, 101, 191, 311, 461, 641, 851, 1091, 1361, 1661, 1991, 2351, 2741, 3161, 3611, 4091, 4601, 5141, 5711, 6311, 6941, 7601, 8291, 9011, 9761, 10541, 11351, 12191"
A065101,sub mul mul INT+ 6 INT+ 2 x_0_1 x_0_2,(((6 mul 2) mul x_0_1) sub x_0_2),"2, 24, 286, 3408, 40610, 483912, 5766334, 68712096, 818778818, 9756633720, 116260825822, 1385373276144, 16508218487906, 196713248578728, 2344050764456830, 27931895924903232, 332838700334381954"
A031717,add n add n sqr mul mul n sub INT+ 3 INT- 1 0 INT- 3,(n add (n add (((n mul (3 sub -10)) mul -3))**2)),"1523, 6088, 13695, 24344, 38035, 54768, 74543, 97360, 123219, 152120, 184063, 219048, 257075, 298144, 342255, 389408, 439603, 492840, 549119, 608440, 670803, 736208, 804655, 876144, 950675, 1028248, 1108863, 1192520, 1279219, 1368960"
A016029,sub mul INT+ 2 add x_0_1 x_0_3 x_0_2,((2 mul (x_0_1 add x_0_3)) sub x_0_2),"1, 1, 2, 5, 10, 19, 38, 77, 154, 307, 614, 1229, 2458, 4915, 9830, 19661, 39322, 78643, 157286, 314573, 629146, 1258291, 2516582, 5033165, 10066330, 20132659, 40265318, 80530637, 161061274, 322122547, 644245094"
A241905,sub mul x_0_1 INT+ 6 sub x_0_5 n,((x_0_1 mul 6) sub (x_0_5 sub n)),"1, 1, 1, 4, 13, 83"
A080880,add x_0_2 mul INT+ 4 sub x_0_2 x_0_4,(x_0_2 add (4 mul (x_0_2 sub x_0_4))),"1, 2, 2, 5, 6, 17, 22, 65, 86, 257, 342, 1025, 1366, 4097, 5462, 16385, 21846, 65537, 87382, 262145, 349526, 1048577, 1398102, 4194305, 5592406, 16777217, 22369622, 67108865, 89478486, 268435457, 357913942, 1073741825, 1431655766, 4294967297"
A087800,sub mul INT+ 6 add x_0_1 x_0_1 x_0_2,((6 mul (x_0_1 add x_0_1)) sub x_0_2),"2, 12, 142, 1692, 20162, 240252, 2862862, 34114092, 406506242, 4843960812, 57721023502, 687808321212, 8195978831042, 97663937651292, 1163771272984462, 13867591338162252, 165247324784962562, 1969100306081388492"
A216443,mul add n sign x_0_5 x_0_2,((n add sign(x_0_5)) mul x_0_2),"0, 1, 8, 15, 48, 105, 384, 945, 3840, 10395, 46080, 135135, 645120, 2027025, 10321920, 34459425, 185794560, 654729075, 3715891200, 13749310575, 81749606400, 316234143225, 1961990553600, 7905853580625, 51011754393600, 213458046676875, 1428329123020800"
A169762,add x_0_3 add x_0_1 add x_0_3 x_0_5,(x_0_3 add (x_0_1 add (x_0_3 add x_0_5))),"1, 1, 2, 4, 9, 14, 23"
A100409,add x_0_1 mul idiv add n INT+ 2 n INT+ 1 0,(x_0_1 add (((n add 2) idiv n) mul 10)),"48, 68, 78, 88, 98"
A119407,add add x_0_1 sub x_0_1 x_0_5 sign n,((x_0_1 add (x_0_1 sub x_0_5)) add sign(n)),"1, 3, 7, 15, 31, 62, 122, 238, 462, 894, 1727, 3333, 6429, 12397, 23901, 46076, 88820, 171212, 330028, 636156, 1226237, 2363655, 4556099, 8782171, 16928187, 32630138, 62896622, 121237146, 233692122, 450456058, 868281979, 1673667337, 3226097529, 6218502937, 11986549817, 23104817656"
A233020,add mul INT+ 5 x_0_1 add x_0_2 x_0_2,((5 mul x_0_1) add (x_0_2 add x_0_2)),"3, 15, 81, 435, 2337, 12555, 67449, 362355, 1946673, 10458075, 56183721, 301834755, 1621541217, 8711375595, 46799960409, 251422553235, 1350712686993, 7256408541435, 38983468081161, 209430157488675, 1125117723605697"
A077948,sub sub x_0_1 x_0_3 sub x_0_3 x_0_2,((x_0_1 sub x_0_3) sub (x_0_3 sub x_0_2)),"1, 1, 2, 1, 1, -2, -3, -7, -6, -7, 1, 6, 21, 25, 34, 17, 1, -50, -83, -135, -118, -87, 65, 214, 453, 537, 562, 193, -319, -1250, -1955, -2567, -2022, -679, 2433, 5798, 9589, 10521, 8514, -143, -12671, -29842, -42227, -46727, -29270, 8457, 72641, 139638, 195365, 189721, 105810, -95199, -368831"
A169875,add x_0_1 sub x_0_1 mod INT+ 5 add n n,(x_0_1 add (x_0_1 sub (5 mod (n add n)))),"8, 15, 25, 45"
A305035,add add x_0_1 x_0_3 add x_0_3 idiv mod n n x_0_6,((x_0_1 add x_0_3) add (x_0_3 add ((n mod n) idiv x_0_6))),"4, 3, 7, 7, 13, 23, 37, 63, 109, 183, 309, 527, 893, 1511, 2565, 4351, 7373, 12503, 21205, 35951, 60957, 103367, 175269, 297183, 503917, 854455, 1448821, 2456655, 4165565, 7063207, 11976517, 20307647, 34434061, 58387095, 99002389, 167870511"
A330010,add x_0_1 mul x_0_2 sign add n x_0_5,(x_0_1 add (x_0_2 mul sign((n add x_0_5)))),"1, 3, 9, 18, 30, 48, 78, 126, 204, 330, 534, 864, 1398, 2262, 3660, 5922, 9582, 15504, 25086, 40590, 65676, 106266, 171942, 278208, 450150, 728358, 1178508, 1906866, 3085374, 4992240, 8077614, 13069854, 21147468, 34217322, 55364790, 89582112, 144946902"
A102094,mul sqr sub add n n INT- 1 add add n n INT- 1,((((n add n) sub -1))**2 mul ((n add n) add -1)),"9, 75, 245, 567, 1089, 1859, 2925, 4335, 6137, 8379, 11109, 14375, 18225, 22707, 27869, 33759, 40425, 47915, 56277, 65559, 75809, 87075, 99405, 112847, 127449, 143259, 160325, 178695, 198417, 219539, 242109, 266175, 291785, 318987, 347829, 378359, 410625"
A015575,add mul INT+ 4 add x_0_1 add x_0_2 x_0_1 x_0_2,((4 mul (x_0_1 add (x_0_2 add x_0_1))) add x_0_2),"0, 1, 8, 69, 592, 5081, 43608, 374269, 3212192, 27568881, 236612008, 2030740469, 17428983792, 149585572681, 1283829500408, 11018563866669, 94567658435392, 811634086816481, 6965910986708808, 59785458327752869, 513113221555566992, 4403833064083300281, 37796230620444237208"
A077835,mul INT+ 2 add x_0_1 add x_0_3 x_0_2,(2 mul (x_0_1 add (x_0_3 add x_0_2))),"1, 2, 6, 18, 52, 152, 444, 1296, 3784, 11048, 32256, 94176, 274960, 802784, 2343840, 6843168, 19979584, 58333184, 170311872, 497249280, 1451788672, 4238699648, 12375475200, 36131927040, 105492203776, 307999212032, 899246685696, 2625476203008, 7665444201472"
A007881,sub mul x_0_1 INT+ 4 x_0_5,((x_0_1 mul 4) sub x_0_5),"1, 2, 4, 8, 18, 71"
A192849,mul sqr sub n INT+ 2 mul n sub sqr n sign n,(((n sub 2))**2 mul (n mul ((n)**2 sub sign(n)))),"0, 0, 24, 240, 1080, 3360, 8400, 18144, 35280, 63360, 106920, 171600, 264264, 393120, 567840, 799680, 1101600, 1488384, 1976760, 2585520, 3335640, 4250400, 5355504, 6679200, 8252400, 10108800, 12285000, 14820624, 17758440, 21144480"
A024003,sub sign n mul sqr sqr sub n sign n sub n sign n,(sign(n) sub ((((n sub sign(n)))**2)**2 mul (n sub sign(n)))),"1, 0, -31, -242, -1023, -3124, -7775, -16806, -32767, -59048, -99999, -161050, -248831, -371292, -537823, -759374, -1048575, -1419856, -1889567, -2476098, -3199999, -4084100, -5153631, -6436342, -7962623, -9765624, -11881375, -14348906, -17210367, -20511148"
A124083,mul n sub mul n INT+ 4 x_0_3,(n mul ((n mul 4) sub x_0_3)),"1, 2, 3, 60, 90"
A131780,add mul x_0_2 INT+ 2 add sign n x_0_3,((x_0_2 mul 2) add (sign(n) add x_0_3)),"1, 4, 5, 10, 15, 26, 41, 68, 109, 178, 287, 466, 753, 1220, 1973, 3194, 5167, 8362, 13529, 21892, 35421, 57314, 92735, 150050, 242785, 392836, 635621, 1028458, 1664079, 2692538, 4356617, 7049156, 11405773, 18454930, 29860703, 48315634, 78176337, 126491972"
A003218,add x_0_1 mul INT+ 4 sub n sign add n x_0_6,(x_0_1 add (4 mul (n sub sign((n add x_0_6))))),"1, 2, 3, 5, 9, 18, 42"
A294447,mul x_0_1 sub INT+ 4 sign x_0_3,(x_0_1 mul (4 sub sign(x_0_3))),"2, 4, 6, 18, 54"
A060013,add x_0_1 sub x_0_1 add INT+ 2 sign x_0_5,(x_0_1 add (x_0_1 sub (2 add sign(x_0_5)))),"1, 2, 3, 5, 9, 15, 27, 51, 99, 195, 387, 771, 1539, 3075, 6147, 12291, 24579, 49155, 98307, 196611, 393219, 786435, 1572867, 3145731, 6291459, 12582915, 25165827, 50331651, 100663299, 201326595, 402653187, 805306371, 1610612739"
A124217,add x_0_2 add x_0_1 sub x_0_1 x_0_4,(x_0_2 add (x_0_1 add (x_0_1 sub x_0_4))),"1, 1, 2, 5, 11, 26, 61, 143, 336, 789, 1853, 4352, 10221, 24005, 56378, 132409, 310975, 730354, 1715305, 4028555, 9461440, 22221081, 52188297, 122569120, 287865097, 676078233, 1587833266, 3729175645, 8758319459, 20569736330"
A192908,sub mul x_0_1 INT+ 3 add x_0_2 sign x_0_3,((x_0_1 mul 3) sub (x_0_2 add sign(x_0_3))),"1, 1, 3, 7, 17, 43, 111, 289, 755, 1975, 5169, 13531, 35423, 92737, 242787, 635623, 1664081, 4356619, 11405775, 29860705, 78176339, 204668311, 535828593, 1402817467, 3672623807, 9615053953, 25172538051, 65902560199"
A094433,mul INT+ 6 sub x_0_1 mul x_0_2 sign x_0_3,(6 mul (x_0_1 sub (x_0_2 mul sign(x_0_3)))),"1, 1, 2, 6, 24, 108, 504, 2376, 11232, 53136, 251424, 1189728, 5629824, 26640576, 126064512, 596543616, 2822874624, 13357986048, 63210668544, 299116094976, 1415432558592, 6697898781696, 31694797338624, 149981391341568, 709719564017664, 3358429036056576"
A024490,add add x_0_1 sub x_0_1 x_0_2 x_0_4,((x_0_1 add (x_0_1 sub x_0_2)) add x_0_4),"1, 2, 3, 4, 6, 10, 17, 28, 45, 72, 116, 188, 305, 494, 799, 1292, 2090, 3382, 5473, 8856, 14329, 23184, 37512, 60696, 98209, 158906, 257115, 416020, 673134, 1089154, 1762289, 2851444, 4613733, 7465176, 12078908, 19544084, 31622993, 51167078, 82790071"
A079862,mul INT+ 4 sub x_0_1 x_0_2,(4 mul (x_0_1 sub x_0_2)),"18, 38, 80, 168, 352, 736, 1536, 3200, 6656, 13824, 28672, 59392, 122880, 253952, 524288, 1081344, 2228224, 4587520, 9437184, 19398656, 39845888, 81788928, 167772160, 343932928, 704643072, 1442840576, 2952790016, 6039797760, 12348030976, 25232932864"
A121907,mul INT+ 2 add x_0_1 mul x_0_2 sign x_0_3,(2 mul (x_0_1 add (x_0_2 mul sign(x_0_3)))),"1, 3, 9, 24, 66, 180, 492, 1344, 3672, 10032, 27408, 74880, 204576, 558912, 1526976, 4171776, 11397504, 31138560, 85072128, 232421376, 634987008, 1734816768, 4739607552, 12948848640, 35376912384, 96651522048, 264056868864, 721416781824, 1970947301376"
A003063,sub mul INT+ 6 sub x_0_1 x_0_2 x_0_1,((6 mul (x_0_1 sub x_0_2)) sub x_0_1),"-1, -1, 1, 11, 49, 179, 601, 1931, 6049, 18659, 57001, 173051, 523249, 1577939, 4750201, 14283371, 42915649, 128878019, 386896201, 1161212891, 3484687249, 10456158899, 31372671001, 94126401611, 282395982049, 847221500579, 2541731610601, 7625329049531, 22876255584049"
A142239,sub mul INT+ 1 0 x_0_2 x_0_4,((10 mul x_0_2) sub x_0_4),"1, 4, 9, 40, 89, 396, 881, 3920, 8721, 38804, 86329, 384120, 854569, 3802396, 8459361, 37639840, 83739041, 372596004, 828931049, 3688320200, 8205571449, 36510605996, 81226783441, 361417739760, 804062262961, 3577666791604, 7959395846169, 35415250176280"
A007800,add add x_0_1 sub x_0_1 x_0_4 sign n,((x_0_1 add (x_0_1 sub x_0_4)) add sign(n)),"1, 2, 4, 8, 16, 31, 59, 111, 207, 384, 710, 1310, 2414, 4445, 8181, 15053, 27693, 50942, 93704, 172356, 317020, 583099, 1072495, 1972635, 3628251, 6673404, 12274314, 22575994, 41523738, 76374073, 140473833, 258371673, 475219609, 874065146"
A338112,mul n mul x_0_1 sign x_0_3,(n mul (x_0_1 mul sign(x_0_3))),"1, 3, 6, 24, 120, 720, 5040, 40320, 362880, 3628800, 39916800, 479001600, 6227020800, 87178291200, 1307674368000, 20922789888000, 355687428096000, 6402373705728000, 121645100408832000, 2432902008176640000, 51090942171709440000, 1124000727777607680000"
A192973,add x_0_1 add sub x_0_1 x_0_3 INT+ 4,(x_0_1 add ((x_0_1 sub x_0_3) add 4)),"1, 3, 10, 23, 47, 88, 157, 271, 458, 763, 1259, 2064, 3369, 5483, 8906, 14447, 23415, 37928, 61413, 99415, 160906, 260403, 421395, 681888, 1103377, 1785363, 2888842, 4674311, 7563263, 12237688, 19801069, 32038879, 51840074, 83879083"
A094555,add x_0_1 sub mul INT+ 6 x_0_2 sign x_0_3,(x_0_1 add ((6 mul x_0_2) sub sign(x_0_3))),"0, 1, 1, 6, 11, 46, 111, 386, 1051, 3366, 9671, 29866, 87891, 267086, 794431, 2396946, 7163531, 21545206, 64526391, 193797626, 580955971, 1743741726, 5229477551, 15691927906, 47068793211, 141220360646, 423633119911, 1270955283786"
A198307,add mul INT+ 6 x_0_2 INT+ 2,((6 mul x_0_2) add 2),"8, 14, 50, 86, 302, 518, 1814, 3110, 10886, 18662, 65318, 111974, 391910, 671846, 2351462, 4031078, 14108774, 24186470, 84652646, 145118822, 507915878, 870712934, 3047495270, 5224277606, 18284971622, 31345665638, 109709829734, 188073993830, 658258978406"
A206371,add x_0_1 sub x_0_1 sign n,(x_0_1 add (x_0_1 sub sign(n))),"32, 63, 125, 249, 497, 993, 1985, 3969, 7937, 15873, 31745, 63489, 126977, 253953, 507905, 1015809, 2031617, 4063233, 8126465, 16252929, 32505857, 65011713, 130023425, 260046849, 520093697, 1040187393, 2080374785, 4160749569, 8321499137, 16642998273"
A052535,add add x_0_1 x_0_2 sub x_0_2 x_0_4,((x_0_1 add x_0_2) add (x_0_2 sub x_0_4)),"1, 1, 2, 4, 7, 14, 26, 50, 95, 181, 345, 657, 1252, 2385, 4544, 8657, 16493, 31422, 59864, 114051, 217286, 413966, 788674, 1502555, 2862617, 5453761, 10390321, 19795288, 37713313, 71850128, 136886433, 260791401, 496850954, 946583628"
A222040,add add add x_0_1 x_0_2 INT+ 6 idiv mod n n x_0_6,(((x_0_1 add x_0_2) add 6) add ((n mod n) idiv x_0_6)),"2, 4, 8, 15, 27, 47, 80, 133, 219, 358, 583, 947, 1536, 2489, 4031, 6526, 10563, 17095, 27664, 44765, 72435, 117206, 189647, 306859, 496512, 803377, 1299895, 2103278, 3403179, 5506463, 8909648, 14416117, 23325771, 37741894, 61067671, 98809571"
A115327,add x_0_1 mul x_0_2 mul INT+ 3 sub n INT+ 2,(x_0_1 add (x_0_2 mul (3 mul (n sub 2)))),"1, 1, 4, 10, 46, 166, 856, 3844, 21820, 114076, 703216, 4125496, 27331624, 175849480, 1241782816, 8627460976, 64507687696, 478625814544, 3768517887040, 29614311872416, 244419831433696, 2021278543778656, 17419727924101504"
A100104,add mul sub n INT+ 2 sqr sub n sign n sign n,(((n sub 2) mul ((n sub sign(n)))**2) add sign(n)),"1, 1, 5, 19, 49, 101, 181, 295, 449, 649, 901, 1211, 1585, 2029, 2549, 3151, 3841, 4625, 5509, 6499, 7601, 8821, 10165, 11639, 13249, 15001, 16901, 18955, 21169, 23549, 26101, 28831, 31745, 34849, 38149, 41651, 45361, 49285, 53429, 57799, 62401, 67241, 72325"
A079731,mul INT+ 2 add x_0_1 idiv n x_0_2,(2 mul (x_0_1 add (n idiv x_0_2))),"28, 55, 110, 220, 440, 880, 1760, 3520"
A192805,add add add x_0_1 x_0_2 sub x_0_2 INT+ 2 x_0_3,(((x_0_1 add x_0_2) add (x_0_2 sub 2)) add x_0_3),"1, 1, 1, 2, 3, 6, 12, 25, 53, 113, 242, 519, 1114, 2392, 5137, 11033, 23697, 50898, 109323, 234814, 504356, 1083305, 2326829, 4997793, 10734754, 23057167, 49524466, 106373552, 228479649, 490751217, 1054084065, 2264066146, 4862985491"
A123102,add add x_0_1 mul x_0_3 INT+ 3 x_0_2,((x_0_1 add (x_0_3 mul 3)) add x_0_2),"1, 0, 1, 4, 5, 12, 29, 56, 121, 264, 553, 1180, 2525, 5364, 11429, 24368, 51889, 110544, 235537, 501748, 1068917, 2277276, 4851437, 10335464, 22018729, 46908504, 99933625, 212898316, 453557453, 966256644, 2058509045, 4385438048"
A069229,add mul INT+ 4 sub x_0_1 x_0_2 add n INT- 5,((4 mul (x_0_1 sub x_0_2)) add (n add -5)),"0, 3, 10, 27, 68, 165, 390, 903, 2056, 4617, 10250, 22539, 49164, 106509, 229390, 491535, 1048592, 2228241, 4718610, 9961491, 20971540, 44040213, 92274710, 192938007, 402653208, 838860825, 1744830490, 3623878683, 7516192796"
A293007,mul INT+ 2 add x_0_1 mul x_0_2 sign x_0_3,(2 mul (x_0_1 add (x_0_2 mul sign(x_0_3)))),"0, 0, 2, 4, 12, 32, 88, 240, 656, 1792, 4896, 13376, 36544, 99840, 272768, 745216, 2035968, 5562368, 15196672, 41518080, 113429504, 309895168, 846649344, 2313089024, 6319476736, 17265131520, 47169216512, 128868696064, 352075825152, 961889042432"
A052997,add add add x_0_1 x_0_2 x_0_2 sign x_0_3,(((x_0_1 add x_0_2) add x_0_2) add sign(x_0_3)),"1, 3, 7, 14, 29, 58, 117, 234, 469, 938, 1877, 3754, 7509, 15018, 30037, 60074, 120149, 240298, 480597, 961194, 1922389, 3844778, 7689557, 15379114, 30758229, 61516458, 123032917, 246065834, 492131669, 984263338, 1968526677"
A105225,add mul x_0_2 INT- 2 add x_0_1 sign n,((x_0_2 mul -2) add (x_0_1 add sign(n))),"1, -1, -2, 1, 6, 5, -6, -15, -2, 29, 34, -23, -90, -43, 138, 225, -50, -499, -398, 601, 1398, 197, -2598, -2991, 2206, 8189, 3778, -12599, -20154, 5045, 45354, 35265, -55442, -125971, -15086, 236857, 267030, -206683, -740742, -327375, 1154110, 1808861, -499358, -4117079, -3118362, 5115797"
A138322,mul add x_0_1 add x_0_2 x_0_2 INT+ 5,((x_0_1 add (x_0_2 add x_0_2)) mul 5),"1, 15, 85, 575, 3725, 24375, 159125, 1039375, 6788125, 44334375, 289553125, 1891109375, 12351078125, 80666484375, 526843203125, 3440880859375, 22472836328125, 146772990234375, 958593314453125, 6260696474609375"
A226205,add x_0_1 add x_0_2 add x_0_1 sub x_0_2 x_0_3,(x_0_1 add (x_0_2 add (x_0_1 add (x_0_2 sub x_0_3)))),"1, 0, 3, 5, 16, 39, 105, 272, 715, 1869, 4896, 12815, 33553, 87840, 229971, 602069, 1576240, 4126647, 10803705, 28284464, 74049691, 193864605, 507544128, 1328767775, 3478759201, 9107509824, 23843770275, 62423800997, 163427632720, 427859097159, 1120149658761"
A096976,add mul x_0_2 INT+ 2 sub x_0_1 x_0_3,((x_0_2 mul 2) add (x_0_1 sub x_0_3)),"1, 0, 1, 0, 2, 1, 5, 5, 14, 19, 42, 66, 131, 221, 417, 728, 1341, 2380, 4334, 7753, 14041, 25213, 45542, 81927, 147798, 266110, 479779, 864201, 1557649, 2806272, 5057369, 9112264, 16420730, 29587889, 53317085, 96072133, 173118414, 311945595, 562110290"
A350923,sub mul x_0_1 INT+ 1 0 add x_0_2 INT+ 4,((x_0_1 mul 10) sub (x_0_2 add 4)),"2, 2, 14, 134, 1322, 13082, 129494, 1281854, 12689042, 125608562, 1243396574, 12308357174, 121840175162, 1206093394442, 11939093769254, 118184844298094, 1169909349211682, 11580908647818722, 114639177128975534, 1134810862641936614, 11233469449290390602, 111199883630261969402"
A134154,sub x_0_1 mul INT- 6 sub mul n INT+ 5 sub INT+ 1 0 sign x_0_1,(x_0_1 sub (-6 mul ((n mul 5) sub (10 sub sign(x_0_1))))),"1, 7, 43, 109, 205, 331, 487, 673, 889, 1135, 1411, 1717, 2053, 2419, 2815, 3241, 3697, 4183, 4699, 5245, 5821, 6427, 7063, 7729, 8425, 9151, 9907, 10693, 11509, 12355, 13231, 14137, 15073, 16039, 17035, 18061, 19117, 20203, 21319, 22465, 23641"
A254599,add x_0_1 mul add x_0_1 x_0_2 INT+ 8,(x_0_1 add ((x_0_1 add x_0_2) mul 8)),"1, 10, 98, 962, 9442, 92674, 909602, 8927810, 87627106, 860066434, 8441614754, 82855064258, 813228496354, 7981896981250, 78342900802082, 768941283068738, 7547214754035298, 74076463050867586, 727065885490090658, 7136204673817756610, 70042369148280534754"
A096019,add x_0_1 sub x_0_1 mul INT- 3 x_0_2 n,(x_0_1 add (x_0_1 sub (-3 mul x_0_2))),"3, 7, 23, 67, 203, 607, 1823, 5467, 16403, 49207, 147623, 442867, 1328603, 3985807, 11957423, 35872267, 107616803, 322850407, 968551223, 2905653667, 8716961003, 26150883007, 78452649023, 235357947067, 706073841203, 2118221523607"
A041010,sub mul INT+ 6 x_0_2 x_0_4,((6 mul x_0_2) sub x_0_4),"2, 3, 14, 17, 82, 99, 478, 577, 2786, 3363, 16238, 19601, 94642, 114243, 551614, 665857, 3215042, 3880899, 18738638, 22619537, 109216786, 131836323, 636562078, 768398401, 3710155682, 4478554083, 21624372014, 26102926097, 126036076402, 152139002499"
A193652,sub x_0_2 mul INT- 4 sub x_0_2 x_0_4,(x_0_2 sub (-4 mul (x_0_2 sub x_0_4))),"0, 1, 2, 3, 10, 11, 42, 43, 170, 171, 682, 683, 2730, 2731, 10922, 10923, 43690, 43691, 174762, 174763, 699050, 699051, 2796202, 2796203, 11184810, 11184811, 44739242, 44739243, 178956970, 178956971, 715827882, 715827883, 2863311530, 2863311531, 11453246122"
A111297,sub mul INT+ 4 sub x_0_1 x_0_2 idiv mod n n x_0_5,((4 mul (x_0_1 sub x_0_2)) sub ((n mod n) idiv x_0_5)),"1, 2, 5, 11, 24, 52, 112, 240, 512, 1088, 2304, 4864, 10240, 21504, 45056, 94208, 196608, 409600, 851968, 1769472, 3670016, 7602176, 15728640, 32505856, 67108864, 138412032, 285212672, 587202560, 1207959552, 2483027968, 5100273664"
A031735,add n add n sqr mul mul n sub INT+ 9 INT- 1 0 INT- 3,(n add (n add (((n mul (9 sub -10)) mul -3))**2)),"3251, 13000, 29247, 51992, 81235, 116976, 159215, 207952, 263187, 324920, 393151, 467880, 549107, 636832, 731055, 831776, 938995, 1052712, 1172927, 1299640, 1432851, 1572560, 1718767, 1871472, 2030675, 2196376, 2368575, 2547272, 2732467"
A031769,add n add n sqr mul mul n sub INT+ 3 INT- 1 0 INT- 7,(n add (n add (((n mul (3 sub -10)) mul -7))**2)),"8283, 33128, 74535, 132504, 207035, 298128, 405783, 530000, 670779, 828120, 1002023, 1192488, 1399515, 1623104, 1863255, 2119968, 2393243, 2683080, 2989479, 3312440, 3651963, 4008048, 4380695, 4769904, 5175675, 5598008, 6036903, 6492360"
A347515,add x_0_1 sub x_0_2 mul INT- 1 0 mul INT+ 4 n,(x_0_1 add (x_0_2 sub (-10 mul (4 mul n)))),"3, 7, 130"
A100434,sub mul INT- 6 x_0_2 x_0_4,((-6 mul x_0_2) sub x_0_4),"3, 4, -17, -24, 99, 140, -577, -816, 3363, 4756, -19601, -27720, 114243, 161564, -665857, -941664, 3880899, 5488420, -22619537, -31988856, 131836323, 186444716, -768398401, -1086679440, 4478554083, 6333631924, -26102926097, -36915112104, 152139002499, 215157040700"
A087161,mul INT+ 2 add sub x_0_1 sub x_0_2 x_0_1 INT- 1,(2 mul ((x_0_1 sub (x_0_2 sub x_0_1)) add -1)),"1, 2, 4, 10, 30, 98, 330, 1122, 3826, 13058, 44578, 152194, 519618, 1774082, 6057090, 20680194, 70606594, 241065986, 823050754, 2810071042, 9594182658, 32756588546, 111837988866, 381838778370, 1303679135746, 4451038986242"
A123887,mul INT+ 5 add x_0_1 mul x_0_2 sign x_0_3,(5 mul (x_0_1 add (x_0_2 mul sign(x_0_3)))),"1, 6, 36, 210, 1230, 7200, 42150, 246750, 1444500, 8456250, 49503750, 289800000, 1696518750, 9931593750, 58140562500, 340360781250, 1992506718750, 11664337500000, 68284221093750, 399742792968750, 2340135070312500, 13699389316406250, 80197621933593750, 469485056250000000"
A138278,mul INT+ 5 mul x_0_3 sign x_0_6,(5 mul (x_0_3 mul sign(x_0_6))),"1, 2, 4, 8, 16, 24, 40, 80, 120, 200, 400, 600, 1000, 2000, 3000, 5000, 10000, 15000, 25000, 50000, 75000, 125000, 250000, 375000, 625000, 1250000, 1875000, 3125000, 6250000, 9375000, 15625000, 31250000, 46875000, 78125000, 156250000, 234375000, 390625000"
A199336,sub mul INT+ 8 x_0_2 x_0_4,((8 mul x_0_2) sub x_0_4),"1, 3, 5, 23, 39, 181, 307, 1425, 2417, 11219, 19029, 88327, 149815, 695397, 1179491, 5474849, 9286113, 43103395, 73109413, 339352311, 575589191, 2671715093, 4531604115, 21034368433, 35677243729, 165603232371, 280886345717, 1303791490535, 2211413522007"
A152457,add n add mul sqr sub n sign n n sub x_0_1 sign n,(n add ((((n sub sign(n)))**2 mul n) add (x_0_1 sub sign(n)))),"0, 3, 17, 56, 140, 295, 553, 952, 1536, 2355, 3465, 4928, 6812, 9191, 12145, 15760, 20128, 25347, 31521, 38760, 47180, 56903, 68057, 80776, 95200, 111475, 129753, 150192, 172956, 198215, 226145, 256928, 290752, 327811, 368305, 412440, 460428"
A100705,add n add mul sqr sub n sign n n add n INT- 1,(n add ((((n sub sign(n)))**2 mul n) add (n add -1))),"1, 5, 17, 43, 89, 161, 265, 407, 593, 829, 1121, 1475, 1897, 2393, 2969, 3631, 4385, 5237, 6193, 7259, 8441, 9745, 11177, 12743, 14449, 16301, 18305, 20467, 22793, 25289, 27961, 30815, 33857, 37093, 40529, 44171, 48025, 52097, 56393, 60919, 65681, 70685, 75937"
A131941,add add x_0_2 sqr sub n sign add n n sub INT+ 2 n,((x_0_2 add ((n sub sign((n add n))))**2) add (2 sub n)),"0, 1, 3, 8, 16, 29, 47, 72, 104, 145, 195, 256, 328, 413, 511, 624, 752, 897, 1059, 1240, 1440, 1661, 1903, 2168, 2456, 2769, 3107, 3472, 3864, 4285, 4735, 5216, 5728, 6273, 6851, 7464, 8112, 8797, 9519, 10280, 11080, 11921, 12803, 13728, 14696, 15709"
A175169,add x_0_1 mul INT+ 5 sub sqr n sub n sign x_0_3,(x_0_1 add (5 mul ((n)**2 sub (n sub sign(x_0_3))))),"1, 2, 5, 70"
A241204,mul INT+ 4 sub x_0_1 mul x_0_2 sign x_0_3,(4 mul (x_0_1 sub (x_0_2 mul sign(x_0_3)))),"1, 8, 32, 96, 256, 640, 1536, 3584, 8192, 18432, 40960, 90112, 196608, 425984, 917504, 1966080, 4194304, 8912896, 18874368, 39845888, 83886080, 176160768, 369098752, 771751936, 1610612736, 3355443200, 6979321856, 14495514624, 30064771072, 62277025792"
A077989,sub mul sub x_0_1 x_0_3 INT- 2 x_0_2,(((x_0_1 sub x_0_3) mul -2) sub x_0_2),"1, -2, 3, -2, -3, 14, -29, 38, -19, -58, 211, -402, 477, -130, -1021, 3126, -5491, 5814, 115, -17026, 45565, -73874, 68131, 28742, -273363, 654246, -977645, 754318, 777501, -4264610, 9260355, -12701098, 7612621, 15996566, -65007949, 129244574, -161488067, 63715662, 292545891"
A109437,sub mul INT+ 3 add x_0_1 x_0_2 x_0_3,((3 mul (x_0_1 add x_0_2)) sub x_0_3),"0, 1, 3, 12, 44, 165, 615, 2296, 8568, 31977, 119339, 445380, 1662180, 6203341, 23151183, 86401392, 322454384, 1203416145, 4491210195, 16761424636, 62554488348, 233456528757, 871271626679, 3251629977960, 12135248285160"
A007598,sub mul add x_0_1 x_0_2 INT+ 2 x_0_3,(((x_0_1 add x_0_2) mul 2) sub x_0_3),"0, 1, 1, 4, 9, 25, 64, 169, 441, 1156, 3025, 7921, 20736, 54289, 142129, 372100, 974169, 2550409, 6677056, 17480761, 45765225, 119814916, 313679521, 821223649, 2149991424, 5628750625, 14736260449, 38580030724, 101003831721, 264431464441, 692290561600"
A232584,sub mul x_0_1 INT+ 3 sub x_0_2 INT+ 8,((x_0_1 mul 3) sub (x_0_2 sub 8)),"2, 12, 42, 122, 332, 882, 2322, 6092, 15962, 41802, 109452, 286562, 750242, 1964172, 5142282, 13462682, 35245772, 92274642, 241578162, 632459852, 1655801402, 4334944362, 11349031692, 29712150722, 77787420482, 203650110732"
A317186,add add x_0_1 sub x_0_2 x_0_3 INT+ 4,((x_0_1 add (x_0_2 sub x_0_3)) add 4),"1, 2, 6, 11, 19, 28, 40, 53, 69, 86, 106, 127, 151, 176, 204, 233, 265, 298, 334, 371, 411, 452, 496, 541, 589, 638, 690, 743, 799, 856, 916, 977, 1041, 1106, 1174, 1243, 1315, 1388, 1464, 1541, 1621, 1702, 1786, 1871, 1959, 2048, 2140, 2233, 2329, 2426"
A229572,mul INT+ 4 sub x_0_1 mul x_0_2 sign x_0_3,(4 mul (x_0_1 sub (x_0_2 mul sign(x_0_3)))),"1, 6, 26, 80, 216, 544, 1312, 3072, 7040, 15872, 35328, 77824, 169984, 368640, 794624, 1703936, 3637248, 7733248, 16384000, 34603008, 72876032, 153092096, 320864256, 671088640, 1400897536, 2919235584, 6073352192, 12616466432, 26172456960"
A158547,add mul INT+ 3 mul INT+ 8 sqr sub n sign n INT+ 1,((3 mul (8 mul ((n sub sign(n)))**2)) add 1),"1, 25, 97, 217, 385, 601, 865, 1177, 1537, 1945, 2401, 2905, 3457, 4057, 4705, 5401, 6145, 6937, 7777, 8665, 9601, 10585, 11617, 12697, 13825, 15001, 16225, 17497, 18817, 20185, 21601, 23065, 24577, 26137, 27745, 29401, 31105, 32857, 34657"
A190959,sub mul INT+ 3 sub x_0_1 x_0_2 add x_0_2 x_0_2,((3 mul (x_0_1 sub x_0_2)) sub (x_0_2 add x_0_2)),"0, 1, 3, 4, -3, -29, -72, -71, 147, 796, 1653, 979, -5328, -20879, -35997, -3596, 169197, 525571, 730728, -435671, -4960653, -12703604, -13307547, 23595379, 137323872, 293994721, 195364803, -883879196, -3628461603, -6465988829, -1255658472, 28562968729"
A077890,sub mul x_0_3 INT- 2 sub x_0_2 sign relu x_0_3,((x_0_3 mul -2) sub (x_0_2 sub sign(relu(x_0_3)))),"1, 1, 0, -2, -1, 3, 6, 0, -11, -11, 12, 34, 11, -57, -78, 36, 193, 121, -264, -506, 23, 1035, 990, -1080, -3059, -899, 5220, 7018, -3421, -17457, -10614, 24300, 45529, -3071, -94128, -87986, 100271, 276243, 75702, -476784, -628187, 325381, 1581756, 930994, -2232517, -4094505, 370530"
A005409,add add add x_0_1 x_0_2 INT+ 2 mul x_0_1 sign x_0_3,(((x_0_1 add x_0_2) add 2) add (x_0_1 mul sign(x_0_3))),"1, 1, 4, 11, 28, 69, 168, 407, 984, 2377, 5740, 13859, 33460, 80781, 195024, 470831, 1136688, 2744209, 6625108, 15994427, 38613964, 93222357, 225058680, 543339719, 1311738120, 3166815961, 7645370044, 18457556051, 44560482148, 107578520349, 259717522848"
A085473,add x_0_1 mul INT+ 3 sub mul INT+ 4 n INT+ 5,(x_0_1 add (3 mul ((4 mul n) sub 5))),"1, 10, 31, 64, 109, 166, 235, 316, 409, 514, 631, 760, 901, 1054, 1219, 1396, 1585, 1786, 1999, 2224, 2461, 2710, 2971, 3244, 3529, 3826, 4135, 4456, 4789, 5134, 5491, 5860, 6241, 6634, 7039, 7456, 7885, 8326, 8779, 9244, 9721, 10210, 10711, 11224"
A019489,add add add x_0_3 x_0_1 sign n x_0_1,(((x_0_3 add x_0_1) add sign(n)) add x_0_1),"3, 7, 16, 36, 80, 177, 391, 863, 1904, 4200, 9264, 20433, 45067, 99399, 219232, 483532, 1066464, 2352161, 5187855, 11442175, 25236512, 55660880, 122763936, 270764385, 597189651, 1317143239, 2905050864, 6407291380, 14131726000, 31168502865, 68744297111"
A140725,add x_0_1 mul INT+ 6 mul x_0_2 sign x_0_3,(x_0_1 add (6 mul (x_0_2 mul sign(x_0_3)))),"0, 1, 4, 10, 34, 94, 298, 862, 2650, 7822, 23722, 70654, 212986, 636910, 1914826, 5736286, 17225242, 51642958, 154994410, 464852158, 1394818618, 4183931566, 12552843274, 37656432670, 112973492314, 338912088334, 1016753042218"
A062113,add mod x_0_1 x_0_2 mul INT+ 3 x_0_2 n,((x_0_1 mod x_0_2) add (3 mul x_0_2)),"1, 2, 3, 7, 10, 24, 34, 82, 116, 280, 396, 956, 1352, 3264, 4616, 11144, 15760, 38048, 53808, 129904, 183712, 443520, 627232, 1514272, 2141504, 5170048, 7311552, 17651648, 24963200, 60266496, 85229696, 205762688, 290992384, 702517760"
A081436,sub mul sqr n n idiv sub sqr n n INT+ 2,(((n)**2 mul n) sub (((n)**2 sub n) idiv 2)),"1, 7, 24, 58, 115, 201, 322, 484, 693, 955, 1276, 1662, 2119, 2653, 3270, 3976, 4777, 5679, 6688, 7810, 9051, 10417, 11914, 13548, 15325, 17251, 19332, 21574, 23983, 26565, 29326, 32272, 35409, 38743, 42280, 46026, 49987, 54169, 58578, 63220"
A116413,add x_0_1 add add x_0_1 x_0_3 x_0_2,(x_0_1 add ((x_0_1 add x_0_3) add x_0_2)),"1, 3, 7, 18, 46, 117, 298, 759, 1933, 4923, 12538, 31932, 81325, 207120, 527497, 1343439, 3421495, 8713926, 22192786, 56520993, 143948698, 366611175, 933692041, 2377943955, 6056191126, 15424018248, 39282171577, 100044552528, 254795294881, 648917313867"
A079863,mul INT+ 4 sub x_0_1 x_0_2,(4 mul (x_0_1 sub x_0_2)),"34, 70, 144, 296, 608, 1248, 2560, 5248, 10752, 22016, 45056, 92160, 188416, 385024, 786432, 1605632, 3276800, 6684672, 13631488, 27787264, 56623104, 115343360, 234881024, 478150656, 973078528, 1979711488, 4026531840, 8187281408, 16642998272, 33822867456"
A022283,add sub x_0_1 x_0_2 add sqr INT- 5 x_0_1,((x_0_1 sub x_0_2) add ((-5)**2 add x_0_1)),"0, 13, 51, 114, 202, 315, 453, 616, 804, 1017, 1255, 1518, 1806, 2119, 2457, 2820, 3208, 3621, 4059, 4522, 5010, 5523, 6061, 6624, 7212, 7825, 8463, 9126, 9814, 10527, 11265, 12028, 12816, 13629, 14467"
A059570,sub mul INT+ 4 sub x_0_1 x_0_3 x_0_1,((4 mul (x_0_1 sub x_0_3)) sub x_0_1),"1, 2, 6, 14, 34, 78, 178, 398, 882, 1934, 4210, 9102, 19570, 41870, 89202, 189326, 400498, 844686, 1776754, 3728270, 7806066, 16311182, 34020466, 70837134, 147266674, 305718158, 633805938, 1312351118, 2714180722, 5607318414, 11572550770, 23860929422"
A183774,sub x_0_1 mul INT- 4 x_0_2,(x_0_1 sub (-4 mul x_0_2)),"5, 13, 33, 85, 217, 557, 1425, 3653, 9353, 23965, 61377, 157237, 402745, 1031693, 2642673, 6769445, 17340137, 44417917, 113778465, 291450133, 746563993, 1912364525, 4898620497, 12548078597, 32142560585, 82334874973, 210905117313"
A180142,sub mul INT+ 3 add x_0_1 x_0_2 idiv INT+ 3 n,((3 mul (x_0_1 add x_0_2)) sub (3 idiv n)),"1, 4, 14, 54, 204, 774, 2934, 11124, 42174, 159894, 606204, 2298294, 8713494, 33035364, 125246574, 474845814, 1800277164, 6825368934, 25876938294, 98106921684, 371951579934, 1410175504854, 5346381254364, 20269670277654, 76848154596054, 291353474621124"
A265185,mul INT+ 2 add x_0_1 sub x_0_1 x_0_2,(2 mul (x_0_1 add (x_0_1 sub x_0_2))),"4, 8, 24, 80, 272, 928, 3168, 10816, 36928, 126080, 430464, 1469696, 5017856, 17132032, 58492416, 199705600, 681837568, 2327939072, 7948081152, 27136446464, 92649623552, 316325601280, 1080003158016, 3687361429504, 12589439401984, 42983034748928"
A145542,sub mul INT+ 8 x_0_2 x_0_4,((8 mul x_0_2) sub x_0_4),"1, 3, 7, 24, 55, 189, 433, 1488, 3409, 11715, 26839, 92232, 211303, 726141, 1663585, 5716896, 13097377, 45009027, 103115431, 354355320, 811826071, 2789833533, 6391493137, 21964312944, 50320119025, 172924670019, 396169459063, 1361433047208, 3119035553479"
A237262,sub mul x_0_2 INT+ 8 x_0_4,((x_0_2 mul 8) sub x_0_4),"1, 2, 6, 15, 47, 118, 370, 929, 2913, 7314, 22934, 57583, 180559, 453350, 1421538, 3569217, 11191745, 28100386, 88112422, 221233871, 693707631, 1741770582, 5461548626, 13712930785, 42998681377, 107961675698, 338527902390, 849980474799, 2665224537743"
A135491,add add x_0_1 x_0_2 mul x_0_3 sign x_0_5,((x_0_1 add x_0_2) add (x_0_3 mul sign(x_0_5))),"1, 2, 4, 8, 14, 26, 48, 88, 162, 298, 548, 1008, 1854, 3410, 6272, 11536, 21218, 39026, 71780, 132024, 242830, 446634, 821488, 1510952, 2779074, 5111514, 9401540, 17292128, 31805182, 58498850, 107596160, 197900192, 363995202, 669491554, 1231386948, 2264873704"
A052903,add x_0_1 sub add x_0_1 x_0_3 x_0_4,(x_0_1 add ((x_0_1 add x_0_3) sub x_0_4)),"1, 2, 4, 8, 17, 36, 76, 161, 341, 722, 1529, 3238, 6857, 14521, 30751, 65121, 137906, 292042, 618454, 1309693, 2773522, 5873456, 12438151, 26340131, 55780196, 118125087, 250152154, 529744373, 1121833637, 2375694341, 5030980901"
A049868,add x_0_1 sub x_0_1 sub x_0_3 x_0_4,(x_0_1 add (x_0_1 sub (x_0_3 sub x_0_4))),"1, 2, 2, 4, 7, 14, 26, 49, 91, 170, 317, 592, 1105, 2063, 3851, 7189, 13420, 25052, 46766, 87301, 162970, 304226, 567917, 1060165, 1979074, 3694457, 6896666, 12874423, 24033463, 44864717, 83751677, 156344314, 291857374"
A096654,add x_0_1 mul add x_0_1 x_0_2 sub n sign n,(x_0_1 add ((x_0_1 add x_0_2) mul (n sub sign(n)))),"1, 2, 8, 38, 222, 1522, 11986, 106542, 1054766, 11506538, 137119578, 1772006854, 24681524038, 368577425634, 5874202721042, 99515904921182, 1785757627196766, 33835407673201882, 675016383080377546, 14143200407398386678, 310507536216973671158"
A198276,add x_0_1 add x_0_1 sqr idiv INT- 2 n,(x_0_1 add (x_0_1 add ((-2 idiv n))**2)),"18, 37, 75, 151, 303, 607, 1215, 2431, 4863, 9727, 19455, 38911, 77823, 155647, 311295, 622591, 1245183, 2490367, 4980735, 9961471, 19922943, 39845887, 79691775, 159383551, 318767103, 637534207, 1275068415, 2550136831, 5100273663, 10200547327, 20401094655"
A202337,mul x_0_1 sub INT+ 3 idiv sign x_0_4 n,(x_0_1 mul (3 sub (sign(x_0_4) idiv n))),"1, 2, 6, 12, 36, 108, 324, 972, 2916, 8748, 26244, 78732, 236196, 708588, 2125764, 6377292, 19131876, 57395628, 172186884, 516560652, 1549681956, 4649045868, 13947137604, 41841412812, 125524238436, 376572715308, 1129718145924, 3389154437772, 10167463313316"
A152777,add x_0_1 mul INT+ 7 sub mul INT+ 4 n sub INT+ 9 n,(x_0_1 add (7 mul ((4 mul n) sub (9 sub n)))),"0, 7, 49, 126, 238, 385, 567, 784, 1036, 1323, 1645, 2002, 2394, 2821, 3283, 3780, 4312, 4879, 5481, 6118, 6790, 7497, 8239, 9016, 9828, 10675, 11557, 12474, 13426, 14413, 15435, 16492, 17584, 18711, 19873, 21070, 22302, 23569"
A014288,add x_0_1 mul sub x_0_1 x_0_2 sub n sign x_0_3,(x_0_1 add ((x_0_1 sub x_0_2) mul (n sub sign(x_0_3)))),"0, 1, 2, 5, 17, 77, 437, 2957, 23117, 204557, 2018957, 21977357, 261478157, 3374988557, 46964134157, 700801318157, 11162196262157, 189005910310157, 3390192763174157, 64212742967590157, 1280663747055910157, 26826134832910630157, 588826498721714470157"
A138339,add add add x_0_1 x_0_2 x_0_1 sub x_0_2 INT+ 1 0,(((x_0_1 add x_0_2) add x_0_1) add (x_0_2 sub 10)),"0, 7, 4, 12"
A212698,idiv mul x_0_1 mul n INT+ 4 add n INT- 1,((x_0_1 mul (n mul 4)) idiv (n add -1)),"3, 24, 144, 768, 3840, 18432, 86016, 393216, 1769472, 7864320, 34603008, 150994944, 654311424, 2818572288, 12079595520, 51539607552, 219043332096, 927712935936, 3917010173952, 16492674416640, 69269232549888, 290271069732864, 1213860837064704"
A097075,add add x_0_1 mul x_0_2 INT+ 3 x_0_3,((x_0_1 add (x_0_2 mul 3)) add x_0_3),"1, 0, 2, 3, 9, 20, 50, 119, 289, 696, 1682, 4059, 9801, 23660, 57122, 137903, 332929, 803760, 1940450, 4684659, 11309769, 27304196, 65918162, 159140519, 384199201, 927538920, 2239277042, 5406093003, 13051463049, 31509019100, 76069501250"
A052977,add x_0_2 add x_0_1 sub x_0_3 x_0_5,(x_0_2 add (x_0_1 add (x_0_3 sub x_0_5))),"1, 1, 1, 3, 5, 8, 15, 27, 47, 84, 150, 266, 473, 842, 1497, 2662, 4735, 8421, 14976, 26635, 47370, 84246, 149830, 266470, 473911, 842841, 1498976, 2665898, 4741245, 8432208, 14996510, 26670987, 47433807, 84360059, 150032645, 266830001"
A116423,add mul INT+ 4 sub x_0_1 x_0_2 sub x_0_2 x_0_3,((4 mul (x_0_1 sub x_0_2)) add (x_0_2 sub x_0_3)),"0, 1, 3, 9, 26, 74, 209, 588, 1651, 4631, 12983, 36388, 101972, 285741, 800660, 2243445, 6286059, 17613241, 49351342, 138279586, 387451077, 1085614208, 3041824015, 8523002359, 23880923183, 66912861640, 187485674652, 525323190505, 1471922876424, 4124236259529"
A077843,mul INT+ 2 add x_0_1 add x_0_3 x_0_2,(2 mul (x_0_1 add (x_0_3 add x_0_2))),"1, 1, 4, 12, 34, 100, 292, 852, 2488, 7264, 21208, 61920, 180784, 527824, 1541056, 4499328, 13136416, 38353600, 111978688, 326937408, 954539392, 2786910976, 8136775552, 23756451840, 69360276736, 202507008256, 591247473664, 1726229517312, 5039967998464"
A080874,sub mul INT+ 1 0 x_0_2 x_0_4,((10 mul x_0_2) sub x_0_4),"1, 1, 3, 8, 29, 79, 287, 782, 2841, 7741, 28123, 76628, 278389, 758539, 2755767, 7508762, 27279281, 74329081, 270037043, 735782048, 2673091149, 7283491399, 26460874447, 72099131942, 261935653321, 713707828021, 2592895658763"
A018922,sub x_0_1 sub x_0_5 x_0_1,(x_0_1 sub (x_0_5 sub x_0_1)),"8, 16, 31, 60, 116, 224, 432, 833, 1606, 3096, 5968, 11504, 22175, 42744, 82392, 158816, 306128, 590081, 1137418, 2192444, 4226072, 8146016, 15701951, 30266484, 58340524, 112454976, 216763936, 417825921, 805385358, 1552430192, 2992405408, 5768046880"
A033030,mul add INT- 6 mul n INT+ 3 add x_0_1 x_0_2,((-6 add (n mul 3)) mul (x_0_1 add x_0_2)),"1, 0, 3, 18, 189, 2484, 40095, 766422, 16936857, 424878696, 11929019931, 370616958810, 12624017298453, 467806833261468, 18736803171836919, 806593620214132254, 37139869052368612785, 1821430208283971761872, 94787073944153359107507, 5216859224231615866946466"
A158403,add sqr mul n sub sqr INT- 6 INT+ 7 add n n,(((n mul ((-6)**2 sub 7)))**2 add (n add n)),"843, 3368, 7575, 13464, 21035, 30288, 41223, 53840, 68139, 84120, 101783, 121128, 142155, 164864, 189255, 215328, 243083, 272520, 303639, 336440, 370923, 407088, 444935, 484464, 525675, 568568, 613143, 659400, 707339, 756960, 808263, 861248"
A005425,add x_0_1 add x_0_1 mul x_0_2 sub n INT+ 2,(x_0_1 add (x_0_1 add (x_0_2 mul (n sub 2)))),"1, 2, 5, 14, 43, 142, 499, 1850, 7193, 29186, 123109, 538078, 2430355, 11317646, 54229907, 266906858, 1347262321, 6965034370, 36833528197, 199037675054, 1097912385851, 6176578272782, 35409316648435, 206703355298074, 1227820993510153, 7416522514174082"
A078053,mul INT- 2 sub sub x_0_1 x_0_2 x_0_3,(-2 mul ((x_0_1 sub x_0_2) sub x_0_3)),"1, -3, 8, -20, 50, -124, 308, -764, 1896, -4704, 11672, -28960, 71856, -178288, 442368, -1097600, 2723360, -6757184, 16765888, -41599424, 103216256, -256099584, 635432832, -1576632320, 3911931136, -9706261248, 24083120128, -59754900480, 148263518720, -367870598144"
A180735,sub mul x_0_3 INT- 2 x_0_4,((x_0_3 mul -2) sub x_0_4),"1, 1, -1, -3, -3, 1, 7, 9, 1, -15, -25, -11, 29, 65, 47, -47, -159, -159, 47, 365, 477, 65, -777, -1319, -607, 1489, 3415, 2533, -2371, -8319, -8481, 2209, 19009, 25281, 4063, -40227, -69571, -33407, 76391, 179369, 136385"
A232801,add mul INT+ 3 x_0_2 mod n INT+ 2,((3 mul x_0_2) add (n mod 2)),"0, 1, 1, 3, 4, 9, 13, 27, 40, 81, 121, 243, 364, 729, 1093, 2187, 3280, 6561, 9841, 19683, 29524, 59049, 88573, 177147, 265720, 531441, 797161, 1594323, 2391484, 4782969, 7174453, 14348907, 21523360, 43046721, 64570081, 129140163, 193710244, 387420489"
A099942,sub sub mul INT+ 3 x_0_2 x_0_4 x_0_4,(((3 mul x_0_2) sub x_0_4) sub x_0_4),"1, 2, 4, 8, 10, 20, 22, 44, 46, 92, 94, 188, 190, 380, 382, 764, 766, 1532, 1534, 3068, 3070, 6140, 6142, 12284, 12286, 24572, 24574, 49148, 49150, 98300, 98302, 196604, 196606, 393212, 393214, 786428, 786430, 1572860, 1572862, 3145724, 3145726"
A057711,mul INT+ 4 sub x_0_1 mul x_0_2 sign x_0_4,(4 mul (x_0_1 sub (x_0_2 mul sign(x_0_4)))),"0, 1, 2, 6, 16, 40, 96, 224, 512, 1152, 2560, 5632, 12288, 26624, 57344, 122880, 262144, 557056, 1179648, 2490368, 5242880, 11010048, 23068672, 48234496, 100663296, 209715200, 436207616, 905969664, 1879048192, 3892314112, 8053063680"
A073358,mul sub x_0_1 x_0_3 INT+ 2,((x_0_1 sub x_0_3) mul 2),"0, -1, -1, -2, -2, -2, 0, 4, 12, 24, 40, 56, 64, 48, -16, -160, -416, -800, -1280, -1728, -1856, -1152, 1152, 6016, 14336, 26368, 40704, 52736, 52736, 24064, -57344, -220160, -488448, -862208, -1284096, -1591296, -1458176, -348160"
A229788,sub add x_0_1 sub x_0_1 sub n sqr n INT+ 2,((x_0_1 add (x_0_1 sub (n sub (n)**2))) sub 2),"0, 0, 4, 18, 54, 136, 312, 678, 1426, 2940, 5988, 12106, 24366, 48912, 98032, 196302, 392874, 786052, 1572444, 3145266, 6290950, 12582360, 25165224, 50330998, 100662594, 201325836, 402652372, 805305498, 1610611806, 3221224480, 6442449888"
A192968,add x_0_1 add sub x_0_1 x_0_3 add n INT- 3,(x_0_1 add ((x_0_1 sub x_0_3) add (n add -3))),"0, 1, 1, 3, 7, 16, 33, 64, 118, 210, 364, 619, 1038, 1723, 2839, 4653, 7597, 12370, 20103, 32626, 52900, 85716, 138826, 224773, 363852, 588901, 953053, 1542279, 2495683, 4038340, 6534429, 10573204, 17108098, 27681798, 44790424, 72472783"
A097350,add x_0_1 add x_0_2 mul idiv INT+ 1 0 x_0_3 add n n,(x_0_1 add (x_0_2 add ((10 idiv x_0_3) mul (n add n)))),"2, 3, 6, 49"
A057581,add x_0_1 mul x_0_2 sub INT+ 5 sign x_0_3,(x_0_1 add (x_0_2 mul (5 sub sign(x_0_3)))),"2, 3, 6, 18, 42"
A031760,add n sqr mul n sub mul INT- 1 0 INT- 4 INT- 1,(n add ((n mul ((-10 mul -4) sub -1)))**2),"1682, 6726, 15132, 26900, 42030, 60522, 82376, 107592, 136170, 168110, 203412, 242076, 284102, 329490, 378240, 430352, 485826, 544662, 606860, 672420, 741342, 813626, 889272, 968280, 1050650, 1136382, 1225476, 1317932, 1413750, 1512930"
A002415,add x_0_1 add sub x_0_1 x_0_2 sqr sub n INT+ 2,(x_0_1 add ((x_0_1 sub x_0_2) add ((n sub 2))**2)),"0, 0, 1, 6, 20, 50, 105, 196, 336, 540, 825, 1210, 1716, 2366, 3185, 4200, 5440, 6936, 8721, 10830, 13300, 16170, 19481, 23276, 27600, 32500, 38025, 44226, 51156, 58870, 67425, 76880, 87296, 98736, 111265, 124950, 139860, 156066, 173641, 192660, 213200, 235340"
A232582,add x_0_1 sub x_0_1 sub x_0_2 x_0_3,(x_0_1 add (x_0_1 sub (x_0_2 sub x_0_3))),"0, 2, 4, 6, 10, 18, 32, 56, 98, 172, 302, 530, 930, 1632, 2864, 5026, 8820, 15478, 27162, 47666, 83648, 146792, 257602, 452060, 793310, 1392162, 2443074, 4287296, 7523680, 13203138, 23169892, 40660326, 71353898, 125217362, 219741152, 385618840"
A131056,sub mul INT+ 4 sub x_0_1 x_0_2 idiv INT- 1 x_0_3,((4 mul (x_0_1 sub x_0_2)) sub (-1 idiv x_0_3)),"1, 3, 7, 17, 41, 97, 225, 513, 1153, 2561, 5633, 12289, 26625, 57345, 122881, 262145, 557057, 1179649, 2490369, 5242881, 11010049, 23068673, 48234497, 100663297, 209715201, 436207617, 905969665"
A323397,add x_0_1 sub mul INT+ 4 sub x_0_1 x_0_2 INT+ 5,(x_0_1 add ((4 mul (x_0_1 sub x_0_2)) sub 5)),"0, 2, 5, 12, 35, 122, 465, 1832, 7295, 29142, 116525, 466052, 1864155, 7456562, 29826185, 119304672, 477218615, 1908874382, 7635497445, 30541989692, 122167958675, 488671834602, 1954687338305, 7818749353112, 31274997412335, 125099989649222, 500399958596765"
A068000,mul INT+ 3 add x_0_1 sub x_0_2 x_0_3,(3 mul (x_0_1 add (x_0_2 sub x_0_3))),"1, 2, 5, 18, 63"
A180031,sub mul x_0_1 INT+ 5 mul INT- 8 x_0_2,((x_0_1 mul 5) sub (-8 mul x_0_2)),"1, 8, 48, 304, 1904, 11952, 74992, 470576, 2952816, 18528688, 116265968, 729559344, 4577924464, 28726097072, 180253881072, 1131078181936, 7097421958256, 44535735246768, 279458051899888, 1753576141473584"
A244804,add n mul INT+ 6 mul sqr sub n sign x_0_2 INT+ 2,(n add (6 mul (((n sub sign(x_0_2)))**2 mul 2))),"1, 14, 51, 112, 197, 306, 439, 596, 777, 982, 1211, 1464, 1741, 2042, 2367, 2716, 3089, 3486, 3907, 4352, 4821, 5314, 5831, 6372, 6937, 7526, 8139, 8776, 9437, 10122, 10831, 11564, 12321, 13102, 13907, 14736, 15589, 16466, 17367, 18292, 19241, 20214, 21211, 22232, 23277, 24346, 25439"
A258402,sub sub sub sub sqr mul n n n n add INT- 3 n n,((((((n mul n))**2 sub n) sub n) sub (-3 add n)) sub n),"0, 11, 72, 243, 608, 1275, 2376, 4067, 6528, 9963, 14600, 20691, 28512, 38363, 50568, 65475, 83456, 104907, 130248, 159923, 194400, 234171, 279752, 331683, 390528, 456875, 531336, 614547, 707168, 809883, 923400, 1048451, 1185792, 1336203, 1500488, 1679475"
A344236,add x_0_2 mul INT+ 4 add x_0_3 x_0_2,(x_0_2 add (4 mul (x_0_3 add x_0_2))),"0, 1, 2, 5, 14, 33, 90, 221, 582, 1465, 3794, 9653, 24830, 63441, 162762, 416525, 1067574, 2733673, 7003970, 17938661, 45954542, 117709185, 301527354, 772364093, 1978473510, 5067929881, 12981823922, 33253543445, 85180839134, 218195012913, 558918369450"
A283353,add add add x_0_1 INT+ 6 x_0_2 mul x_0_2 sign x_0_3,(((x_0_1 add 6) add x_0_2) add (x_0_2 mul sign(x_0_3))),"1, 2, 4, 14, 28, 62, 124, 254, 508, 1022, 2044, 4094, 8188, 16382, 32764, 65534, 131068, 262142, 524284, 1048574, 2097148, 4194302, 8388604, 16777214, 33554428, 67108862, 134217724, 268435454, 536870908, 1073741822, 2147483644, 4294967294, 8589934588"
A147656,add x_0_1 add mul INT+ 3 sqr sub n sign n sign n,(x_0_1 add ((3 mul ((n sub sign(n)))**2) add sign(n))),"0, 4, 17, 45, 94, 170, 279, 427, 620, 864, 1165, 1529, 1962, 2470, 3059, 3735, 4504, 5372, 6345, 7429, 8630, 9954, 11407, 12995, 14724, 16600, 18629, 20817, 23170, 25694, 28395, 31279, 34352, 37620, 41089, 44765, 48654, 52762, 57095, 61659"
A064043,mul add n sub sqr n INT+ 3 sub n sign x_0_1,((n add ((n)**2 sub 3)) mul (n sub sign(x_0_1))),"0, 3, 18, 51, 108, 195, 318, 483, 696, 963, 1290, 1683, 2148, 2691, 3318, 4035, 4848, 5763, 6786, 7923, 9180, 10563, 12078, 13731, 15528, 17475, 19578, 21843, 24276, 26883, 29670, 32643, 35808, 39171, 42738, 46515, 50508, 54723, 59166, 63843"
A206917,mul INT+ 8 idiv x_0_2 sign x_0_4,(8 mul (x_0_2 idiv sign(x_0_4))),"0, 1, 3, 12, 24, 96, 192, 768, 1536, 6144, 12288, 49152, 98304, 393216, 786432, 3145728, 6291456, 25165824, 50331648, 201326592, 402653184, 1610612736, 3221225472, 12884901888, 25769803776, 103079215104, 206158430208, 824633720832, 1649267441664, 6597069766656"
A001648,add x_0_1 sub x_0_1 x_0_5,(x_0_1 add (x_0_1 sub x_0_5)),"1, 3, 7, 15, 26, 51, 99, 191, 367, 708, 1365, 2631, 5071, 9775, 18842, 36319, 70007, 134943, 260111, 501380, 966441, 1862875, 3590807, 6921503, 13341626, 25716811, 49570747, 95550687, 184179871, 355018116, 684319421, 1319068095, 2542585503, 4900991135"
A280931,add x_0_2 add x_0_1 mul idiv INT+ 1 0 x_0_1 mul n n,(x_0_2 add (x_0_1 add ((10 idiv x_0_1) mul (n mul n)))),"34, 62, 96, 158, 254, 412, 666, 1078, 1744, 2822, 4566, 7388, 11954, 19342, 31296, 50638, 81934, 132572, 214506, 347078, 561584, 908662, 1470246, 2378908, 3849154, 6228062, 10077216, 16305278, 26382494, 42687772, 69070266, 111758038, 180828304, 292586342"
A283709,mul INT+ 2 add x_0_1 sign add n x_0_6,(2 mul (x_0_1 add sign((n add x_0_6)))),"1, 0, 7, 13, 30, 62, 126, 254, 510, 1022, 2046, 4094, 8190, 16382, 32766, 65534, 131070, 262142, 524286, 1048574, 2097150, 4194302, 8388606, 16777214, 33554430, 67108862, 134217726, 268435454, 536870910, 1073741822, 2147483646, 4294967294, 8589934590"
A283591,mul INT+ 2 add sign x_0_4 x_0_1,(2 mul (sign(x_0_4) add x_0_1)),"1, 0, 5, 14, 30, 62, 126, 254, 510, 1022, 2046, 4094, 8190, 16382, 32766, 65534, 131070, 262142, 524286, 1048574, 2097150, 4194302, 8388606, 16777214, 33554430, 67108862, 134217726, 268435454, 536870910, 1073741822, 2147483646, 4294967294, 8589934590"
A290198,mul INT+ 2 add x_0_1 sign add n x_0_6,(2 mul (x_0_1 add sign((n add x_0_6)))),"1, 2, 5, 13, 30, 62, 126, 254, 510, 1022, 2046, 4094, 8190, 16382, 32766, 65534, 131070, 262142, 524286, 1048574, 2097150, 4194302, 8388606, 16777214, 33554430, 67108862, 134217726, 268435454, 536870910, 1073741822, 2147483646, 4294967294, 8589934590"
A077988,mul sub x_0_1 x_0_3 INT- 2,((x_0_1 sub x_0_3) mul -2),"1, -2, 4, -6, 8, -8, 4, 8, -32, 72, -128, 192, -240, 224, -64, -352, 1152, -2432, 4160, -6016, 7168, -6016, 0, 14336, -40704, 81408, -134144, 186880, -210944, 153600, 66560, -555008, 1417216, -2701312, 4292608, -5750784, 6098944, -3612672, -4276224, 20750336, -48726016, 88899584"
A296964,mul sub x_0_1 INT- 1 sub n sign x_0_3,((x_0_1 sub -1) mul (n sub sign(x_0_3))),"0, 1, 2, 9, 40, 205, 1236, 8659, 69280, 623529, 6235300, 68588311, 823059744, 10699776685, 149796873604, 2246953104075, 35951249665216, 611171244308689, 11001082397556420, 209020565553571999, 4180411311071440000, 87788637532500240021, 1931350025715005280484, 44421050591445121451155"
A305459,add x_0_2 mul mul INT+ 3 x_0_1 add n INT- 1,(x_0_2 add ((3 mul x_0_1) mul (n add -1))),"1, 3, 19, 174, 2107, 31779, 574129, 12088488, 290697841, 7860930195, 236118603691, 7799774851998, 281028013275619, 10967892292601139, 460932504302523457, 20752930585906156704, 996601600627798045249, 50847434562603606464403"
A122391,add x_0_1 mul x_0_1 sign x_0_4,(x_0_1 add (x_0_1 mul sign(x_0_4))),"1, 1, 1, 3, 6, 12, 24, 48, 96, 192, 384, 768, 1536, 3072, 6144, 12288, 24576, 49152, 98304, 196608, 393216, 786432, 1572864, 3145728, 6291456, 12582912, 25165824, 50331648, 100663296, 201326592"
A152450,sub mul INT+ 1 0 x_0_2 x_0_4,((10 mul x_0_2) sub x_0_4),"1, 1, 4, 7, 39, 69, 386, 683, 3821, 6761, 37824, 66927, 374419, 662509, 3706366, 6558163, 36689241, 64919121, 363186044, 642633047, 3595171199, 6361411349, 35588525946, 62971480443, 352290088261, 623353393081, 3487312356664"
A230216,add add x_0_1 x_0_2 mul x_0_3 sign x_0_6,((x_0_1 add x_0_2) add (x_0_3 mul sign(x_0_6))),"1, 2, 4, 8, 16, 32, 56, 104, 192, 352, 648, 1192, 2192, 4032, 7416, 13640, 25088, 46144, 84872, 156104, 287120, 528096, 971320, 1786536, 3285952, 6043808, 11116296, 20446056, 37606160, 69168512, 127220728, 233995400, 430384640, 791600768, 1455980808"
A104862,add x_0_1 sub x_0_1 add x_0_4 x_0_2,(x_0_1 add (x_0_1 sub (x_0_4 add x_0_2))),"0, 1, 1, 1, 1, 0, -2, -5, -9, -13, -15, -12, 0, 25, 65, 117, 169, 196, 158, 3, -321, -841, -1519, -2200, -2560, -2079, -79, 4121, 10881, 19720, 28638, 33435, 27351, 1547, -52895, -140772, -256000, -372775, -436655, -359763, -26871"
A257042,mul sqr add n INT- 1 add add add n n n INT+ 4,(((n add -1))**2 mul (((n add n) add n) add 4)),"0, 10, 52, 144, 304, 550, 900, 1372, 1984, 2754, 3700, 4840, 6192, 7774, 9604, 11700, 14080, 16762, 19764, 23104, 26800, 30870, 35332, 40204, 45504, 51250, 57460, 64152, 71344, 79054, 87300, 96100, 105472, 115434, 126004, 137200, 149040, 161542, 174724"
A074048,add x_0_1 sub x_0_1 x_0_6,(x_0_1 add (x_0_1 sub x_0_6)),"5, 1, 3, 7, 15, 31, 57, 113, 223, 439, 863, 1695, 3333, 6553, 12883, 25327, 49791, 97887, 192441, 378329, 743775, 1462223, 2874655, 5651423, 11110405, 21842481, 42941187, 84420151, 165965647, 326279871, 641449337, 1261056193, 2479171199, 4873922247"
A090042,add x_0_1 add add x_0_1 x_0_2 mul INT+ 1 0 x_0_2,(x_0_1 add ((x_0_1 add x_0_2) add (10 mul x_0_2))),"1, 1, 13, 37, 217, 841, 4069, 17389, 79537, 350353, 1575613, 7005109, 31341961, 139740121, 624241813, 2785624957, 12437909857, 55517694241, 247852396909, 1106399430469, 4939175226937, 22048744189033, 98428415874373, 439393017828109, 1961498610274321, 8756320416657841"
A084085,sub mul INT+ 3 x_0_1 sub x_0_2 x_0_4,((3 mul x_0_1) sub (x_0_2 sub x_0_4)),"1, 2, 5, 14, 38, 102, 273, 731, 1958, 5245, 14050, 37636, 100816, 270057, 723405, 1937794, 5190793, 13904642, 37246538, 99772766, 267262553, 715919535, 1917742590, 5137081001, 13760762966, 36861127432, 98740361920, 264497039329"
A277976,add x_0_1 sub x_0_1 sub x_0_2 INT+ 6,(x_0_1 add (x_0_1 sub (x_0_2 sub 6))),"0, 26, 58, 96, 140, 190, 246, 308, 376, 450, 530, 616, 708, 806, 910, 1020, 1136, 1258, 1386, 1520, 1660, 1806, 1958, 2116, 2280, 2450, 2626, 2808, 2996, 3190, 3390, 3596, 3808, 4026, 4250, 4480, 4716, 4958, 5206, 5460, 5720, 5986, 6258, 6536"
A006348,mul add x_0_1 x_0_2 add n sign n,((x_0_1 add x_0_2) mul (n add sign(n))),"0, 1, 4, 25, 174, 1393, 12536, 125361, 1378970, 16547641, 215119332, 3011670649, 45175059734, 722800955745, 12287616247664, 221177092457953, 4202364756701106, 84047295134022121, 1764993197814464540, 38829850351918219881, 893086558094119057262"
A265278,add add add x_0_1 x_0_2 INT+ 2 mul x_0_1 sign x_0_6,(((x_0_1 add x_0_2) add 2) add (x_0_1 mul sign(x_0_6))),"0, 1, 2, 6, 16, 40, 98, 238, 576, 1392, 3362, 8118, 19600, 47320, 114242, 275806, 665856, 1607520, 3880898, 9369318, 22619536, 54608392, 131836322, 318281038, 768398400, 1855077840, 4478554082, 10812186006, 26102926096, 63018038200, 152139002498, 367296043198"
A272073,sub mul x_0_2 INT+ 4 x_0_4,((x_0_2 mul 4) sub x_0_4),"3, 6, 15, 24, 57, 90, 213, 336, 795, 1254, 2967, 4680, 11073, 17466, 41325, 65184, 154227, 243270, 575583, 907896, 2148105, 3388314, 8016837, 12645360, 29919243, 47193126, 111660135, 176127144, 416721297, 657315450, 1555225053, 2453134656, 5804178915"
A168583,add mul INT+ 6 sub x_0_1 x_0_2 sub INT+ 2 x_0_1,((6 mul (x_0_1 sub x_0_2)) add (2 sub x_0_1)),"1, 4, 16, 58, 196, 634, 1996, 6178, 18916, 57514, 174076, 525298, 1582036, 4758394, 14299756, 42948418, 128943556, 387027274, 1161475036, 3485211538, 10457207476, 31374768154, 94130595916, 282404370658, 847238277796, 2541765165034, 7625396158396"
A287439,mul INT+ 2 add x_0_3 x_0_2,(2 mul (x_0_3 add x_0_2)),"2, 4, 7, 12, 22, 38, 68, 120, 212, 376, 664, 1176, 2080, 3680, 6512, 11520, 20384, 36064, 63808, 112896, 199744, 353408, 625280, 1106304, 1957376, 3463168, 6127360, 10841088, 19181056, 33936896, 60044288, 106235904, 187962368, 332560384, 588396544"
A107377,sub mul INT+ 5 sub x_0_1 x_0_3 x_0_4,((5 mul (x_0_1 sub x_0_3)) sub x_0_4),"0, 1, 1, 2, 5, 19, 84, 393, 1865, 8886, 42381, 202187, 964640, 4602409, 21958729, 104768258, 499864605, 2384926971, 11378834836, 54290082897, 259025915025, 1235850473974, 5896423120549, 28132695944723, 134225201438720"
A213611,add add x_0_1 x_0_5 add x_0_5 x_0_5,((x_0_1 add x_0_5) add (x_0_5 add x_0_5)),"1, 0, 1, 3, 2, 5"
A180516,add x_0_1 mul INT+ 4 sub x_0_3 x_0_4,(x_0_1 add (4 mul (x_0_3 sub x_0_4))),"0, 1, 2, 3, 7, 11, 15, 31, 47, 63, 127, 191, 255, 511, 767, 1023, 2047, 3071, 4095, 8191, 12287, 16383, 32767, 49151, 65535, 131071, 196607, 262143, 524287, 786431, 1048575, 2097151, 3145727, 4194303, 8388607, 12582911, 16777215, 33554431, 50331647, 67108863, 134217727, 201326591, 268435455, 536870911, 805306367, 1073741823, 2147483647, 3221225471"
A052540,add x_0_1 sub add x_0_1 x_0_3 x_0_4,(x_0_1 add ((x_0_1 add x_0_3) sub x_0_4)),"1, 1, 2, 5, 10, 21, 45, 95, 201, 426, 902, 1910, 4045, 8566, 18140, 38415, 81351, 172276, 364827, 772590, 1636105, 3464761, 7337285, 15538085, 32904826, 69682176, 147565152, 312497045, 661771440, 1401425856, 2967783605, 6284841605, 13309337626, 28185033001, 59687124002, 126398744025"
A018921,add x_0_1 sub x_0_1 x_0_4,(x_0_1 add (x_0_1 sub x_0_4)),"4, 8, 15, 28, 52, 96, 177, 326, 600, 1104, 2031, 3736, 6872, 12640, 23249, 42762, 78652, 144664, 266079, 489396, 900140, 1655616, 3045153, 5600910, 10301680, 18947744, 34850335, 64099760, 117897840, 216847936, 398845537, 733591314, 1349284788, 2481721640"
A361272,add sub x_0_1 sub x_0_3 x_0_2 add n INT- 2,((x_0_1 sub (x_0_3 sub x_0_2)) add (n add -2)),"1, 1, 1, 3, 6, 12, 20, 32, 47, 67, 91, 121, 156, 198, 246, 302, 365, 437, 517, 607, 706, 816, 936, 1068, 1211, 1367, 1535, 1717, 1912, 2122, 2346, 2586, 2841, 3113, 3401, 3707, 4030, 4372, 4732, 5112, 5511, 5931, 6371, 6833, 7316, 7822, 8350, 8902, 9477, 10077"
A272776,mul x_0_5 add INT+ 1 0 sign x_0_6,(x_0_5 mul (10 add sign(x_0_6))),"1, 2, 3, 5, 6, 9, 22, 33"
A022269,add sub x_0_1 sub x_0_2 x_0_1 sub INT+ 1 0 INT- 1,((x_0_1 sub (x_0_2 sub x_0_1)) add (10 sub -1)),"0, 6, 23, 51, 90, 140, 201, 273, 356, 450, 555, 671, 798, 936, 1085, 1245, 1416, 1598, 1791, 1995, 2210, 2436, 2673, 2921, 3180, 3450, 3731, 4023, 4326, 4640, 4965, 5301, 5648, 6006, 6375, 6755, 7146, 7548, 7961, 8385, 8820, 9266, 9723, 10191, 10670, 11160"
A180143,sub mul INT+ 3 add x_0_1 x_0_2 sub x_0_2 INT+ 2,((3 mul (x_0_1 add x_0_2)) sub (x_0_2 sub 2)),"1, 4, 16, 58, 208, 742, 2644, 9418, 33544, 119470, 425500, 1515442, 5397328, 19222870, 68463268, 243835546, 868433176, 3092970622, 11015778220, 39233275906, 139731384160, 497660704294, 1772444881204, 6312656052202"
A070338,sub x_0_1 sub x_0_5 x_0_6,(x_0_1 sub (x_0_5 sub x_0_6)),"1, 2, 4, 8, 16, 32, 31, 29, 25, 17, 1, 2, 4, 8, 16, 32, 31, 29, 25, 17, 1, 2, 4, 8, 16, 32, 31, 29, 25, 17, 1, 2, 4, 8, 16, 32, 31, 29, 25, 17, 1, 2, 4, 8, 16, 32, 31, 29, 25, 17, 1, 2, 4, 8, 16, 32, 31, 29, 25, 17, 1, 2, 4, 8, 16, 32, 31, 29, 25, 17, 1, 2, 4, 8"
A271553,mul INT+ 8 sub x_0_1 x_0_4,(8 mul (x_0_1 sub x_0_4)),"1, 2, 4, 9, 64"
A283350,add add add x_0_1 INT+ 1 0 x_0_2 mul sign x_0_6 x_0_2,(((x_0_1 add 10) add x_0_2) add (sign(x_0_6) mul x_0_2)),"1, 0, 6, 8, 14, 24, 62, 120, 254, 504, 1022, 2040, 4094, 8184, 16382, 32760, 65534, 131064, 262142, 524280, 1048574, 2097144, 4194302, 8388600, 16777214, 33554424, 67108862, 134217720, 268435454, 536870904, 1073741822, 2147483640, 4294967294, 8589934584"
A052910,add add x_0_1 x_0_3 mul x_0_1 sign mod x_0_5 n,((x_0_1 add x_0_3) add (x_0_1 mul sign((x_0_5 mod n)))),"1, 2, 4, 8, 18, 40, 88, 194, 428, 944, 2082, 4592, 10128, 22338, 49268, 108664, 239666, 528600, 1165864, 2571394, 5671388, 12508640, 27588674, 60848736, 134206112, 296000898, 652850532, 1439907176, 3175815250, 7004481032"
A289947,add x_0_1 add sub x_0_1 n add mul n INT+ 1 0 add INT+ 4 n,(x_0_1 add ((x_0_1 sub n) add ((n mul 10) add (4 add n)))),"5, 34, 102"
A116731,sub mul INT+ 2 add x_0_1 sub n INT+ 2 x_0_2,((2 mul (x_0_1 add (n sub 2))) sub x_0_2),"1, 2, 5, 12, 25, 46, 77, 120, 177, 250, 341, 452, 585, 742, 925, 1136, 1377, 1650, 1957, 2300, 2681, 3102, 3565, 4072, 4625, 5226, 5877, 6580, 7337, 8150, 9021, 9952, 10945, 12002, 13125, 14316, 15577, 16910, 18317, 19800, 21361, 23002, 24725, 26532"
A129939,add x_0_1 sub x_0_1 x_0_6,(x_0_1 add (x_0_1 sub x_0_6)),"12, 21, 3, 1, 19, 56, 100, 179, 355, 709, 1399, 2742, 5384, 10589, 20823, 40937, 80475, 158208, 311032, 611475, 1202127, 2363317, 4646159, 9134110, 17957188, 35302901, 69403675, 136444033, 268241907, 527349704, 1036742220, 2038181539, 4006959403, 7877474773"
A052986,add add mul x_0_1 INT+ 3 sub x_0_2 sign n x_0_2,(((x_0_1 mul 3) add (x_0_2 sub sign(n))) add x_0_2),"1, 2, 7, 24, 85, 302, 1075, 3828, 13633, 48554, 172927, 615888, 2193517, 7812326, 27824011, 99096684, 352938073, 1257007586, 4476898903, 15944711880, 56787933445, 202253224094, 720335539171, 2565513065700, 9137210275441, 32542656957722, 115902391424047"
A287798,add x_0_1 mul x_0_1 sign x_0_3,(x_0_1 add (x_0_1 mul sign(x_0_3))),"159, 6, 5, 10, 20, 40, 80, 160, 320, 640, 1280, 2560, 5120, 10240, 20480, 40960, 81920, 163840, 327680, 655360, 1310720, 2621440, 5242880, 10485760, 20971520, 41943040, 83886080, 167772160, 335544320, 671088640, 1342177280, 2684354560, 5368709120, 10737418240"
A083579,add add add x_0_1 x_0_2 n add x_0_2 INT- 3,(((x_0_1 add x_0_2) add n) add (x_0_2 add -3)),"0, 1, 1, 4, 8, 19, 39, 82, 166, 337, 677, 1360, 2724, 5455, 10915, 21838, 43682, 87373, 174753, 349516, 699040, 1398091, 2796191, 5592394, 11184798, 22369609, 44739229, 89478472, 178956956, 357913927, 715827867, 1431655750, 2863311514"
A204200,add mul INT+ 4 sub x_0_1 x_0_2 add x_0_3 x_0_2,((4 mul (x_0_1 sub x_0_2)) add (x_0_3 add x_0_2)),"1, 1, 2, 6, 19, 60, 189, 595, 1873, 5896, 18560, 58425, 183916, 578949, 1822473, 5736961, 18059374, 56849086, 178955183, 563332848, 1773314929, 5582216355, 17572253481, 55315679788, 174128175064, 548137914373, 1725482812088"
A133649,add add x_0_1 x_0_2 mul x_0_2 sign add n x_0_6,((x_0_1 add x_0_2) add (x_0_2 mul sign((n add x_0_6)))),"1, 4, 9, 19, 37, 75, 149, 299, 597, 1195, 2389, 4779, 9557, 19115, 38229, 76459, 152917, 305835, 611669, 1223339, 2446677, 4893355, 9786709, 19573419, 39146837, 78293675, 156587349, 313174699, 626349397, 1252698795, 2505397589, 5010795179, 10021590357, 20043180715"
A168297,add x_0_1 mul sub n INT+ 2 add add n n add n INT- 1,(x_0_1 add ((n sub 2) mul ((n add n) add (n add -1)))),"1, 1, 9, 31, 73, 141, 241, 379, 561, 793, 1081, 1431, 1849, 2341, 2913, 3571, 4321, 5169, 6121, 7183, 8361, 9661, 11089, 12651, 14353, 16201, 18201, 20359, 22681, 25173, 27841, 30691, 33729, 36961, 40393, 44031, 47881, 51949, 56241, 60763, 65521"
A006342,add mul INT+ 3 sub x_0_1 x_0_3 x_0_2,((3 mul (x_0_1 sub x_0_3)) add x_0_2),"1, 1, 4, 10, 31, 91, 274, 820, 2461, 7381, 22144, 66430, 199291, 597871, 1793614, 5380840, 16142521, 48427561, 145282684, 435848050, 1307544151, 3922632451, 11767897354, 35303692060, 105911076181, 317733228541, 953199685624, 2859599056870, 8578797170611"
A120893,sub mul INT+ 3 add x_0_1 x_0_2 x_0_3,((3 mul (x_0_1 add x_0_2)) sub x_0_3),"1, 1, 5, 17, 65, 241, 901, 3361, 12545, 46817, 174725, 652081, 2433601, 9082321, 33895685, 126500417, 472105985, 1761923521, 6575588101, 24540428881, 91586127425, 341804080817, 1275630195845, 4760716702561, 17767236614401"
A112832,add mul INT+ 4 sub x_0_1 x_0_3 x_0_4,((4 mul (x_0_1 sub x_0_3)) add x_0_4),"1, 2, 5, 17, 61, 226, 841, 3137, 11705, 43682, 163021, 608401, 2270581, 8473922, 31625105, 118026497, 440480881, 1643897026, 6135107221, 22896531857, 85451020205, 318907548962, 1190179175641, 4441809153601, 16577057438761"
A152929,add add x_0_1 x_0_2 mul idiv INT+ 1 0 add n n x_0_6,((x_0_1 add x_0_2) add ((10 idiv (n add n)) mul x_0_6)),"113, 176, 289, 465, 754, 1219, 1973, 3192, 5165, 8357, 13522, 21879, 35401, 57280, 92681, 149961, 242642, 392603, 635245, 1027848, 1663093, 2690941, 4354034, 7044975, 11399009, 18443984, 29842993, 48286977, 78129970, 126416947, 204546917, 330963864, 535510781, 866474645"
A318234,add add x_0_1 mul INT+ 4 x_0_2 sign add n add n add n x_0_5,((x_0_1 add (4 mul x_0_2)) add sign((n add (n add (n add x_0_5))))),"1, 1, 2, 5, 13, 34, 87"
A273109,mul x_0_1 mod INT+ 2 add n x_0_6,(x_0_1 mul (2 mod (n add x_0_6))),"1, 2, 4, 8, 12, 16, 32, 64, 128, 256, 512, 1024, 2048, 4096, 8192, 16384, 32768, 65536, 131072, 262144, 524288, 1048576, 2097152, 4194304, 8388608, 16777216, 33554432, 67108864, 134217728, 268435456, 536870912, 1073741824, 2147483648, 4294967296, 8589934592"
A290859,mul INT+ 4 mul x_0_2 sign x_0_6,(4 mul (x_0_2 mul sign(x_0_6))),"1, 2, 4, 8, 24, 48, 96, 192, 384, 768, 1536, 3072, 6144, 12288, 24576, 49152, 98304, 196608, 393216, 786432, 1572864, 3145728, 6291456, 12582912, 25165824, 50331648, 100663296, 201326592, 402653184, 805306368, 1610612736, 3221225472, 6442450944, 12884901888"
A026624,mul INT+ 2 add add x_0_1 n sub INT- 1 sign x_0_2,(2 mul ((x_0_1 add n) add (-1 sub sign(x_0_2)))),"1, 3, 8, 20, 46, 100, 210, 432, 878, 1772, 3562, 7144, 14310, 28644, 57314, 114656, 229342, 458716, 917466, 1834968, 3669974, 7339988, 14680018, 29360080, 58720206, 117440460, 234880970, 469761992, 939524038, 1879048132"
A274074,add mul x_0_2 INT+ 6 mul INT+ 5 x_0_1,((x_0_2 mul 6) add (5 mul x_0_1)),"2, 5, 37, 215, 1297, 7775, 46657, 279935, 1679617, 10077695, 60466177, 362797055, 2176782337, 13060694015, 78364164097, 470184984575, 2821109907457, 16926659444735, 101559956668417, 609359740010495, 3656158440062977, 21936950640377855, 131621703842267137"
A143763,mul sub x_0_1 sub n sign n sub x_0_1 sub n sign x_0_1,((x_0_1 sub (n sub sign(n))) mul (x_0_1 sub (n sub sign(x_0_1)))),"1, 0, 4, 1, 9, 16, 100, 8649, 74666881, 5575141774264384, 31082205803147712138788845611876, 966103517589229313003894215813508352493573272034098666228778225"
A293023,mul add x_0_1 INT+ 2 sub n sign x_0_5,((x_0_1 add 2) mul (n sub sign(x_0_5))),"0, 1, 2, 5, 12, 70"
A136863,mul INT+ 1 0 mul x_0_2 sign x_0_6,(10 mul (x_0_2 mul sign(x_0_6))),"0, 1, 10, 100, 1000, 1071, 10000, 10710, 100000, 107100, 1000000, 1071000, 10000000, 10710000, 100000000, 107100000, 1000000000, 1071000000, 10000000000, 10710000000, 100000000000, 107100000000, 1000000000000, 1071000000000, 10000000000000, 10710000000000, 100000000000000, 107100000000000"
A133462,add add x_0_1 mul INT+ 1 0 sub x_0_1 x_0_2 INT+ 3,((x_0_1 add (10 mul (x_0_1 sub x_0_2))) add 3),"1, 1, 4, 37, 370, 3703, 37036, 370369, 3703702, 37037035, 370370368, 3703703701, 37037037034, 370370370367, 3703703703700, 37037037037033, 370370370370366, 3703703703703699, 37037037037037032, 370370370370370365"
A133592,add x_0_1 add x_0_1 mul INT+ 6 x_0_2 sign x_0_3,(x_0_1 add (x_0_1 add (6 mul x_0_2))),"1, 2, 8, 28, 104, 376, 1376, 5008, 18272, 66592, 242816, 885184, 3227264, 11765632, 42894848, 156383488, 570136064, 2078573056, 7577962496, 27627363328, 100722501632, 367209183232, 1338753376256, 4880761851904, 17794043961344"
A015249,add add x_0_1 sub x_0_1 mul INT- 8 x_0_2 sign n,((x_0_1 add (x_0_1 sub (-8 mul x_0_2))) add sign(n)),"1, 3, 15, 55, 231, 903, 3655, 14535, 58311, 232903, 932295, 3727815, 14913991, 59650503, 238612935, 954429895, 3817763271, 15270965703, 61084037575, 244335800775, 977343902151, 3909374210503, 15637499638215"
A167375,sub mul INT+ 3 x_0_1 mul x_0_2 sign mod x_0_3 n,((3 mul x_0_1) sub (x_0_2 mul sign((x_0_3 mod n)))),"1, 3, 11, 30, 79, 207, 542, 1419, 3715, 9726, 25463, 66663, 174526, 456915, 1196219, 3131742, 8199007, 21465279, 56196830, 147125211, 385178803, 1008411198, 2640054791, 6911753175, 18095204734, 47373861027, 124026378347, 324705274014, 850089443695"
A024037,add add x_0_1 mul INT+ 4 sub x_0_1 x_0_2 INT+ 3,((x_0_1 add (4 mul (x_0_1 sub x_0_2))) add 3),"1, 3, 14, 61, 252, 1019, 4090, 16377, 65528, 262135, 1048566, 4194293, 16777204, 67108851, 268435442, 1073741809, 4294967280, 17179869167, 68719476718, 274877906925, 1099511627756"
A055842,add mul x_0_1 INT+ 5 idiv n sub x_0_1 x_0_2,((x_0_1 mul 5) add (n idiv (x_0_1 sub x_0_2))),"1, 3, 16, 80, 400, 2000, 10000, 50000, 250000, 1250000, 6250000, 31250000, 156250000, 781250000, 3906250000, 19531250000, 97656250000, 488281250000, 2441406250000, 12207031250000, 61035156250000, 305175781250000, 1525878906250000, 7629394531250000"
A167667,mul INT+ 4 sub x_0_1 mul x_0_2 sign x_0_3,(4 mul (x_0_1 sub (x_0_2 mul sign(x_0_3)))),"1, 3, 12, 36, 96, 240, 576, 1344, 3072, 6912, 15360, 33792, 73728, 159744, 344064, 737280, 1572864, 3342336, 7077888, 14942208, 31457280, 66060288, 138412032, 289406976, 603979776, 1258291200, 2617245696, 5435817984, 11274289152, 23353884672, 48318382080"
A161938,mul INT+ 2 add x_0_1 sub x_0_1 x_0_2,(2 mul (x_0_1 add (x_0_1 sub x_0_2))),"3, 8, 26, 88, 300, 1024, 3496, 11936, 40752, 139136, 475040, 1621888, 5537472, 18906112, 64549504, 220385792, 752444160, 2569005056, 8771131904, 29946517504, 102243806208, 349082189824, 1191841146880, 4069200207872"
A052932,add add x_0_1 sub x_0_1 x_0_5 x_0_4,((x_0_1 add (x_0_1 sub x_0_5)) add x_0_4),"1, 1, 2, 4, 9, 18, 37, 76, 157, 323, 665, 1369, 2819, 5804, 11950, 24604, 50658, 104301, 214748, 442150, 910354, 1874351, 3859149, 7945700, 16359604, 33683205, 69351208, 142788967, 293991838, 605307277, 1246282557, 2566002873"
A084508,add x_0_1 mul INT+ 3 sub x_0_1 sign x_0_3,(x_0_1 add (3 mul (x_0_1 sub sign(x_0_3)))),"0, 1, 3, 9, 33, 129, 513, 2049, 8193, 32769, 131073, 524289, 2097153, 8388609, 33554433, 134217729, 536870913, 2147483649, 8589934593, 34359738369, 137438953473, 549755813889, 2199023255553, 8796093022209, 35184372088833"
A097067,sub mul INT+ 4 sub x_0_1 x_0_2 sub INT+ 1 sign x_0_3,((4 mul (x_0_1 sub x_0_2)) sub (1 sub sign(x_0_3))),"1, 0, 1, 4, 12, 32, 80, 192, 448, 1024, 2304, 5120, 11264, 24576, 53248, 114688, 245760, 524288, 1114112, 2359296, 4980736, 10485760, 22020096, 46137344, 96468992, 201326592, 419430400, 872415232, 1811939328, 3758096384"
A131588,sub x_0_2 mul INT- 4 sub x_0_2 x_0_4,(x_0_2 sub (-4 mul (x_0_2 sub x_0_4))),"1, 1, 3, 7, 11, 31, 43, 127, 171, 511, 683, 2047, 2731, 8191, 10923, 32767, 43691, 131071, 174763, 524287, 699051, 2097151, 2796203, 8388607, 11184811, 33554431, 44739243, 134217727, 178956971, 536870911, 715827883, 2147483647, 2863311531"
A343291,add mul INT+ 4 sub x_0_1 x_0_2 add n INT- 3,((4 mul (x_0_1 sub x_0_2)) add (n add -3)),"1, 2, 4, 9, 22, 55, 136, 329, 778, 1803, 4108, 9229, 20494, 45071, 98320, 213009, 458770, 983059, 2097172, 4456469, 9437206, 19922967, 41943064, 88080409, 184549402, 385875995, 805306396, 1677721629, 3489660958, 7247757343, 15032385568, 31138512929, 64424509474"
A327425,sub mul add n n sub x_0_1 sign x_0_5 n,(((n add n) mul (x_0_1 sub sign(x_0_5))) sub n),"1, 1, 1, 2, 6, 54"
A166516,add mul INT+ 3 sub x_0_1 x_0_3 x_0_4,((3 mul (x_0_1 sub x_0_3)) add x_0_4),"1, 1, 2, 4, 10, 25, 65, 169, 442, 1156, 3026, 7921, 20737, 54289, 142130, 372100, 974170, 2550409, 6677057, 17480761, 45765226, 119814916, 313679522, 821223649, 2149991425, 5628750625, 14736260450, 38580030724, 101003831722"
A100284,add mul INT+ 5 sub x_0_1 x_0_3 x_0_2,((5 mul (x_0_1 sub x_0_3)) add x_0_2),"1, 1, 5, 21, 105, 521, 2605, 13021, 65105, 325521, 1627605, 8138021, 40690105, 203450521, 1017252605, 5086263021, 25431315105, 127156575521, 635782877605, 3178914388021, 15894571940105, 79472859700521, 397364298502605"
A242737,sub mul INT+ 6 mul x_0_2 n x_0_4,((6 mul (x_0_2 mul n)) sub x_0_4),"1, 1, 2, 4, 59"
A052971,mul INT+ 2 add x_0_1 sub x_0_3 x_0_4,(2 mul (x_0_1 add (x_0_3 sub x_0_4))),"1, 1, 2, 6, 12, 26, 60, 132, 292, 652, 1448, 3216, 7152, 15896, 35328, 78528, 174544, 387952, 862304, 1916640, 4260096, 9468896, 21046464, 46779840, 103977280, 231109696, 513686144, 1141767168, 2537799168, 5640751232, 12537664512"
A122685,mul x_0_2 mul sub n INT+ 2 sub n sign x_0_6,(x_0_2 mul ((n sub 2) mul (n sub sign(x_0_6)))),"1, 1, -2, 6, 0, 120, 0, 5040, 0, 362880, 0, 39916800, 0, 6227020800, 0, 1307674368000, 0, 355687428096000, 0, 121645100408832000, 0, 51090942171709440000, 0, 25852016738884976640000, 0, 15511210043330985984000000, 0, 10888869450418352160768000000, 0, 8841761993739701954543616000000"
A073314,mul INT+ 2 sub x_0_1 x_0_3,(2 mul (x_0_1 sub x_0_3)),"3, 2, 4, 2, 0, -8, -20, -40, -64, -88, -96, -64, 48, 288, 704, 1312, 2048, 2688, 2752, 1408, -2560, -10624, -24064, -43008, -64768, -81408, -76800, -24064, 114688, 382976, 814080, 1398784, 2031616, 2435072, 2072576, 81920, -4706304, -13557760"
A336819,add x_0_1 add x_0_1 sqr idiv INT- 1 0 add mul n n x_0_6,(x_0_1 add (x_0_1 add ((-10 idiv ((n mul n) add x_0_6)))**2)),"7, 15, 23, 31, 63, 127, 255, 511, 1023, 2047, 4095, 8191, 16383, 32767, 65535, 131071, 262143, 524287, 1048575, 2097151, 4194303, 8388607, 16777215, 33554431, 67108863, 134217727, 268435455, 536870911, 1073741823, 2147483647, 4294967295, 8589934591, 17179869183, 34359738367, 68719476735"
A282799,add mul INT+ 4 x_0_2 sub INT+ 2 mod n INT- 2,((4 mul x_0_2) add (2 sub (n mod -2))),"1, 0, 7, 2, 31, 10, 127, 42, 511, 170, 2047, 682, 8191, 2730, 32767, 10922, 131071, 43690, 524287, 174762, 2097151, 699050, 8388607, 2796202, 33554431, 11184810, 134217727, 44739242, 536870911, 178956970, 2147483647, 715827882, 8589934591, 2863311530"
A294119,mul INT+ 4 add x_0_1 mul x_0_2 sub n INT+ 2,(4 mul (x_0_1 add (x_0_2 mul (n sub 2)))),"1, 4, 20, 112, 688, 4544, 31936, 236800, 1841408, 14943232, 126063616, 1101983744, 9954734080, 92714156032, 888502796288, 8746003922944, 88294183469056, 912920984944640, 9655688415674368, 104353064578711552, 1151244577906098176, 12953223477921316864"
A147748,mul INT+ 5 sub x_0_1 mul x_0_2 sign x_0_3,(5 mul (x_0_1 sub (x_0_2 mul sign(x_0_3)))),"1, 2, 6, 20, 70, 250, 900, 3250, 11750, 42500, 153750, 556250, 2012500, 7281250, 26343750, 95312500, 344843750, 1247656250, 4514062500, 16332031250, 59089843750, 213789062500, 773496093750, 2798535156250, 10125195312500"
A197189,add mul x_0_1 INT+ 3 mul INT+ 5 x_0_2,((x_0_1 mul 3) add (5 mul x_0_2)),"1, 2, 11, 43, 184, 767, 3221, 13498, 56599, 237287, 994856, 4171003, 17487289, 73316882, 307387091, 1288745683, 5403172504, 22653245927, 94975600301, 398193030538, 1669457093119, 6999336432047, 29345294761736, 123032566445443, 515824173145009, 2162635351662242"
A335903,mul INT+ 4 sub x_0_1 mul x_0_2 sign add n x_0_6,(4 mul (x_0_1 sub (x_0_2 mul sign((n add x_0_6))))),"2, 6, 15, 37, 88, 204, 464, 1040, 2304, 5056, 11008, 23808, 51200, 109568, 233472, 495616, 1048576, 2211840, 4653056, 9764864, 20447232, 42729472, 89128960, 185597952, 385875968, 801112064, 1660944384, 3439329280, 7113539584, 14696841216, 30333206528, 62545461248, 128849018880, 265214230528, 545460846592"
A222469,sub mul x_0_1 add n INT- 1 add x_0_2 x_0_2,((x_0_1 mul (n add -1)) sub (x_0_2 add x_0_2)),"1, 1, 0, -2, -8, -36, -200, -1328, -10224, -89360, -873152, -9425952, -111365120, -1428894656, -19781794944, -293869134848, -4662342567680, -78672085380864, -1406772851720192, -26571340011921920, -528613254534998016"
A033136,add mul INT+ 9 x_0_1 mod add sign n x_0_2 INT+ 2,((9 mul x_0_1) add ((sign(n) add x_0_2) mod 2)),"1, 10, 90, 811, 7300, 65700, 591301, 5321710, 47895390, 431058511, 3879526600, 34915739400, 314241654601, 2828174891410, 25453574022690, 229082166204211, 2061739495837900, 18555655462541100, 167000899162869901, 1503008092465829110, 13527072832192461990"
A037490,add mul x_0_1 INT+ 5 sub sign n mod n INT- 2,((x_0_1 mul 5) add (sign(n) sub (n mod -2))),"2, 11, 57, 286, 1432, 7161, 35807, 179036, 895182, 4475911, 22379557, 111897786, 559488932, 2797444661, 13987223307, 69936116536, 349680582682, 1748402913411, 8742014567057, 43710072835286, 218550364176432, 1092751820882161"
A052936,mul INT+ 5 sub x_0_1 mul x_0_2 sign x_0_3,(5 mul (x_0_1 sub (x_0_2 mul sign(x_0_3)))),"1, 2, 7, 25, 90, 325, 1175, 4250, 15375, 55625, 201250, 728125, 2634375, 9531250, 34484375, 124765625, 451406250, 1633203125, 5908984375, 21378906250, 77349609375, 279853515625, 1012519531250, 3663330078125, 13254052734375"
A053536,mul INT+ 8 sub x_0_1 mul INT- 6 x_0_2,(8 mul (x_0_1 sub (-6 mul x_0_2))),"1, 8, 112, 1280, 15616, 186368, 2240512, 26869760, 322502656, 3869769728, 46438285312, 557255229440, 6687079530496, 80244887257088, 962938915520512, 11555265912504320, 138663195245019136, 1663958325760360448, 19967499977843802112, 239609999459247718400"
A103456,mod INT- 1 mul INT+ 1 0 add x_0_1 mod sign n x_0_1,(-1 mod (10 mul (x_0_1 add (sign(n) mod x_0_1)))),"1, 9, 99, 999, 9999, 99999, 999999, 9999999, 99999999, 999999999, 9999999999, 99999999999, 999999999999, 9999999999999, 99999999999999, 999999999999999, 9999999999999999, 99999999999999999, 999999999999999999"
